0 00000000 128 128
150 00000008 128 128
152 00000000 128 128
300 00000008 128 128
302 00000000 128 128
450 00002000 128 128
452 00000000 128 128
2200 00004000 128 128
2204 00000000 128 128
2236 00004000 128 128
2240 00000000 128 128
2272 00004000 128 128
2276 00000000 128 128
2308 00004000 128 128
2312 00000000 128 128
2344 00004000 128 128
2348 00000000 128 128
2380 00004000 128 128
2384 00000000 128 128
2616 00000040 128 128
2624 00000000 128 128
2686 00000010 128 128
2694 00000000 128 128
2756 00000010 128 128
2764 00000000 128 128
2826 00000010 128 128
2834 00000000 128 128
3236 00002000 128 128
3240 00000000 128 128
3952 00002000 128 128
3956 00000000 128 128
4268 00002000 128 128
4272 00000000 128 128
4584 00002000 128 128
4588 00000000 128 128
4900 00002000 128 128
4904 00000000 128 128
5216 00002000 128 128
5220 00000000 128 128
5532 00002000 128 128
5536 00000000 128 128
5848 00002000 128 128
5852 00000000 128 128
6164 00002000 128 128
6168 00000000 128 128
6480 00002000 128 128
6484 00000000 128 128
6796 00002000 128 128
6800 00000000 128 128
8612 00000000 128 128
