0 00000000 128 128
150 00000008 128 128
152 00000000 128 128
300 00000008 128 128
302 00000000 128 128
450 00002000 128 128
452 00000000 128 128
700 00000020 128 128
1600 00000000 128 128
1602 00000040 128 128
1650 00000000 128 128
1652 00000020 128 128
2552 00000000 128 128
2554 00000040 128 128
3454 00000000 128 128
3456 00000020 128 128
4356 00000000 128 128
4358 00000040 128 128
5258 00000000 128 128
5260 00000020 128 128
6160 00000000 128 128
6162 00000010 128 128
7062 00000000 128 128
7064 00000020 128 128
7964 00000000 128 128
7966 00000010 128 128
8866 00000000 128 128
8868 00000020 128 128
9768 00000000 128 128
9770 00000080 128 128
9834 00000000 128 128
9836 00000010 128 128
9860 00000000 128 128
9922 00004000 128 128
9926 00000000 128 128
9958 00004000 128 128
9962 00000000 128 128
9994 00004000 128 128
9998 00000000 128 128
10030 00004000 128 128
10034 00000000 128 128
10066 00004000 128 128
10070 00000000 128 128
10102 00004000 128 128
10106 00000000 128 128
10138 00004000 128 128
10142 00000000 128 128
10174 00004000 128 128
10178 00000000 128 128
10210 00004000 128 128
10214 00000000 128 128
10246 00004000 128 128
10250 00000000 128 128
10282 00004000 128 128
10286 00000000 128 128
10318 00004000 128 128
10322 00000000 128 128
10354 00004000 128 128
10358 00000000 128 128
10390 00004000 128 128
10394 00000000 128 128
10426 00004000 128 128
10430 00000000 128 128
10462 00004000 128 128
10466 00000000 128 128
10498 00004000 128 128
10502 00000000 128 128
10534 00004000 128 128
10538 00000000 128 128
10570 00004000 128 128
10574 00000000 128 128
10606 00004000 128 128
10610 00000000 128 128
10642 00004000 128 128
10646 00000000 128 128
10678 00004000 128 128
10682 00000000 128 128
10714 00004000 128 128
10718 00000000 128 128
10750 00004000 128 128
10754 00000000 128 128
10786 00004000 128 128
10790 00000000 128 128
10822 00004000 128 128
10826 00000000 128 128
10858 00004000 128 128
10862 00000000 128 128
10894 00004000 128 128
10898 00000000 128 128
10930 00004000 128 128
10934 00000000 128 128
10966 00004000 128 128
10970 00000000 128 128
11002 00004000 128 128
11006 00000000 128 128
11038 00004000 128 128
11042 00000000 128 128
11074 00004000 128 128
11078 00000000 128 128
11110 00004000 128 128
11114 00000000 128 128
11146 00004000 128 128
11150 00000000 128 128
11182 00004000 128 128
11186 00000000 128 128
11218 00004000 128 128
11222 00000000 128 128
11254 00004000 128 128
11258 00000000 128 128
11290 00004000 128 128
11294 00000000 128 128
11326 00004000 128 128
11330 00000000 128 128
11362 00004000 128 128
11366 00000000 128 128
11398 00004000 128 128
11402 00000000 128 128
11434 00004000 128 128
11438 00000000 128 128
11470 00004000 128 128
11474 00000000 128 128
11506 00004000 128 128
11510 00000000 128 128
11542 00004000 128 128
11546 00000000 128 128
11578 00004000 128 128
11582 00000000 128 128
11614 00004000 128 128
11618 00000000 128 128
11650 00004000 128 128
11654 00000000 128 128
11686 00004000 128 128
11690 00000000 128 128
11722 00004000 128 128
11726 00000000 128 128
11758 00004000 128 128
11762 00000000 128 128
11794 00004000 128 128
11798 00000000 128 128
11830 00004000 128 128
11834 00000000 128 128
11866 00004000 128 128
11870 00000000 128 128
11902 00004000 128 128
11906 00000000 128 128
11938 00004000 128 128
11942 00000000 128 128
11974 00004000 128 128
11978 00000000 128 128
12010 00004000 128 128
12014 00000000 128 128
12046 00004000 128 128
12050 00000000 128 128
12082 00004000 128 128
12086 00000000 128 128
12118 00004000 128 128
12122 00000000 128 128
12154 00004000 128 128
12158 00000000 128 128
12190 00004000 128 128
12194 00000000 128 128
12226 00004000 128 128
12230 00000000 128 128
12262 00004000 128 128
12266 00000000 128 128
12298 00004000 128 128
12302 00000000 128 128
12334 00004000 128 128
12338 00000000 128 128
12370 00004000 128 128
12374 00000000 128 128
12406 00004000 128 128
12410 00000000 128 128
12442 00004000 128 128
12446 00000000 128 128
12478 00004000 128 128
12482 00000000 128 128
12514 00004000 128 128
12518 00000000 128 128
12550 00004000 128 128
12554 00000000 128 128
12586 00004000 128 128
12590 00000000 128 128
12622 00004000 128 128
12626 00000000 128 128
12658 00004000 128 128
12662 00000000 128 128
12694 00004000 128 128
12698 00000000 128 128
12730 00004000 128 128
12734 00000000 128 128
12766 00004000 128 128
12770 00000000 128 128
12802 00004000 128 128
12806 00000000 128 128
12838 00004000 128 128
12842 00000000 128 128
12874 00004000 128 128
12878 00000000 128 128
12910 00004000 128 128
12914 00000000 128 128
12946 00004000 128 128
12950 00000000 128 128
12982 00004000 128 128
12986 00000000 128 128
13018 00004000 128 128
13022 00000000 128 128
13054 00004000 128 128
13058 00000000 128 128
13090 00004000 128 128
13094 00000000 128 128
13126 00004000 128 128
13130 00000000 128 128
13162 00004000 128 128
13166 00000000 128 128
13198 00004000 128 128
13202 00000000 128 128
13234 00004000 128 128
13238 00000000 128 128
13270 00004000 128 128
13274 00000000 128 128
13306 00004000 128 128
13310 00000000 128 128
13342 00004000 128 128
13346 00000000 128 128
13378 00004000 128 128
13382 00000000 128 128
13414 00004000 128 128
13418 00000000 128 128
13450 00004000 128 128
13454 00000000 128 128
13486 00004000 128 128
13490 00000000 128 128
13522 00004000 128 128
13526 00000000 128 128
13558 00004000 128 128
13562 00000000 128 128
13594 00004000 128 128
13598 00000000 128 128
13630 00004000 128 128
13634 00000000 128 128
13666 00004000 128 128
13670 00000000 128 128
13702 00004000 128 128
13706 00000000 128 128
13738 00004000 128 128
13742 00000000 128 128
13774 00004000 128 128
13778 00000000 128 128
13810 00004000 128 128
13814 00000000 128 128
13846 00004000 128 128
13850 00000000 128 128
13882 00004000 128 128
13886 00000000 128 128
13918 00004000 128 128
13922 00000000 128 128
13954 00004000 128 128
13958 00000000 128 128
13990 00004000 128 128
13994 00000000 128 128
14026 00004000 128 128
14030 00000000 128 128
14062 00004000 128 128
14066 00000000 128 128
14098 00004000 128 128
14102 00000000 128 128
14134 00004000 128 128
14138 00000000 128 128
14170 00004000 128 128
14174 00000000 128 128
14206 00004000 128 128
14210 00000000 128 128
14242 00004000 128 128
14246 00000000 128 128
14278 00004000 128 128
14282 00000000 128 128
14314 00004000 128 128
14318 00000000 128 128
14350 00004000 128 128
14354 00000000 128 128
14386 00004000 128 128
14390 00000000 128 128
14422 00004000 128 128
14426 00000000 128 128
14458 00004000 128 128
14462 00000000 128 128
14494 00004000 128 128
14498 00000000 128 128
14530 00004000 128 128
14534 00000000 128 128
14566 00004000 128 128
14570 00000000 128 128
14602 00004000 128 128
14606 00000000 128 128
14638 00004000 128 128
14642 00000000 128 128
14674 00004000 128 128
14678 00000000 128 128
14710 00004000 128 128
14714 00000000 128 128
14746 00004000 128 128
14750 00000000 128 128
14782 00004000 128 128
14786 00000000 128 128
14818 00004000 128 128
14822 00000000 128 128
14854 00004000 128 128
14858 00000000 128 128
14890 00004000 128 128
14894 00000000 128 128
14926 00004000 128 128
14930 00000000 128 128
14962 00004000 128 128
14966 00000000 128 128
14998 00004000 128 128
15002 00000000 128 128
15034 00004000 128 128
15038 00000000 128 128
15070 00004000 128 128
15074 00000000 128 128
15106 00004000 128 128
15110 00000000 128 128
15142 00004000 128 128
15146 00000000 128 128
15178 00004000 128 128
15182 00000000 128 128
15214 00004000 128 128
15218 00000000 128 128
15250 00004000 128 128
15254 00000000 128 128
15286 00004000 128 128
15290 00000000 128 128
15322 00004000 128 128
15326 00000000 128 128
15358 00004000 128 128
15362 00000000 128 128
15394 00004000 128 128
15398 00000000 128 128
15430 00004000 128 128
15434 00000000 128 128
15466 00004000 128 128
15470 00000000 128 128
15502 00004000 128 128
15506 00000000 128 128
15538 00004000 128 128
15542 00000000 128 128
15574 00004000 128 128
15578 00000000 128 128
15610 00004000 128 128
15614 00000000 128 128
15646 00004000 128 128
15650 00000000 128 128
15682 00004000 128 128
15686 00000000 128 128
15718 00004000 128 128
15722 00000000 128 128
15754 00004000 128 128
15758 00000000 128 128
15790 00004000 128 128
15794 00000000 128 128
15826 00004000 128 128
15830 00000000 128 128
15862 00004000 128 128
15866 00000000 128 128
15898 00004000 128 128
15902 00000000 128 128
15934 00004000 128 128
15938 00000000 128 128
15970 00004000 128 128
15974 00000000 128 128
16006 00004000 128 128
16010 00000000 128 128
16042 00004000 128 128
16046 00000000 128 128
16078 00004000 128 128
16082 00000000 128 128
16114 00004000 128 128
16118 00000000 128 128
16150 00004000 128 128
16154 00000000 128 128
16186 00004000 128 128
16190 00000000 128 128
16222 00004000 128 128
16226 00000000 128 128
16258 00004000 128 128
16262 00000000 128 128
16294 00004000 128 128
16298 00000000 128 128
16330 00004000 128 128
16334 00000000 128 128
16366 00004000 128 128
16370 00000000 128 128
16402 00004000 128 128
16406 00000000 128 128
16438 00004000 128 128
16442 00000000 128 128
16474 00004000 128 128
16478 00000000 128 128
16510 00004000 128 128
16514 00000000 128 128
16546 00004000 128 128
16550 00000000 128 128
16582 00004000 128 128
16586 00000000 128 128
16618 00004000 128 128
16622 00000000 128 128
16654 00004000 128 128
16658 00000000 128 128
16690 00004000 128 128
16694 00000000 128 128
16726 00004000 128 128
16730 00000000 128 128
16762 00004000 128 128
16766 00000000 128 128
16798 00004000 128 128
16802 00000000 128 128
16834 00004000 128 128
16838 00000000 128 128
16870 00004000 128 128
16874 00000000 128 128
16906 00004000 128 128
16910 00000000 128 128
16942 00004000 128 128
16946 00000000 128 128
16978 00004000 128 128
16982 00000000 128 128
17014 00004000 128 128
17018 00000000 128 128
17050 00004000 128 128
17054 00000000 128 128
17086 00004000 128 128
17090 00000000 128 128
17122 00004000 128 128
17126 00000000 128 128
17158 00004000 128 128
17162 00000000 128 128
17194 00004000 128 128
17198 00000000 128 128
17230 00004000 128 128
17234 00000000 128 128
17266 00004000 128 128
17270 00000000 128 128
17302 00004000 128 128
17306 00000000 128 128
17338 00004000 128 128
17342 00000000 128 128
17374 00004000 128 128
17378 00000000 128 128
17410 00004000 128 128
17414 00000000 128 128
17446 00004000 128 128
17450 00000000 128 128
17482 00004000 128 128
17486 00000000 128 128
17518 00004000 128 128
17522 00000000 128 128
17554 00004000 128 128
17558 00000000 128 128
17590 00004000 128 128
17594 00000000 128 128
17626 00004000 128 128
17630 00000000 128 128
17662 00004000 128 128
17666 00000000 128 128
17698 00004000 128 128
17702 00000000 128 128
17734 00004000 128 128
17738 00000000 128 128
17770 00004000 128 128
17774 00000000 128 128
17806 00004000 128 128
17810 00000000 128 128
17842 00004000 128 128
17846 00000000 128 128
17878 00004000 128 128
17882 00000000 128 128
17914 00004000 128 128
17918 00000000 128 128
17950 00004000 128 128
17954 00000000 128 128
17986 00004000 128 128
17990 00000000 128 128
18022 00004000 128 128
18026 00000000 128 128
18058 00004000 128 128
18062 00000000 128 128
18094 00004000 128 128
18098 00000000 128 128
18130 00004000 128 128
18134 00000000 128 128
18166 00004000 128 128
18170 00000000 128 128
18202 00004000 128 128
18206 00000000 128 128
18238 00004000 128 128
18242 00000000 128 128
18274 00004000 128 128
18278 00000000 128 128
18310 00004000 128 128
18314 00000000 128 128
18346 00004000 128 128
18350 00000000 128 128
18382 00004000 128 128
18386 00000000 128 128
18418 00004000 128 128
18422 00000000 128 128
18454 00004000 128 128
18458 00000000 128 128
18490 00004000 128 128
18494 00000000 128 128
18526 00004000 128 128
18530 00000000 128 128
18562 00004000 128 128
18566 00000000 128 128
18598 00004000 128 128
18602 00000000 128 128
18634 00004000 128 128
18638 00000000 128 128
18670 00004000 128 128
18674 00000000 128 128
18706 00004000 128 128
18710 00000000 128 128
18742 00004000 128 128
18746 00000000 128 128
18778 00004000 128 128
18782 00000000 128 128
18814 00004000 128 128
18818 00000000 128 128
18850 00004000 128 128
18854 00000000 128 128
18886 00004000 128 128
18890 00000000 128 128
19042 00000000 128 128
