0 00000000 128 128
150 00000008 128 128
152 00000000 128 128
300 00000008 128 128
302 00000000 128 128
450 00002000 128 128
452 00000000 128 128
700 00000040 128 128
756 00000000 128 128
1158 00004000 128 128
1162 00000000 128 128
1194 00004000 128 128
1198 00000000 128 128
1230 00004000 128 128
1234 00000000 128 128
1266 00004000 128 128
1270 00000000 128 128
1302 00004000 128 128
1306 00000000 128 128
1338 00004000 128 128
1342 00000000 128 128
1374 00004000 128 128
1378 00000000 128 128
1410 00004000 128 128
1414 00000000 128 128
1446 00004000 128 128
1450 00000000 128 128
1482 00004000 128 128
1486 00000000 128 128
1578 00000040 128 128
1586 00000000 128 128
1618 00000020 128 128
1666 00000000 128 128
1698 00000010 128 128
1730 00000000 128 128
1762 00000020 128 128
1770 00000000 128 128
1802 00000020 128 128
1866 00000000 128 128
2268 00000020 128 128
2468 00000000 128 128
2870 00000040 128 128
2886 00000000 128 128
2918 00000020 128 128
2926 00000000 128 128
2958 00000040 128 128
2966 00000000 128 128
2998 00000020 128 128
3022 00000000 128 128
3054 00000040 128 128
3070 00000000 128 128
3102 00000020 128 128
3126 00000000 128 128
3158 00000080 128 128
3190 00000000 128 128
3222 00000040 128 128
3238 00000000 128 128
3300 00001000 128 128
3304 00000000 128 128
3406 00000010 128 128
3412 00000000 128 128
3434 00000010 128 128
3440 00000000 128 128
3462 00000010 128 128
3468 00000000 128 128
3490 00000020 128 128
3496 00000000 128 128
3528 00002000 128 128
3532 00000000 128 128
3944 00002000 128 128
3948 00000000 128 128
4160 00002000 128 128
4164 00000000 128 128
4376 00002000 128 128
4380 00000000 128 128
4592 00002000 128 128
4596 00000000 128 128
4808 00002000 128 128
4812 00000000 128 128
5084 00000000 128 128
