0 00000000 128 128
150 00000008 128 128
152 00000000 128 128
300 00000008 128 128
302 00000000 128 128
450 00002000 128 128
452 00000000 128 128
700 00000040 128 128
756 00000000 128 128
1158 00004000 128 128
1162 00000000 128 128
1194 00004000 128 128
1198 00000000 128 128
1230 00004000 128 128
1234 00000000 128 128
1266 00004000 128 128
1270 00000000 128 128
1302 00004000 128 128
1306 00000000 128 128
1338 00004000 128 128
1342 00000000 128 128
1374 00004000 128 128
1378 00000000 128 128
1410 00004000 128 128
1414 00000000 128 128
1446 00004000 128 128
1450 00000000 128 128
1482 00004000 128 128
1486 00000000 128 128
1578 00000040 128 128
1586 00000000 128 128
1618 00004000 128 128
1622 00000000 128 128
1654 00004000 128 128
1658 00000000 128 128
1690 00004000 128 128
1694 00000000 128 128
1726 00004000 128 128
1730 00000000 128 128
1762 00004000 128 128
1766 00000000 128 128
1798 00004000 128 128
1802 00000000 128 128
1834 00004000 128 128
1838 00000000 128 128
1870 00004000 128 128
1874 00000000 128 128
1906 00004000 128 128
1910 00000000 128 128
1942 00004000 128 128
1946 00000000 128 128
2008 00000080 128 128
2080 00000000 128 128
2112 00004000 128 128
2116 00000000 128 128
2148 00004000 128 128
2152 00000000 128 128
2184 00004000 128 128
2188 00000000 128 128
2220 00004000 128 128
2224 00000000 128 128
2256 00004000 128 128
2260 00000000 128 128
2292 00004000 128 128
2296 00000000 128 128
2328 00004000 128 128
2332 00000000 128 128
2364 00004000 128 128
2368 00000000 128 128
2400 00004000 128 128
2404 00000000 128 128
2436 00004000 128 128
2440 00000000 128 128
2502 00000010 128 128
2574 00000000 128 128
2606 00004000 128 128
2610 00000000 128 128
2642 00004000 128 128
2646 00000000 128 128
2678 00004000 128 128
2682 00000000 128 128
2714 00004000 128 128
2718 00000000 128 128
2750 00004000 128 128
2754 00000000 128 128
2786 00004000 128 128
2790 00000000 128 128
2822 00004000 128 128
2826 00000000 128 128
2858 00004000 128 128
2862 00000000 128 128
2894 00004000 128 128
2898 00000000 128 128
2930 00004000 128 128
2934 00000000 128 128
2996 00000080 128 128
3068 00000000 128 128
3100 00004000 128 128
3104 00000000 128 128
3136 00004000 128 128
3140 00000000 128 128
3172 00004000 128 128
3176 00000000 128 128
3208 00004000 128 128
3212 00000000 128 128
3244 00004000 128 128
3248 00000000 128 128
3280 00004000 128 128
3284 00000000 128 128
3316 00004000 128 128
3320 00000000 128 128
3352 00004000 128 128
3356 00000000 128 128
3388 00004000 128 128
3392 00000000 128 128
3424 00004000 128 128
3428 00000000 128 128
3490 00000010 128 128
3538 00000000 128 128
3570 00000010 128 128
3586 00000000 128 128
3988 00000010 128 128
4044 00000000 128 128
4106 00000010 128 128
4114 00000000 128 128
5016 00000010 128 128
5064 00000000 128 128
5096 00000020 128 128
5120 00000000 128 128
5122 00000010 128 128
5138 00000000 128 128
5140 00000080 128 128
5188 00000000 128 128
5190 00000010 128 128
5206 00000000 128 128
5238 00000020 128 128
5262 00000000 128 128
5864 00004000 128 128
5868 00000000 128 128
5900 00004000 128 128
5904 00000000 128 128
5936 00004000 128 128
5940 00000000 128 128
5972 00004000 128 128
5976 00000000 128 128
6008 00004000 128 128
6012 00000000 128 128
6044 00004000 128 128
6048 00000000 128 128
6080 00004000 128 128
6084 00000000 128 128
6116 00004000 128 128
6120 00000000 128 128
6152 00004000 128 128
6156 00000000 128 128
6188 00004000 128 128
6192 00000000 128 128
6224 00004000 128 128
6228 00000000 128 128
6260 00004000 128 128
6264 00000000 128 128
6296 00004000 128 128
6300 00000000 128 128
6332 00004000 128 128
6336 00000000 128 128
6368 00004000 128 128
6372 00000000 128 128
6404 00004000 128 128
6408 00000000 128 128
6440 00004000 128 128
6444 00000000 128 128
6476 00004000 128 128
6480 00000000 128 128
6512 00004000 128 128
6516 00000000 128 128
6548 00004000 128 128
6552 00000000 128 128
6584 00004000 128 128
6588 00000000 128 128
6620 00004000 128 128
6624 00000000 128 128
6656 00004000 128 128
6660 00000000 128 128
6692 00004000 128 128
6696 00000000 128 128
6728 00004000 128 128
6732 00000000 128 128
6764 00004000 128 128
6768 00000000 128 128
6800 00004000 128 128
6804 00000000 128 128
6836 00004000 128 128
6840 00000000 128 128
6872 00004000 128 128
6876 00000000 128 128
6908 00004000 128 128
6912 00000000 128 128
6944 00004000 128 128
6948 00000000 128 128
6980 00004000 128 128
6984 00000000 128 128
7016 00004000 128 128
7020 00000000 128 128
7052 00004000 128 128
7056 00000000 128 128
7088 00004000 128 128
7092 00000000 128 128
7124 00004000 128 128
7128 00000000 128 128
7160 00004000 128 128
7164 00000000 128 128
7196 00004000 128 128
7200 00000000 128 128
7232 00004000 128 128
7236 00000000 128 128
7268 00004000 128 128
7272 00000000 128 128
7604 00004000 128 128
7608 00000000 128 128
7640 00004000 128 128
7644 00000000 128 128
7676 00004000 128 128
7680 00000000 128 128
7712 00004000 128 128
7716 00000000 128 128
7788 00004000 128 128
7792 00000000 128 128
7824 00004000 128 128
7828 00000000 128 128
7860 00004000 128 128
7864 00000000 128 128
7896 00004000 128 128
7900 00000000 128 128
7972 00000010 128 128
7978 00000000 128 128
8000 00000010 128 128
8006 00000000 128 128
8028 00002000 128 128
8032 00000000 128 128
8164 00000010 128 128
8170 00000000 128 128
8202 00000010 128 128
8208 00000000 128 128
8240 00000080 128 128
8246 00000000 128 128
8278 00000040 128 128
8284 00000000 128 128
8316 00002000 128 128
8320 00000000 128 128
8392 00002000 128 128
8396 00000000 128 128
8428 00002000 128 128
8432 00000000 128 128
8464 00002000 128 128
8468 00000000 128 128
8500 00002000 128 128
8504 00000000 128 128
8536 00002000 128 128
8540 00000000 128 128
8572 00002000 128 128
8576 00000000 128 128
8608 00002000 128 128
8612 00000000 128 128
8644 00002000 128 128
8648 00000000 128 128
8680 00002000 128 128
8684 00000000 128 128
8716 00002000 128 128
8720 00000000 128 128
8752 00002000 128 128
8756 00000000 128 128
8788 00002000 128 128
8792 00000000 128 128
8884 00004000 128 128
8888 00000000 128 128
8920 00004000 128 128
8924 00000000 128 128
8956 00004000 128 128
8960 00000000 128 128
8992 00004000 128 128
8996 00000000 128 128
9068 00004000 128 128
9072 00000000 128 128
9104 00004000 128 128
9108 00000000 128 128
9140 00004000 128 128
9144 00000000 128 128
9176 00004000 128 128
9180 00000000 128 128
9252 00000010 128 128
9258 00000000 128 128
9280 00000010 128 128
9286 00000000 128 128
9308 00002000 128 128
9312 00000000 128 128
9444 00000010 128 128
9450 00000000 128 128
9482 00000010 128 128
9488 00000000 128 128
9520 00000080 128 128
9526 00000000 128 128
9558 00000040 128 128
9564 00000000 128 128
9596 00002000 128 128
9600 00000000 128 128
9672 00002000 128 128
9676 00000000 128 128
9708 00002000 128 128
9712 00000000 128 128
9744 00002000 128 128
9748 00000000 128 128
9780 00002000 128 128
9784 00000000 128 128
9816 00002000 128 128
9820 00000000 128 128
9852 00002000 128 128
9856 00000000 128 128
9888 00002000 128 128
9892 00000000 128 128
9924 00002000 128 128
9928 00000000 128 128
9960 00002000 128 128
9964 00000000 128 128
9996 00002000 128 128
10000 00000000 128 128
10032 00002000 128 128
10036 00000000 128 128
10068 00002000 128 128
10072 00000000 128 128
10164 00004000 128 128
10168 00000000 128 128
10200 00004000 128 128
10204 00000000 128 128
10236 00004000 128 128
10240 00000000 128 128
10272 00004000 128 128
10276 00000000 128 128
10348 00004000 128 128
10352 00000000 128 128
10384 00004000 128 128
10388 00000000 128 128
10420 00004000 128 128
10424 00000000 128 128
10456 00004000 128 128
10460 00000000 128 128
10532 00000010 128 128
10538 00000000 128 128
10560 00000010 128 128
10566 00000000 128 128
10588 00002000 128 128
10592 00000000 128 128
10724 00000010 128 128
10730 00000000 128 128
10762 00000010 128 128
10768 00000000 128 128
10800 00000080 128 128
10806 00000000 128 128
10838 00000040 128 128
10844 00000000 128 128
10876 00002000 128 128
10880 00000000 128 128
10952 00002000 128 128
10956 00000000 128 128
10988 00002000 128 128
10992 00000000 128 128
11024 00002000 128 128
11028 00000000 128 128
11060 00002000 128 128
11064 00000000 128 128
11096 00002000 128 128
11100 00000000 128 128
11132 00002000 128 128
11136 00000000 128 128
11168 00002000 128 128
11172 00000000 128 128
11204 00002000 128 128
11208 00000000 128 128
11240 00002000 128 128
11244 00000000 128 128
11276 00002000 128 128
11280 00000000 128 128
11312 00002000 128 128
11316 00000000 128 128
11348 00002000 128 128
11352 00000000 128 128
11444 00004000 128 128
11448 00000000 128 128
11480 00004000 128 128
11484 00000000 128 128
11516 00004000 128 128
11520 00000000 128 128
11552 00004000 128 128
11556 00000000 128 128
11628 00004000 128 128
11632 00000000 128 128
11664 00004000 128 128
11668 00000000 128 128
11700 00004000 128 128
11704 00000000 128 128
11736 00004000 128 128
11740 00000000 128 128
11812 00000010 128 128
11818 00000000 128 128
11840 00000010 128 128
11846 00000000 128 128
11868 00002000 128 128
11872 00000000 128 128
12004 00000010 128 128
12010 00000000 128 128
12042 00000010 128 128
12048 00000000 128 128
12080 00000080 128 128
12086 00000000 128 128
12118 00000040 128 128
12124 00000000 128 128
12156 00002000 128 128
12160 00000000 128 128
12232 00002000 128 128
12236 00000000 128 128
12268 00002000 128 128
12272 00000000 128 128
12304 00002000 128 128
12308 00000000 128 128
12340 00002000 128 128
12344 00000000 128 128
12376 00002000 128 128
12380 00000000 128 128
12412 00002000 128 128
12416 00000000 128 128
12448 00002000 128 128
12452 00000000 128 128
12484 00002000 128 128
12488 00000000 128 128
12520 00002000 128 128
12524 00000000 128 128
12556 00002000 128 128
12560 00000000 128 128
12592 00002000 128 128
12596 00000000 128 128
12628 00002000 128 128
12632 00000000 128 128
12724 00004000 128 128
12728 00000000 128 128
12760 00004000 128 128
12764 00000000 128 128
12796 00004000 128 128
12800 00000000 128 128
12832 00004000 128 128
12836 00000000 128 128
12908 00004000 128 128
12912 00000000 128 128
12944 00004000 128 128
12948 00000000 128 128
12980 00004000 128 128
12984 00000000 128 128
13016 00004000 128 128
13020 00000000 128 128
13092 00000010 128 128
13098 00000000 128 128
13120 00000010 128 128
13126 00000000 128 128
13148 00002000 128 128
13152 00000000 128 128
13284 00000010 128 128
13290 00000000 128 128
13322 00000010 128 128
13328 00000000 128 128
13360 00000080 128 128
13366 00000000 128 128
13398 00000040 128 128
13404 00000000 128 128
13436 00002000 128 128
13440 00000000 128 128
13512 00002000 128 128
13516 00000000 128 128
13548 00002000 128 128
13552 00000000 128 128
13584 00002000 128 128
13588 00000000 128 128
13620 00002000 128 128
13624 00000000 128 128
13656 00002000 128 128
13660 00000000 128 128
13692 00002000 128 128
13696 00000000 128 128
13728 00002000 128 128
13732 00000000 128 128
13764 00002000 128 128
13768 00000000 128 128
13800 00002000 128 128
13804 00000000 128 128
13836 00002000 128 128
13840 00000000 128 128
13872 00002000 128 128
13876 00000000 128 128
13908 00002000 128 128
13912 00000000 128 128
14004 00004000 128 128
14008 00000000 128 128
14040 00004000 128 128
14044 00000000 128 128
14076 00004000 128 128
14080 00000000 128 128
14112 00004000 128 128
14116 00000000 128 128
14188 00004000 128 128
14192 00000000 128 128
14224 00004000 128 128
14228 00000000 128 128
14260 00004000 128 128
14264 00000000 128 128
14296 00004000 128 128
14300 00000000 128 128
14372 00000010 128 128
14378 00000000 128 128
14400 00000010 128 128
14406 00000000 128 128
14428 00002000 128 128
14432 00000000 128 128
14564 00000010 128 128
14570 00000000 128 128
14602 00000010 128 128
14608 00000000 128 128
14640 00000080 128 128
14646 00000000 128 128
14678 00000040 128 128
14684 00000000 128 128
14716 00002000 128 128
14720 00000000 128 128
14792 00002000 128 128
14796 00000000 128 128
14828 00002000 128 128
14832 00000000 128 128
14864 00002000 128 128
14868 00000000 128 128
14900 00002000 128 128
14904 00000000 128 128
14936 00002000 128 128
14940 00000000 128 128
14972 00002000 128 128
14976 00000000 128 128
15008 00002000 128 128
15012 00000000 128 128
15044 00002000 128 128
15048 00000000 128 128
15080 00002000 128 128
15084 00000000 128 128
15116 00002000 128 128
15120 00000000 128 128
15152 00002000 128 128
15156 00000000 128 128
15188 00002000 128 128
15192 00000000 128 128
15284 00004000 128 128
15288 00000000 128 128
15320 00004000 128 128
15324 00000000 128 128
15356 00004000 128 128
15360 00000000 128 128
15392 00004000 128 128
15396 00000000 128 128
15468 00004000 128 128
15472 00000000 128 128
15504 00004000 128 128
15508 00000000 128 128
15540 00004000 128 128
15544 00000000 128 128
15576 00004000 128 128
15580 00000000 128 128
15652 00000010 128 128
15658 00000000 128 128
15680 00000010 128 128
15686 00000000 128 128
15708 00002000 128 128
15712 00000000 128 128
15844 00000010 128 128
15850 00000000 128 128
15882 00000010 128 128
15888 00000000 128 128
15920 00000080 128 128
15926 00000000 128 128
15958 00000040 128 128
15964 00000000 128 128
15996 00002000 128 128
16000 00000000 128 128
16072 00002000 128 128
16076 00000000 128 128
16108 00002000 128 128
16112 00000000 128 128
16144 00002000 128 128
16148 00000000 128 128
16180 00002000 128 128
16184 00000000 128 128
16216 00002000 128 128
16220 00000000 128 128
16252 00002000 128 128
16256 00000000 128 128
16288 00002000 128 128
16292 00000000 128 128
16324 00002000 128 128
16328 00000000 128 128
16360 00002000 128 128
16364 00000000 128 128
16396 00002000 128 128
16400 00000000 128 128
16432 00002000 128 128
16436 00000000 128 128
16468 00002000 128 128
16472 00000000 128 128
16564 00004000 128 128
16568 00000000 128 128
16600 00004000 128 128
16604 00000000 128 128
16636 00004000 128 128
16640 00000000 128 128
16672 00004000 128 128
16676 00000000 128 128
16748 00004000 128 128
16752 00000000 128 128
16784 00004000 128 128
16788 00000000 128 128
16820 00004000 128 128
16824 00000000 128 128
16856 00004000 128 128
16860 00000000 128 128
16932 00000010 128 128
16938 00000000 128 128
16960 00000010 128 128
16966 00000000 128 128
16988 00002000 128 128
16992 00000000 128 128
17124 00000010 128 128
17130 00000000 128 128
17162 00000010 128 128
17168 00000000 128 128
17200 00000080 128 128
17206 00000000 128 128
17238 00000040 128 128
17244 00000000 128 128
17276 00002000 128 128
17280 00000000 128 128
17352 00002000 128 128
17356 00000000 128 128
17388 00002000 128 128
17392 00000000 128 128
17424 00002000 128 128
17428 00000000 128 128
17460 00002000 128 128
17464 00000000 128 128
17496 00002000 128 128
17500 00000000 128 128
17532 00002000 128 128
17536 00000000 128 128
17568 00002000 128 128
17572 00000000 128 128
17604 00002000 128 128
17608 00000000 128 128
17640 00002000 128 128
17644 00000000 128 128
17676 00002000 128 128
17680 00000000 128 128
17712 00002000 128 128
17716 00000000 128 128
17748 00002000 128 128
17752 00000000 128 128
17844 00004000 128 128
17848 00000000 128 128
17880 00004000 128 128
17884 00000000 128 128
17916 00004000 128 128
17920 00000000 128 128
17952 00004000 128 128
17956 00000000 128 128
18028 00004000 128 128
18032 00000000 128 128
18064 00004000 128 128
18068 00000000 128 128
18100 00004000 128 128
18104 00000000 128 128
18136 00004000 128 128
18140 00000000 128 128
18212 00000010 128 128
18218 00000000 128 128
18240 00000010 128 128
18246 00000000 128 128
18268 00002000 128 128
18272 00000000 128 128
18404 00000010 128 128
18410 00000000 128 128
18442 00000010 128 128
18448 00000000 128 128
18480 00000080 128 128
18486 00000000 128 128
18518 00000040 128 128
18524 00000000 128 128
18556 00002000 128 128
18560 00000000 128 128
18632 00002000 128 128
18636 00000000 128 128
18668 00002000 128 128
18672 00000000 128 128
18704 00002000 128 128
18708 00000000 128 128
18740 00002000 128 128
18744 00000000 128 128
18776 00002000 128 128
18780 00000000 128 128
18812 00002000 128 128
18816 00000000 128 128
18848 00002000 128 128
18852 00000000 128 128
18884 00002000 128 128
18888 00000000 128 128
18920 00002000 128 128
18924 00000000 128 128
18956 00002000 128 128
18960 00000000 128 128
18992 00002000 128 128
18996 00000000 128 128
19028 00002000 128 128
19032 00000000 128 128
19124 00004000 128 128
19128 00000000 128 128
19160 00004000 128 128
19164 00000000 128 128
19196 00004000 128 128
19200 00000000 128 128
19232 00004000 128 128
19236 00000000 128 128
19308 00004000 128 128
19312 00000000 128 128
19344 00004000 128 128
19348 00000000 128 128
19380 00004000 128 128
19384 00000000 128 128
19416 00004000 128 128
19420 00000000 128 128
19492 00000010 128 128
19498 00000000 128 128
19520 00000010 128 128
19526 00000000 128 128
19548 00002000 128 128
19552 00000000 128 128
19684 00000010 128 128
19690 00000000 128 128
19722 00000010 128 128
19728 00000000 128 128
19760 00000080 128 128
19766 00000000 128 128
19798 00000040 128 128
19804 00000000 128 128
19836 00002000 128 128
19840 00000000 128 128
19912 00002000 128 128
19916 00000000 128 128
19948 00002000 128 128
19952 00000000 128 128
19984 00002000 128 128
19988 00000000 128 128
20020 00002000 128 128
20024 00000000 128 128
20056 00002000 128 128
20060 00000000 128 128
20092 00002000 128 128
20096 00000000 128 128
20128 00002000 128 128
20132 00000000 128 128
20164 00002000 128 128
20168 00000000 128 128
20200 00002000 128 128
20204 00000000 128 128
20236 00002000 128 128
20240 00000000 128 128
20272 00002000 128 128
20276 00000000 128 128
20308 00002000 128 128
20312 00000000 128 128
20404 00004000 128 128
20408 00000000 128 128
20440 00004000 128 128
20444 00000000 128 128
20476 00004000 128 128
20480 00000000 128 128
20512 00004000 128 128
20516 00000000 128 128
20588 00004000 128 128
20592 00000000 128 128
20624 00004000 128 128
20628 00000000 128 128
20660 00004000 128 128
20664 00000000 128 128
20696 00004000 128 128
20700 00000000 128 128
20772 00000010 128 128
20778 00000000 128 128
20800 00000010 128 128
20806 00000000 128 128
20828 00002000 128 128
20832 00000000 128 128
20964 00000010 128 128
20970 00000000 128 128
21002 00000010 128 128
21008 00000000 128 128
21040 00000080 128 128
21046 00000000 128 128
21078 00000040 128 128
21084 00000000 128 128
21116 00002000 128 128
21120 00000000 128 128
21192 00002000 128 128
21196 00000000 128 128
21228 00002000 128 128
21232 00000000 128 128
21264 00002000 128 128
21268 00000000 128 128
21300 00002000 128 128
21304 00000000 128 128
21336 00002000 128 128
21340 00000000 128 128
21372 00002000 128 128
21376 00000000 128 128
21408 00002000 128 128
21412 00000000 128 128
21444 00002000 128 128
21448 00000000 128 128
21480 00002000 128 128
21484 00000000 128 128
21516 00002000 128 128
21520 00000000 128 128
21552 00002000 128 128
21556 00000000 128 128
21588 00002000 128 128
21592 00000000 128 128
21684 00004000 128 128
21688 00000000 128 128
21720 00004000 128 128
21724 00000000 128 128
21756 00004000 128 128
21760 00000000 128 128
21792 00004000 128 128
21796 00000000 128 128
21868 00004000 128 128
21872 00000000 128 128
21904 00004000 128 128
21908 00000000 128 128
21940 00004000 128 128
21944 00000000 128 128
21976 00004000 128 128
21980 00000000 128 128
22052 00000010 128 128
22058 00000000 128 128
22080 00000010 128 128
22086 00000000 128 128
22108 00002000 128 128
22112 00000000 128 128
22244 00000010 128 128
22250 00000000 128 128
22282 00000010 128 128
22288 00000000 128 128
22320 00000080 128 128
22326 00000000 128 128
22358 00000040 128 128
22364 00000000 128 128
22396 00002000 128 128
22400 00000000 128 128
22472 00002000 128 128
22476 00000000 128 128
22508 00002000 128 128
22512 00000000 128 128
22544 00002000 128 128
22548 00000000 128 128
22580 00002000 128 128
22584 00000000 128 128
22616 00002000 128 128
22620 00000000 128 128
22652 00002000 128 128
22656 00000000 128 128
22688 00002000 128 128
22692 00000000 128 128
22724 00002000 128 128
22728 00000000 128 128
22760 00002000 128 128
22764 00000000 128 128
22796 00002000 128 128
22800 00000000 128 128
22832 00002000 128 128
22836 00000000 128 128
22868 00002000 128 128
22872 00000000 128 128
22964 00004000 128 128
22968 00000000 128 128
23000 00004000 128 128
23004 00000000 128 128
23036 00004000 128 128
23040 00000000 128 128
23072 00004000 128 128
23076 00000000 128 128
23148 00004000 128 128
23152 00000000 128 128
23184 00004000 128 128
23188 00000000 128 128
23220 00004000 128 128
23224 00000000 128 128
23256 00004000 128 128
23260 00000000 128 128
23332 00000010 128 128
23338 00000000 128 128
23360 00000010 128 128
23366 00000000 128 128
23388 00002000 128 128
23392 00000000 128 128
23524 00000010 128 128
23530 00000000 128 128
23562 00000010 128 128
23568 00000000 128 128
23600 00000080 128 128
23606 00000000 128 128
23638 00000040 128 128
23644 00000000 128 128
23676 00002000 128 128
23680 00000000 128 128
23752 00002000 128 128
23756 00000000 128 128
23788 00002000 128 128
23792 00000000 128 128
23824 00002000 128 128
23828 00000000 128 128
23860 00002000 128 128
23864 00000000 128 128
23896 00002000 128 128
23900 00000000 128 128
23932 00002000 128 128
23936 00000000 128 128
23968 00002000 128 128
23972 00000000 128 128
24004 00002000 128 128
24008 00000000 128 128
24040 00002000 128 128
24044 00000000 128 128
24076 00002000 128 128
24080 00000000 128 128
24112 00002000 128 128
24116 00000000 128 128
24148 00002000 128 128
24152 00000000 128 128
24244 00004000 128 128
24248 00000000 128 128
24280 00004000 128 128
24284 00000000 128 128
24316 00004000 128 128
24320 00000000 128 128
24352 00004000 128 128
24356 00000000 128 128
24428 00004000 128 128
24432 00000000 128 128
24464 00004000 128 128
24468 00000000 128 128
24500 00004000 128 128
24504 00000000 128 128
24536 00004000 128 128
24540 00000000 128 128
24612 00000010 128 128
24618 00000000 128 128
24640 00000010 128 128
24646 00000000 128 128
24668 00002000 128 128
24672 00000000 128 128
24804 00000010 128 128
24810 00000000 128 128
24842 00000010 128 128
24848 00000000 128 128
24880 00000080 128 128
24886 00000000 128 128
24918 00000040 128 128
24924 00000000 128 128
24956 00002000 128 128
24960 00000000 128 128
25032 00002000 128 128
25036 00000000 128 128
25068 00002000 128 128
25072 00000000 128 128
25104 00002000 128 128
25108 00000000 128 128
25140 00002000 128 128
25144 00000000 128 128
25176 00002000 128 128
25180 00000000 128 128
25212 00002000 128 128
25216 00000000 128 128
25248 00002000 128 128
25252 00000000 128 128
25284 00002000 128 128
25288 00000000 128 128
25320 00002000 128 128
25324 00000000 128 128
25356 00002000 128 128
25360 00000000 128 128
25392 00002000 128 128
25396 00000000 128 128
25428 00002000 128 128
25432 00000000 128 128
25524 00004000 128 128
25528 00000000 128 128
25560 00004000 128 128
25564 00000000 128 128
25596 00004000 128 128
25600 00000000 128 128
25632 00004000 128 128
25636 00000000 128 128
25708 00004000 128 128
25712 00000000 128 128
25744 00004000 128 128
25748 00000000 128 128
25780 00004000 128 128
25784 00000000 128 128
25816 00004000 128 128
25820 00000000 128 128
25892 00000010 128 128
25898 00000000 128 128
25920 00000010 128 128
25926 00000000 128 128
25948 00002000 128 128
25952 00000000 128 128
26084 00000010 128 128
26090 00000000 128 128
26122 00000010 128 128
26128 00000000 128 128
26160 00000080 128 128
26166 00000000 128 128
26198 00000040 128 128
26204 00000000 128 128
26236 00002000 128 128
26240 00000000 128 128
26312 00002000 128 128
26316 00000000 128 128
26348 00002000 128 128
26352 00000000 128 128
26384 00002000 128 128
26388 00000000 128 128
26420 00002000 128 128
26424 00000000 128 128
26456 00002000 128 128
26460 00000000 128 128
26492 00002000 128 128
26496 00000000 128 128
26528 00002000 128 128
26532 00000000 128 128
26564 00002000 128 128
26568 00000000 128 128
26600 00002000 128 128
26604 00000000 128 128
26636 00002000 128 128
26640 00000000 128 128
26672 00002000 128 128
26676 00000000 128 128
26708 00002000 128 128
26712 00000000 128 128
26804 00004000 128 128
26808 00000000 128 128
26840 00004000 128 128
26844 00000000 128 128
26876 00004000 128 128
26880 00000000 128 128
26912 00004000 128 128
26916 00000000 128 128
26988 00004000 128 128
26992 00000000 128 128
27024 00004000 128 128
27028 00000000 128 128
27060 00004000 128 128
27064 00000000 128 128
27096 00004000 128 128
27100 00000000 128 128
27172 00000010 128 128
27178 00000000 128 128
27200 00000010 128 128
27206 00000000 128 128
27228 00002000 128 128
27232 00000000 128 128
27364 00000010 128 128
27370 00000000 128 128
27402 00000010 128 128
27408 00000000 128 128
27440 00000080 128 128
27446 00000000 128 128
27478 00000040 128 128
27484 00000000 128 128
27516 00002000 128 128
27520 00000000 128 128
27592 00002000 128 128
27596 00000000 128 128
27628 00002000 128 128
27632 00000000 128 128
27664 00002000 128 128
27668 00000000 128 128
27700 00002000 128 128
27704 00000000 128 128
27736 00002000 128 128
27740 00000000 128 128
27772 00002000 128 128
27776 00000000 128 128
27808 00002000 128 128
27812 00000000 128 128
27844 00002000 128 128
27848 00000000 128 128
27880 00002000 128 128
27884 00000000 128 128
27916 00002000 128 128
27920 00000000 128 128
27952 00002000 128 128
27956 00000000 128 128
27988 00002000 128 128
27992 00000000 128 128
28204 00004000 128 128
28208 00000000 128 128
28240 00004000 128 128
28244 00000000 128 128
28276 00004000 128 128
28280 00000000 128 128
28312 00004000 128 128
28316 00000000 128 128
28348 00004000 128 128
28352 00000000 128 128
28384 00004000 128 128
28388 00000000 128 128
28420 00004000 128 128
28424 00000000 128 128
28456 00004000 128 128
28460 00000000 128 128
28492 00004000 128 128
28496 00000000 128 128
28528 00004000 128 128
28532 00000000 128 128
28564 00004000 128 128
28568 00000000 128 128
28600 00004000 128 128
28604 00000000 128 128
28636 00004000 128 128
28640 00000000 128 128
28672 00004000 128 128
28676 00000000 128 128
28708 00004000 128 128
28712 00000000 128 128
28744 00004000 128 128
28748 00000000 128 128
28780 00004000 128 128
28784 00000000 128 128
28816 00004000 128 128
28820 00000000 128 128
28852 00004000 128 128
28856 00000000 128 128
28888 00004000 128 128
28892 00000000 128 128
28924 00004000 128 128
28928 00000000 128 128
28960 00004000 128 128
28964 00000000 128 128
28996 00004000 128 128
29000 00000000 128 128
29032 00004000 128 128
29036 00000000 128 128
29068 00004000 128 128
29072 00000000 128 128
29104 00004000 128 128
29108 00000000 128 128
29140 00004000 128 128
29144 00000000 128 128
29176 00004000 128 128
29180 00000000 128 128
29212 00004000 128 128
29216 00000000 128 128
29248 00004000 128 128
29252 00000000 128 128
29284 00004000 128 128
29288 00000000 128 128
29320 00004000 128 128
29324 00000000 128 128
29356 00004000 128 128
29360 00000000 128 128
29392 00004000 128 128
29396 00000000 128 128
29428 00004000 128 128
29432 00000000 128 128
29464 00004000 128 128
29468 00000000 128 128
29500 00004000 128 128
29504 00000000 128 128
29536 00004000 128 128
29540 00000000 128 128
29572 00004000 128 128
29576 00000000 128 128
29608 00004000 128 128
29612 00000000 128 128
29644 00004000 128 128
29648 00000000 128 128
29680 00004000 128 128
29684 00000000 128 128
29716 00004000 128 128
29720 00000000 128 128
29752 00004000 128 128
29756 00000000 128 128
29788 00004000 128 128
29792 00000000 128 128
29824 00004000 128 128
29828 00000000 128 128
29860 00004000 128 128
29864 00000000 128 128
29896 00004000 128 128
29900 00000000 128 128
29932 00004000 128 128
29936 00000000 128 128
29968 00004000 128 128
29972 00000000 128 128
30004 00004000 128 128
30008 00000000 128 128
30040 00004000 128 128
30044 00000000 128 128
30076 00004000 128 128
30080 00000000 128 128
30112 00004000 128 128
30116 00000000 128 128
30148 00004000 128 128
30152 00000000 128 128
30184 00004000 128 128
30188 00000000 128 128
30220 00004000 128 128
30224 00000000 128 128
30256 00004000 128 128
30260 00000000 128 128
30292 00004000 128 128
30296 00000000 128 128
30328 00004000 128 128
30332 00000000 128 128
30424 00001000 128 128
30428 00000000 128 128
30530 00000010 128 128
30536 00000000 128 128
30558 00000010 128 128
30564 00000000 128 128
30586 00000010 128 128
30592 00000000 128 128
30614 00000020 128 128
30620 00000000 128 128
30652 00002000 128 128
30656 00000000 128 128
31068 00002000 128 128
31072 00000000 128 128
31284 00002000 128 128
31288 00000000 128 128
31500 00002000 128 128
31504 00000000 128 128
31716 00002000 128 128
31720 00000000 128 128
31932 00002000 128 128
31936 00000000 128 128
32208 00000000 128 128
