0 00000000 128 128
150 00000008 128 128
152 00000000 128 128
300 00000008 128 128
302 00000000 128 128
450 00002000 128 128
452 00000000 128 128
900 00004000 128 128
904 00000000 128 128
936 00004000 128 128
940 00000000 128 128
972 00004000 128 128
976 00000000 128 128
1008 00004000 128 128
1012 00000000 128 128
1144 00000020 128 128
1176 00000000 128 128
1218 00000010 128 128
1226 00000000 128 128
1268 00000010 128 128
1276 00000000 128 128
1338 00002000 128 128
1342 00000000 128 128
1654 00002000 128 128
1658 00000000 128 128
1690 00002000 128 128
1694 00000000 128 128
1726 00002000 128 128
1730 00000000 128 128
1762 00002000 128 128
1766 00000000 128 128
1798 00002000 128 128
1802 00000000 128 128
1834 00002000 128 128
1838 00000000 128 128
1870 00002000 128 128
1874 00000000 128 128
1906 00002000 128 128
1910 00000000 128 128
1942 00002000 128 128
1946 00000000 128 128
1978 00002000 128 128
1982 00000000 128 128
2014 00002000 128 128
2018 00000000 128 128
2050 00002000 128 128
2054 00000000 128 128
2986 00000000 128 128
