0 00000000 128 128
150 00000008 128 128
152 00000000 128 128
300 00000008 128 128
302 00000000 128 128
450 00002000 128 128
452 00000000 128 128
700 00000010 128 128
708 00000000 128 128
710 00000080 128 128
718 00000000 128 128
720 00000010 128 128
744 00000000 128 128
746 00000010 128 128
754 00000000 128 128
1056 00004000 128 128
1060 00000000 128 128
1092 00004000 128 128
1096 00000000 128 128
1128 00004000 128 128
1132 00000000 128 128
1164 00004000 128 128
1168 00000000 128 128
1200 00004000 128 128
1204 00000000 128 128
1236 00004000 128 128
1240 00000000 128 128
1272 00004000 128 128
1276 00000000 128 128
1308 00004000 128 128
1312 00000000 128 128
1344 00004000 128 128
1348 00000000 128 128
1380 00004000 128 128
1384 00000000 128 128
1416 00004000 128 128
1420 00000000 128 128
1452 00004000 128 128
1456 00000000 128 128
1488 00004000 128 128
1492 00000000 128 128
1524 00004000 128 128
1528 00000000 128 128
1560 00004000 128 128
1564 00000000 128 128
1596 00004000 128 128
1600 00000000 128 128
1632 00004000 128 128
1636 00000000 128 128
1668 00004000 128 128
1672 00000000 128 128
1704 00004000 128 128
1708 00000000 128 128
1740 00004000 128 128
1744 00000000 128 128
1776 00004000 128 128
1780 00000000 128 128
1812 00004000 128 128
1816 00000000 128 128
1848 00004000 128 128
1852 00000000 128 128
1884 00004000 128 128
1888 00000000 128 128
1920 00004000 128 128
1924 00000000 128 128
1956 00004000 128 128
1960 00000000 128 128
1992 00004000 128 128
1996 00000000 128 128
2028 00004000 128 128
2032 00000000 128 128
2064 00004000 128 128
2068 00000000 128 128
2100 00004000 128 128
2104 00000000 128 128
2136 00004000 128 128
2140 00000000 128 128
2172 00004000 128 128
2176 00000000 128 128
2208 00004000 128 128
2212 00000000 128 128
2244 00004000 128 128
2248 00000000 128 128
2280 00004000 128 128
2284 00000000 128 128
2316 00004000 128 128
2320 00000000 128 128
2352 00004000 128 128
2356 00000000 128 128
2388 00004000 128 128
2392 00000000 128 128
2424 00004000 128 128
2428 00000000 128 128
2460 00004000 128 128
2464 00000000 128 128
2496 00004000 128 128
2500 00000000 128 128
2532 00004000 128 128
2536 00000000 128 128
2568 00004000 128 128
2572 00000000 128 128
2604 00004000 128 128
2608 00000000 128 128
2640 00004000 128 128
2644 00000000 128 128
2676 00004000 128 128
2680 00000000 128 128
2712 00004000 128 128
2716 00000000 128 128
2748 00004000 128 128
2752 00000000 128 128
2784 00004000 128 128
2788 00000000 128 128
2820 00004000 128 128
2824 00000000 128 128
2856 00004000 128 128
2860 00000000 128 128
2892 00004000 128 128
2896 00000000 128 128
2928 00004000 128 128
2932 00000000 128 128
2964 00004000 128 128
2968 00000000 128 128
3000 00004000 128 128
3004 00000000 128 128
3036 00004000 128 128
3040 00000000 128 128
3072 00004000 128 128
3076 00000000 128 128
3108 00004000 128 128
3112 00000000 128 128
3144 00004000 128 128
3148 00000000 128 128
3180 00004000 128 128
3184 00000000 128 128
3216 00004000 128 128
3220 00000000 128 128
3252 00004000 128 128
3256 00000000 128 128
3288 00004000 128 128
3292 00000000 128 128
3324 00004000 128 128
3328 00000000 128 128
3360 00004000 128 128
3364 00000000 128 128
3396 00004000 128 128
3400 00000000 128 128
3432 00004000 128 128
3436 00000000 128 128
3468 00004000 128 128
3472 00000000 128 128
3504 00004000 128 128
3508 00000000 128 128
3540 00004000 128 128
3544 00000000 128 128
3576 00004000 128 128
3580 00000000 128 128
3612 00004000 128 128
3616 00000000 128 128
3648 00004000 128 128
3652 00000000 128 128
3684 00004000 128 128
3688 00000000 128 128
3720 00004000 128 128
3724 00000000 128 128
3756 00004000 128 128
3760 00000000 128 128
3792 00004000 128 128
3796 00000000 128 128
3828 00004000 128 128
3832 00000000 128 128
3864 00004000 128 128
3868 00000000 128 128
3900 00004000 128 128
3904 00000000 128 128
3936 00004000 128 128
3940 00000000 128 128
3972 00004000 128 128
3976 00000000 128 128
4008 00004000 128 128
4012 00000000 128 128
4044 00004000 128 128
4048 00000000 128 128
4080 00004000 128 128
4084 00000000 128 128
4116 00004000 128 128
4120 00000000 128 128
4152 00004000 128 128
4156 00000000 128 128
4188 00004000 128 128
4192 00000000 128 128
4224 00004000 128 128
4228 00000000 128 128
4260 00004000 128 128
4264 00000000 128 128
4296 00004000 128 128
4300 00000000 128 128
4332 00004000 128 128
4336 00000000 128 128
4368 00004000 128 128
4372 00000000 128 128
4404 00004000 128 128
4408 00000000 128 128
4440 00004000 128 128
4444 00000000 128 128
4476 00004000 128 128
4480 00000000 128 128
4512 00004000 128 128
4516 00000000 128 128
4548 00004000 128 128
4552 00000000 128 128
4584 00004000 128 128
4588 00000000 128 128
4620 00004000 128 128
4624 00000000 128 128
4776 00000010 128 128
4808 00000000 128 128
4810 00000080 128 128
4818 00000000 128 128
4820 00000010 128 128
4844 00000000 128 128
4906 00002000 128 128
4910 00000000 128 128
5012 00004000 128 128
5016 00000000 128 128
5048 00004000 128 128
5052 00000000 128 128
5084 00004000 128 128
5088 00000000 128 128
5120 00004000 128 128
5124 00000000 128 128
5156 00004000 128 128
5160 00000000 128 128
5192 00004000 128 128
5196 00000000 128 128
5228 00004000 128 128
5232 00000000 128 128
5264 00004000 128 128
5268 00000000 128 128
5300 00004000 128 128
5304 00000000 128 128
5336 00004000 128 128
5340 00000000 128 128
5372 00004000 128 128
5376 00000000 128 128
5408 00004000 128 128
5412 00000000 128 128
5444 00004000 128 128
5448 00000000 128 128
5480 00004000 128 128
5484 00000000 128 128
5516 00004000 128 128
5520 00000000 128 128
5552 00004000 128 128
5556 00000000 128 128
5588 00004000 128 128
5592 00000000 128 128
5624 00004000 128 128
5628 00000000 128 128
5660 00004000 128 128
5664 00000000 128 128
5696 00004000 128 128
5700 00000000 128 128
5732 00004000 128 128
5736 00000000 128 128
5768 00004000 128 128
5772 00000000 128 128
5804 00004000 128 128
5808 00000000 128 128
5840 00004000 128 128
5844 00000000 128 128
5876 00004000 128 128
5880 00000000 128 128
5912 00004000 128 128
5916 00000000 128 128
5948 00004000 128 128
5952 00000000 128 128
5984 00004000 128 128
5988 00000000 128 128
6020 00004000 128 128
6024 00000000 128 128
6056 00004000 128 128
6060 00000000 128 128
6092 00004000 128 128
6096 00000000 128 128
6128 00004000 128 128
6132 00000000 128 128
6164 00004000 128 128
6168 00000000 128 128
6200 00004000 128 128
6204 00000000 128 128
6236 00004000 128 128
6240 00000000 128 128
6272 00004000 128 128
6276 00000000 128 128
6308 00004000 128 128
6312 00000000 128 128
6344 00004000 128 128
6348 00000000 128 128
6380 00004000 128 128
6384 00000000 128 128
6416 00004000 128 128
6420 00000000 128 128
6452 00004000 128 128
6456 00000000 128 128
6488 00004000 128 128
6492 00000000 128 128
6524 00004000 128 128
6528 00000000 128 128
6560 00004000 128 128
6564 00000000 128 128
6596 00004000 128 128
6600 00000000 128 128
6632 00004000 128 128
6636 00000000 128 128
6668 00004000 128 128
6672 00000000 128 128
6704 00004000 128 128
6708 00000000 128 128
6740 00004000 128 128
6744 00000000 128 128
6776 00004000 128 128
6780 00000000 128 128
6812 00004000 128 128
6816 00000000 128 128
6848 00004000 128 128
6852 00000000 128 128
6884 00004000 128 128
6888 00000000 128 128
6920 00004000 128 128
6924 00000000 128 128
6956 00004000 128 128
6960 00000000 128 128
6992 00004000 128 128
6996 00000000 128 128
7028 00004000 128 128
7032 00000000 128 128
7064 00004000 128 128
7068 00000000 128 128
7100 00004000 128 128
7104 00000000 128 128
7136 00004000 128 128
7140 00000000 128 128
7172 00004000 128 128
7176 00000000 128 128
7208 00004000 128 128
7212 00000000 128 128
7244 00004000 128 128
7248 00000000 128 128
7280 00004000 128 128
7284 00000000 128 128
7316 00004000 128 128
7320 00000000 128 128
7352 00004000 128 128
7356 00000000 128 128
7388 00004000 128 128
7392 00000000 128 128
7424 00004000 128 128
7428 00000000 128 128
7460 00004000 128 128
7464 00000000 128 128
7496 00004000 128 128
7500 00000000 128 128
7532 00004000 128 128
7536 00000000 128 128
7568 00004000 128 128
7572 00000000 128 128
7604 00004000 128 128
7608 00000000 128 128
7640 00004000 128 128
7644 00000000 128 128
7676 00004000 128 128
7680 00000000 128 128
7712 00004000 128 128
7716 00000000 128 128
7748 00004000 128 128
7752 00000000 128 128
7784 00004000 128 128
7788 00000000 128 128
7820 00004000 128 128
7824 00000000 128 128
7856 00004000 128 128
7860 00000000 128 128
7892 00004000 128 128
7896 00000000 128 128
7928 00004000 128 128
7932 00000000 128 128
7964 00004000 128 128
7968 00000000 128 128
8000 00004000 128 128
8004 00000000 128 128
8036 00004000 128 128
8040 00000000 128 128
8072 00004000 128 128
8076 00000000 128 128
8108 00004000 128 128
8112 00000000 128 128
8144 00004000 128 128
8148 00000000 128 128
8180 00004000 128 128
8184 00000000 128 128
8216 00004000 128 128
8220 00000000 128 128
8252 00004000 128 128
8256 00000000 128 128
8288 00004000 128 128
8292 00000000 128 128
8324 00004000 128 128
8328 00000000 128 128
8360 00004000 128 128
8364 00000000 128 128
8396 00004000 128 128
8400 00000000 128 128
8432 00004000 128 128
8436 00000000 128 128
8468 00004000 128 128
8472 00000000 128 128
8504 00004000 128 128
8508 00000000 128 128
8540 00004000 128 128
8544 00000000 128 128
8576 00004000 128 128
8580 00000000 128 128
8912 00002000 128 128
8916 00000000 128 128
9048 00000040 128 128
9054 00000000 128 128
9116 00002000 128 128
9120 00000000 128 128
9832 00002000 128 128
9836 00000000 128 128
9968 00000040 128 128
9974 00000000 128 128
10036 00000000 128 128
