0 00000000 128 128
150 00000008 128 128
152 00000000 128 128
300 00000008 128 128
302 00000000 128 128
450 00002000 128 128
452 00000000 128 128
700 00000020 128 128
1600 00000000 128 128
1602 00000040 128 128
1650 00000000 128 128
1652 00000020 128 128
2552 00000000 128 128
2554 00000040 128 128
3454 00000000 128 128
3456 00000020 128 128
4356 00000000 128 128
4358 00000040 128 128
5258 00000000 128 128
5260 00000020 128 128
6160 00000000 128 128
6162 00000010 128 128
7062 00000000 128 128
7064 00000020 128 128
7964 00000000 128 128
7966 00000010 128 128
8866 00000000 128 128
8868 00000020 128 128
9768 00000000 128 128
9770 00000000 128 128
