0 00000000 128 128
150 00000008 128 128
152 00000000 128 128
300 00000008 128 128
302 00000000 128 128
450 00002000 128 128
452 00000000 128 128
1200 00000040 128 128
1264 00000000 128 128
1280 00000040 128 128
1288 00000000 128 128
1304 00000080 128 128
1320 00000000 128 128
1336 00000010 128 128
1362 00000000 128 128
1378 00000040 128 128
1404 00000000 128 128
1420 00000080 128 128
1436 00000000 128 128
1452 00000010 128 128
1478 00000000 128 128
1494 00000040 128 128
1520 00000000 128 128
1536 00000080 128 128
1552 00000000 128 128
1568 00000010 128 128
1594 00000000 128 128
1610 00000040 128 128
1636 00000000 128 128
1652 00000080 128 128
1668 00000000 128 128
1684 00000010 128 128
1710 00000000 128 128
1726 00000040 128 128
1752 00000000 128 128
1768 00000080 128 128
1784 00000000 128 128
1800 00000010 128 128
1826 00000000 128 128
1842 00000040 128 128
1868 00000000 128 128
1884 00000080 128 128
1900 00000000 128 128
1916 00000010 128 128
1942 00000000 128 128
1958 00000040 128 128
1984 00000000 128 128
2000 00000080 128 128
2016 00000000 128 128
2032 00000010 128 128
2058 00000000 128 128
2074 00000040 128 128
2100 00000000 128 128
2116 00000080 128 128
2132 00000000 128 128
2148 00000010 128 128
2174 00000000 128 128
2190 00000040 128 128
2216 00000000 128 128
2232 00000080 128 128
2248 00000000 128 128
2264 00000010 128 128
2290 00000000 128 128
2306 00000040 128 128
2332 00000000 128 128
2348 00000080 128 128
2364 00000000 128 128
2380 00000010 128 128
2406 00000000 128 128
2422 00000040 128 128
2448 00000000 128 128
2464 00000080 128 128
2480 00000000 128 128
2496 00000010 128 128
2522 00000000 128 128
2538 00000040 128 128
2564 00000000 128 128
2580 00000080 128 128
2596 00000000 128 128
2612 00000010 128 128
2638 00000000 128 128
2654 00000040 128 128
2680 00000000 128 128
2696 00000080 128 128
2712 00000000 128 128
2728 00000010 128 128
2754 00000000 128 128
2770 00000040 128 128
2796 00000000 128 128
2812 00000080 128 128
2828 00000000 128 128
2844 00000010 128 128
2870 00000000 128 128
2886 00000040 128 128
2912 00000000 128 128
2928 00000080 128 128
2944 00000000 128 128
2960 00000010 128 128
2986 00000000 128 128
3002 00000040 128 128
3028 00000000 128 128
3044 00000080 128 128
3060 00000000 128 128
3076 00000010 128 128
3102 00000000 128 128
3118 00000040 128 128
3144 00000000 128 128
3160 00000080 128 128
3176 00000000 128 128
3192 00000010 128 128
3218 00000000 128 128
3234 00000040 128 128
3260 00000000 128 128
3276 00000080 128 128
3292 00000000 128 128
3308 00000010 128 128
3334 00000000 128 128
3350 00000040 128 128
3376 00000000 128 128
3392 00000080 128 128
3408 00000000 128 128
3424 00000010 128 128
3450 00000000 128 128
3466 00000040 128 128
3492 00000000 128 128
3508 00000080 128 128
3524 00000000 128 128
3540 00000010 128 128
3566 00000000 128 128
3582 00000040 128 128
3608 00000000 128 128
3624 00000080 128 128
3640 00000000 128 128
3656 00000010 128 128
3682 00000000 128 128
3698 00000040 128 128
3724 00000000 128 128
3740 00000080 128 128
3756 00000000 128 128
3772 00000010 128 128
3798 00000000 128 128
3814 00000040 128 128
3840 00000000 128 128
3856 00000080 128 128
3872 00000000 128 128
3888 00000010 128 128
3914 00000000 128 128
3930 00000040 128 128
3956 00000000 128 128
3972 00000080 128 128
3988 00000000 128 128
4004 00000010 128 128
4030 00000000 128 128
4046 00000040 128 128
4072 00000000 128 128
4088 00000080 128 128
4104 00000000 128 128
4120 00000010 128 128
4146 00000000 128 128
4162 00000040 128 128
4188 00000000 128 128
4204 00000080 128 128
4220 00000000 128 128
4236 00000010 128 128
4262 00000000 128 128
4278 00000040 128 128
4304 00000000 128 128
4320 00000080 128 128
4336 00000000 128 128
4352 00000010 128 128
4378 00000000 128 128
4394 00000040 128 128
4420 00000000 128 128
4436 00000080 128 128
4452 00000000 128 128
4468 00000010 128 128
4494 00000000 128 128
4510 00000040 128 128
4536 00000000 128 128
4752 00000000 128 128
