0 00000000 128 128
150 00000008 128 128
152 00000000 128 128
300 00000008 128 128
302 00000000 128 128
450 00002000 128 128
452 00000000 128 128
700 00000020 128 128
724 00000000 128 128
726 00000010 128 128
742 00000000 128 128
744 00000080 128 128
768 00000000 128 128
770 00000010 128 128
778 00000000 128 128
780 00000080 128 128
788 00000000 128 128
790 00000010 128 128
806 00000000 128 128
808 00000080 128 128
824 00000000 128 128
916 00000080 128 128
1816 00000000 128 128
1908 00004000 128 128
1912 00000000 128 128
1944 00004000 128 128
1948 00000000 128 128
1980 00004000 128 128
1984 00000000 128 128
2016 00004000 128 128
2020 00000000 128 128
2052 00004000 128 128
2056 00000000 128 128
2088 00004000 128 128
2092 00000000 128 128
2124 00004000 128 128
2128 00000000 128 128
2160 00004000 128 128
2164 00000000 128 128
2196 00004000 128 128
2200 00000000 128 128
2232 00004000 128 128
2236 00000000 128 128
2268 00004000 128 128
2272 00000000 128 128
2304 00004000 128 128
2308 00000000 128 128
2340 00004000 128 128
2344 00000000 128 128
2376 00004000 128 128
2380 00000000 128 128
2412 00004000 128 128
2416 00000000 128 128
2448 00004000 128 128
2452 00000000 128 128
2484 00004000 128 128
2488 00000000 128 128
2520 00004000 128 128
2524 00000000 128 128
2556 00004000 128 128
2560 00000000 128 128
2592 00004000 128 128
2596 00000000 128 128
2688 00000080 128 128
2888 00000000 128 128
2950 00004000 128 128
2954 00000000 128 128
2986 00004000 128 128
2990 00000000 128 128
3022 00004000 128 128
3026 00000000 128 128
3058 00004000 128 128
3062 00000000 128 128
3094 00004000 128 128
3098 00000000 128 128
3130 00004000 128 128
3134 00000000 128 128
3166 00004000 128 128
3170 00000000 128 128
3202 00004000 128 128
3206 00000000 128 128
3238 00004000 128 128
3242 00000000 128 128
3274 00004000 128 128
3278 00000000 128 128
3310 00004000 128 128
3314 00000000 128 128
3346 00004000 128 128
3350 00000000 128 128
3382 00004000 128 128
3386 00000000 128 128
3418 00004000 128 128
3422 00000000 128 128
3454 00004000 128 128
3458 00000000 128 128
3490 00004000 128 128
3494 00000000 128 128
3526 00004000 128 128
3530 00000000 128 128
3562 00004000 128 128
3566 00000000 128 128
3598 00004000 128 128
3602 00000000 128 128
3634 00004000 128 128
3638 00000000 128 128
3730 00001000 128 128
3734 00000000 128 128
3836 00000010 128 128
3842 00000000 128 128
3864 00000010 128 128
3870 00000000 128 128
3892 00000010 128 128
3898 00000000 128 128
3920 00000020 128 128
3926 00000000 128 128
3958 00002000 128 128
3962 00000000 128 128
4374 00002000 128 128
4378 00000000 128 128
4590 00002000 128 128
4594 00000000 128 128
4806 00002000 128 128
4810 00000000 128 128
5022 00002000 128 128
5026 00000000 128 128
5238 00002000 128 128
5242 00000000 128 128
5514 00000000 128 128
