0 00000000 128 128
150 00000008 128 128
152 00000000 128 128
300 00000008 128 128
302 00000000 128 128
450 00002000 128 128
452 00000000 128 128
700 00000020 128 128
908 00000000 128 128
910 00000010 128 128
958 00000000 128 128
960 00000080 128 128
984 00000000 128 128
986 00000010 128 128
1186 00000000 128 128
1218 00000080 128 128
1618 00000000 128 128
1650 00000010 128 128
1750 00000000 128 128
1782 00000080 128 128
2182 00000000 128 128
2214 00000040 128 128
2274 00000000 128 128
2276 00000080 128 128
2676 00000000 128 128
2708 00000000 128 128
