0 00000000 128 128
150 00000008 128 128
152 00000000 128 128
300 00000008 128 128
302 00000000 128 128
450 00002000 128 128
452 00000000 128 128
700 00000080 128 128
708 00000000 128 128
710 00000040 128 128
742 00000000 128 128
744 00000080 128 128
864 00000000 128 128
866 00000010 128 128
938 00000000 128 128
940 00000080 128 128
1012 00000000 128 128
1014 00000010 128 128
1062 00000000 128 128
1064 00000010 128 128
1088 00000000 128 128
1210 00000010 128 128
1410 00000000 128 128
1472 00004000 128 128
1476 00000000 128 128
1508 00004000 128 128
1512 00000000 128 128
1544 00004000 128 128
1548 00000000 128 128
1580 00004000 128 128
1584 00000000 128 128
1616 00004000 128 128
1620 00000000 128 128
1652 00004000 128 128
1656 00000000 128 128
1688 00004000 128 128
1692 00000000 128 128
1724 00004000 128 128
1728 00000000 128 128
1760 00004000 128 128
1764 00000000 128 128
1796 00004000 128 128
1800 00000000 128 128
1832 00004000 128 128
1836 00000000 128 128
1868 00004000 128 128
1872 00000000 128 128
1904 00004000 128 128
1908 00000000 128 128
1940 00004000 128 128
1944 00000000 128 128
1976 00004000 128 128
1980 00000000 128 128
2012 00004000 128 128
2016 00000000 128 128
2048 00004000 128 128
2052 00000000 128 128
2084 00004000 128 128
2088 00000000 128 128
2120 00004000 128 128
2124 00000000 128 128
2156 00004000 128 128
2160 00000000 128 128
2252 00000000 128 128
