0 00000000 128 128
150 00000008 128 128
152 00000000 128 128
300 00000008 128 128
302 00000000 128 128
450 00002000 128 128
452 00000000 128 128
1200 00001000 128 128
1204 00000000 128 128
1290 00000040 128 128
1294 00000000 128 128
1320 00000040 128 128
1324 00000000 128 128
1350 00000040 128 128
1354 00000000 128 128
1380 00000040 128 128
1384 00000000 128 128
1410 00002000 128 128
1414 00000000 128 128
1810 00002000 128 128
1814 00000000 128 128
2010 00002000 128 128
2014 00000000 128 128
2210 00002000 128 128
2214 00000000 128 128
2410 00002000 128 128
2414 00000000 128 128
2610 00002000 128 128
2614 00000000 128 128
2810 00000000 128 128
