0 00000000 128 128
150 00000008 128 128
152 00000000 128 128
300 00000008 128 128
302 00000000 128 128
450 00002000 128 128
452 00000000 128 128
1200 00000040 128 128
1280 00000000 128 128
1340 00000040 128 128
1372 00000000 128 128
1972 00000040 128 128
1998 00000000 128 128
2038 00000080 128 128
2150 00000000 128 128
2650 00002000 128 128
2654 00000000 128 128
2694 00002000 128 128
2698 00000000 128 128
2738 00002000 128 128
2742 00000000 128 128
2782 00002000 128 128
2786 00000000 128 128
2826 00002000 128 128
2830 00000000 128 128
2870 00002000 128 128
2874 00000000 128 128
2914 00002000 128 128
2918 00000000 128 128
2958 00002000 128 128
2962 00000000 128 128
3002 00002000 128 128
3006 00000000 128 128
3046 00002000 128 128
3050 00000000 128 128
3090 00002000 128 128
3094 00000000 128 128
3134 00002000 128 128
3138 00000000 128 128
3178 00002000 128 128
3182 00000000 128 128
3222 00002000 128 128
3226 00000000 128 128
3266 00002000 128 128
3270 00000000 128 128
3310 00002000 128 128
3314 00000000 128 128
3354 00002000 128 128
3358 00000000 128 128
3398 00002000 128 128
3402 00000000 128 128
3442 00002000 128 128
3446 00000000 128 128
3486 00002000 128 128
3490 00000000 128 128
3530 00000080 128 128
3770 00000000 128 128
3810 00000010 128 128
3834 00000000 128 128
3874 00000080 128 128
4034 00000000 128 128
4074 00000040 128 128
4106 00000000 128 128
4146 00000080 128 128
4306 00000000 128 128
4606 00002000 128 128
4610 00000000 128 128
4650 00002000 128 128
4654 00000000 128 128
4694 00002000 128 128
4698 00000000 128 128
4738 00002000 128 128
4742 00000000 128 128
4782 00002000 128 128
4786 00000000 128 128
4826 00002000 128 128
4830 00000000 128 128
4870 00002000 128 128
4874 00000000 128 128
4914 00002000 128 128
4918 00000000 128 128
4958 00002000 128 128
4962 00000000 128 128
5002 00002000 128 128
5006 00000000 128 128
5046 00002000 128 128
5050 00000000 128 128
5090 00002000 128 128
5094 00000000 128 128
5134 00002000 128 128
5138 00000000 128 128
5178 00002000 128 128
5182 00000000 128 128
5222 00002000 128 128
5226 00000000 128 128
5266 00002000 128 128
5270 00000000 128 128
5310 00002000 128 128
5314 00000000 128 128
5354 00002000 128 128
5358 00000000 128 128
5398 00002000 128 128
5402 00000000 128 128
5442 00002000 128 128
5446 00000000 128 128
5486 00002000 128 128
5490 00000000 128 128
5530 00002000 128 128
5534 00000000 128 128
5574 00002000 128 128
5578 00000000 128 128
5618 00002000 128 128
5622 00000000 128 128
5662 00002000 128 128
5666 00000000 128 128
5706 00002000 128 128
5710 00000000 128 128
5750 00002000 128 128
5754 00000000 128 128
5794 00002000 128 128
5798 00000000 128 128
5838 00002000 128 128
5842 00000000 128 128
5882 00002000 128 128
5886 00000000 128 128
5926 00000000 128 128
