0 00000000 128 128
150 00000008 128 128
152 00000000 128 128
300 00000008 128 128
302 00000000 128 128
450 00002000 128 128
452 00000000 128 128
700 00000080 128 128
708 00000000 128 128
710 00000010 128 128
750 00000000 128 128
752 00000080 128 128
768 00000000 128 128
860 00000080 128 128
1760 00000000 128 128
1852 00004000 128 128
1856 00000000 128 128
1888 00004000 128 128
1892 00000000 128 128
1924 00004000 128 128
1928 00000000 128 128
1960 00004000 128 128
1964 00000000 128 128
1996 00004000 128 128
2000 00000000 128 128
2032 00004000 128 128
2036 00000000 128 128
2068 00004000 128 128
2072 00000000 128 128
2104 00004000 128 128
2108 00000000 128 128
2140 00004000 128 128
2144 00000000 128 128
2176 00004000 128 128
2180 00000000 128 128
2212 00004000 128 128
2216 00000000 128 128
2248 00004000 128 128
2252 00000000 128 128
2284 00004000 128 128
2288 00000000 128 128
2320 00004000 128 128
2324 00000000 128 128
2356 00004000 128 128
2360 00000000 128 128
2392 00004000 128 128
2396 00000000 128 128
2428 00004000 128 128
2432 00000000 128 128
2464 00004000 128 128
2468 00000000 128 128
2500 00004000 128 128
2504 00000000 128 128
2536 00004000 128 128
2540 00000000 128 128
2632 00000080 128 128
2832 00000000 128 128
2894 00004000 128 128
2898 00000000 128 128
2930 00004000 128 128
2934 00000000 128 128
2966 00004000 128 128
2970 00000000 128 128
3002 00004000 128 128
3006 00000000 128 128
3038 00004000 128 128
3042 00000000 128 128
3074 00004000 128 128
3078 00000000 128 128
3110 00004000 128 128
3114 00000000 128 128
3146 00004000 128 128
3150 00000000 128 128
3182 00004000 128 128
3186 00000000 128 128
3218 00004000 128 128
3222 00000000 128 128
3254 00004000 128 128
3258 00000000 128 128
3290 00004000 128 128
3294 00000000 128 128
3326 00004000 128 128
3330 00000000 128 128
3362 00004000 128 128
3366 00000000 128 128
3398 00004000 128 128
3402 00000000 128 128
3434 00004000 128 128
3438 00000000 128 128
3470 00004000 128 128
3474 00000000 128 128
3506 00004000 128 128
3510 00000000 128 128
3542 00004000 128 128
3546 00000000 128 128
3578 00004000 128 128
3582 00000000 128 128
3674 00001000 128 128
3678 00000000 128 128
3780 00000010 128 128
3786 00000000 128 128
3808 00000010 128 128
3814 00000000 128 128
3836 00000010 128 128
3842 00000000 128 128
3864 00000020 128 128
3870 00000000 128 128
3902 00002000 128 128
3906 00000000 128 128
4318 00002000 128 128
4322 00000000 128 128
4534 00002000 128 128
4538 00000000 128 128
4750 00002000 128 128
4754 00000000 128 128
4966 00002000 128 128
4970 00000000 128 128
5182 00002000 128 128
5186 00000000 128 128
5458 00000000 128 128
