0 00000000 128 128
150 00000008 128 128
152 00000000 128 128
300 00000008 128 128
302 00000000 128 128
450 00002000 128 128
452 00000000 128 128
700 00000020 128 128
908 00000000 128 128
910 00000010 128 128
958 00000000 128 128
960 00000020 128 128
1008 00000000 128 128
1010 00000010 128 128
1074 00000000 128 128
1076 00000040 128 128
1092 00000000 128 128
1094 00000080 128 128
1294 00000000 128 128
1296 00000010 128 128
1312 00000000 128 128
1314 00000080 128 128
1394 00000000 128 128
1396 00000040 128 128
1444 00000000 128 128
1446 00000080 128 128
1518 00000000 128 128
1520 00000040 128 128
1536 00000000 128 128
1538 00000080 128 128
1626 00000000 128 128
1628 00000010 128 128
1660 00000000 128 128
1662 00000080 128 128
1762 00000000 128 128
1824 00000000 128 128
