0 00000000 128 128
150 00000008 128 128
152 00000000 128 128
300 00000008 128 128
302 00000000 128 128
450 00002000 128 128
452 00000000 128 128
700 00000040 128 128
780 00000000 128 128
872 00000080 128 128
936 00000000 128 128
938 00000040 128 128
954 00000000 128 128
956 00000080 128 128
1020 00000000 128 128
1022 00000010 128 128
1922 00000000 128 128
1924 00000020 128 128
2224 00000000 128 128
2226 00000010 128 128
3126 00000000 128 128
3158 00004000 128 128
3162 00000000 128 128
3194 00004000 128 128
3198 00000000 128 128
3230 00004000 128 128
3234 00000000 128 128
3266 00004000 128 128
3270 00000000 128 128
3302 00004000 128 128
3306 00000000 128 128
3338 00004000 128 128
3342 00000000 128 128
3374 00004000 128 128
3378 00000000 128 128
3410 00004000 128 128
3414 00000000 128 128
3446 00004000 128 128
3450 00000000 128 128
3482 00004000 128 128
3486 00000000 128 128
3548 00000040 128 128
3564 00000000 128 128
3566 00000080 128 128
4466 00000000 128 128
4468 00000010 128 128
5368 00000000 128 128
5400 00004000 128 128
5404 00000000 128 128
5436 00004000 128 128
5440 00000000 128 128
5472 00004000 128 128
5476 00000000 128 128
5508 00004000 128 128
5512 00000000 128 128
5544 00004000 128 128
5548 00000000 128 128
5580 00004000 128 128
5584 00000000 128 128
5616 00004000 128 128
5620 00000000 128 128
5652 00004000 128 128
5656 00000000 128 128
5688 00004000 128 128
5692 00000000 128 128
5724 00004000 128 128
5728 00000000 128 128
5790 00000080 128 128
5806 00000000 128 128
5808 00000010 128 128
6708 00000000 128 128
7010 00002000 128 128
7014 00000000 128 128
7046 00002000 128 128
7050 00000000 128 128
7082 00002000 128 128
7086 00000000 128 128
7118 00002000 128 128
7122 00000000 128 128
7154 00002000 128 128
7158 00000000 128 128
7190 00002000 128 128
7194 00000000 128 128
7226 00002000 128 128
7230 00000000 128 128
7262 00002000 128 128
7266 00000000 128 128
7298 00002000 128 128
7302 00000000 128 128
7334 00002000 128 128
7338 00000000 128 128
7370 00002000 128 128
7374 00000000 128 128
7406 00002000 128 128
7410 00000000 128 128
7442 00002000 128 128
7446 00000000 128 128
7478 00002000 128 128
7482 00000000 128 128
7514 00002000 128 128
7518 00000000 128 128
7550 00002000 128 128
7554 00000000 128 128
7586 00002000 128 128
7590 00000000 128 128
7622 00002000 128 128
7626 00000000 128 128
7658 00002000 128 128
7662 00000000 128 128
7694 00002000 128 128
7698 00000000 128 128
7730 00002000 128 128
7734 00000000 128 128
7766 00002000 128 128
7770 00000000 128 128
7802 00002000 128 128
7806 00000000 128 128
7838 00002000 128 128
7842 00000000 128 128
7874 00002000 128 128
7878 00000000 128 128
7910 00002000 128 128
7914 00000000 128 128
7946 00002000 128 128
7950 00000000 128 128
7982 00002000 128 128
7986 00000000 128 128
8018 00002000 128 128
8022 00000000 128 128
8054 00002000 128 128
8058 00000000 128 128
8090 00002000 128 128
8094 00000000 128 128
8126 00002000 128 128
8130 00000000 128 128
8162 00002000 128 128
8166 00000000 128 128
8198 00002000 128 128
8202 00000000 128 128
8234 00002000 128 128
8238 00000000 128 128
8270 00002000 128 128
8274 00000000 128 128
8306 00002000 128 128
8310 00000000 128 128
8342 00002000 128 128
8346 00000000 128 128
8378 00002000 128 128
8382 00000000 128 128
8414 00002000 128 128
8418 00000000 128 128
8450 00002000 128 128
8454 00000000 128 128
8486 00002000 128 128
8490 00000000 128 128
8522 00002000 128 128
8526 00000000 128 128
8558 00002000 128 128
8562 00000000 128 128
8594 00002000 128 128
8598 00000000 128 128
8630 00002000 128 128
8634 00000000 128 128
8666 00002000 128 128
8670 00000000 128 128
8702 00002000 128 128
8706 00000000 128 128
8738 00002000 128 128
8742 00000000 128 128
8774 00002000 128 128
8778 00000000 128 128
8810 00002000 128 128
8814 00000000 128 128
8846 00002000 128 128
8850 00000000 128 128
8882 00002000 128 128
8886 00000000 128 128
8918 00002000 128 128
8922 00000000 128 128
8954 00002000 128 128
8958 00000000 128 128
8990 00002000 128 128
8994 00000000 128 128
9026 00002000 128 128
9030 00000000 128 128
9062 00002000 128 128
9066 00000000 128 128
9098 00002000 128 128
9102 00000000 128 128
9134 00002000 128 128
9138 00000000 128 128
9170 00002000 128 128
9174 00000000 128 128
9206 00002000 128 128
9210 00000000 128 128
9242 00002000 128 128
9246 00000000 128 128
9278 00002000 128 128
9282 00000000 128 128
9314 00002000 128 128
9318 00000000 128 128
9350 00002000 128 128
9354 00000000 128 128
9386 00002000 128 128
9390 00000000 128 128
9422 00002000 128 128
9426 00000000 128 128
9458 00002000 128 128
9462 00000000 128 128
9494 00002000 128 128
9498 00000000 128 128
9530 00002000 128 128
9534 00000000 128 128
9566 00002000 128 128
9570 00000000 128 128
9602 00002000 128 128
9606 00000000 128 128
9638 00002000 128 128
9642 00000000 128 128
9674 00002000 128 128
9678 00000000 128 128
9710 00002000 128 128
9714 00000000 128 128
9746 00002000 128 128
9750 00000000 128 128
9782 00002000 128 128
9786 00000000 128 128
9818 00002000 128 128
9822 00000000 128 128
9854 00002000 128 128
9858 00000000 128 128
9890 00002000 128 128
9894 00000000 128 128
9926 00002000 128 128
9930 00000000 128 128
9962 00002000 128 128
9966 00000000 128 128
9998 00002000 128 128
10002 00000000 128 128
10034 00002000 128 128
10038 00000000 128 128
10070 00002000 128 128
10074 00000000 128 128
10106 00002000 128 128
10110 00000000 128 128
10142 00002000 128 128
10146 00000000 128 128
10178 00002000 128 128
10182 00000000 128 128
10214 00002000 128 128
10218 00000000 128 128
10250 00002000 128 128
10254 00000000 128 128
10286 00002000 128 128
10290 00000000 128 128
10322 00002000 128 128
10326 00000000 128 128
10358 00002000 128 128
10362 00000000 128 128
10394 00002000 128 128
10398 00000000 128 128
10430 00002000 128 128
10434 00000000 128 128
10466 00002000 128 128
10470 00000000 128 128
10502 00002000 128 128
10506 00000000 128 128
10538 00002000 128 128
10542 00000000 128 128
10574 00002000 128 128
10578 00000000 128 128
10610 00002000 128 128
10614 00000000 128 128
10646 00002000 128 128
10650 00000000 128 128
10682 00002000 128 128
10686 00000000 128 128
10718 00002000 128 128
10722 00000000 128 128
10754 00002000 128 128
10758 00000000 128 128
10790 00002000 128 128
10794 00000000 128 128
10826 00002000 128 128
10830 00000000 128 128
10862 00002000 128 128
10866 00000000 128 128
10898 00002000 128 128
10902 00000000 128 128
10934 00002000 128 128
10938 00000000 128 128
10970 00002000 128 128
10974 00000000 128 128
11006 00002000 128 128
11010 00000000 128 128
11042 00002000 128 128
11046 00000000 128 128
11078 00002000 128 128
11082 00000000 128 128
11114 00002000 128 128
11118 00000000 128 128
11150 00002000 128 128
11154 00000000 128 128
11186 00002000 128 128
11190 00000000 128 128
11222 00002000 128 128
11226 00000000 128 128
11258 00002000 128 128
11262 00000000 128 128
11294 00002000 128 128
11298 00000000 128 128
11330 00002000 128 128
11334 00000000 128 128
11366 00002000 128 128
11370 00000000 128 128
11402 00002000 128 128
11406 00000000 128 128
11438 00002000 128 128
11442 00000000 128 128
11474 00002000 128 128
11478 00000000 128 128
11510 00002000 128 128
11514 00000000 128 128
11546 00002000 128 128
11550 00000000 128 128
11582 00002000 128 128
11586 00000000 128 128
11618 00002000 128 128
11622 00000000 128 128
11654 00002000 128 128
11658 00000000 128 128
11690 00002000 128 128
11694 00000000 128 128
11726 00002000 128 128
11730 00000000 128 128
11762 00002000 128 128
11766 00000000 128 128
11798 00002000 128 128
11802 00000000 128 128
11834 00002000 128 128
11838 00000000 128 128
11870 00002000 128 128
11874 00000000 128 128
11906 00002000 128 128
11910 00000000 128 128
11942 00002000 128 128
11946 00000000 128 128
11978 00002000 128 128
11982 00000000 128 128
12014 00002000 128 128
12018 00000000 128 128
12050 00002000 128 128
12054 00000000 128 128
12086 00002000 128 128
12090 00000000 128 128
12122 00002000 128 128
12126 00000000 128 128
12158 00002000 128 128
12162 00000000 128 128
12194 00002000 128 128
12198 00000000 128 128
12230 00002000 128 128
12234 00000000 128 128
12266 00002000 128 128
12270 00000000 128 128
12302 00002000 128 128
12306 00000000 128 128
12338 00002000 128 128
12342 00000000 128 128
12374 00002000 128 128
12378 00000000 128 128
12410 00002000 128 128
12414 00000000 128 128
12446 00002000 128 128
12450 00000000 128 128
12482 00002000 128 128
12486 00000000 128 128
12518 00002000 128 128
12522 00000000 128 128
12554 00002000 128 128
12558 00000000 128 128
12590 00002000 128 128
12594 00000000 128 128
12626 00002000 128 128
12630 00000000 128 128
12662 00002000 128 128
12666 00000000 128 128
12698 00002000 128 128
12702 00000000 128 128
12734 00002000 128 128
12738 00000000 128 128
12770 00002000 128 128
12774 00000000 128 128
12806 00002000 128 128
12810 00000000 128 128
12842 00002000 128 128
12846 00000000 128 128
12878 00002000 128 128
12882 00000000 128 128
12914 00002000 128 128
12918 00000000 128 128
12950 00002000 128 128
12954 00000000 128 128
12986 00002000 128 128
12990 00000000 128 128
13022 00002000 128 128
13026 00000000 128 128
13058 00002000 128 128
13062 00000000 128 128
13094 00002000 128 128
13098 00000000 128 128
13130 00002000 128 128
13134 00000000 128 128
13166 00002000 128 128
13170 00000000 128 128
13202 00002000 128 128
13206 00000000 128 128
13238 00002000 128 128
13242 00000000 128 128
13274 00002000 128 128
13278 00000000 128 128
13310 00002000 128 128
13314 00000000 128 128
13346 00002000 128 128
13350 00000000 128 128
13382 00002000 128 128
13386 00000000 128 128
13418 00002000 128 128
13422 00000000 128 128
13454 00002000 128 128
13458 00000000 128 128
13490 00002000 128 128
13494 00000000 128 128
13526 00002000 128 128
13530 00000000 128 128
13562 00002000 128 128
13566 00000000 128 128
13598 00002000 128 128
13602 00000000 128 128
13634 00002000 128 128
13638 00000000 128 128
13670 00002000 128 128
13674 00000000 128 128
13706 00002000 128 128
13710 00000000 128 128
13742 00002000 128 128
13746 00000000 128 128
13778 00002000 128 128
13782 00000000 128 128
13814 00002000 128 128
13818 00000000 128 128
13850 00002000 128 128
13854 00000000 128 128
13886 00002000 128 128
13890 00000000 128 128
13922 00002000 128 128
13926 00000000 128 128
13958 00002000 128 128
13962 00000000 128 128
13994 00002000 128 128
13998 00000000 128 128
14030 00002000 128 128
14034 00000000 128 128
14066 00002000 128 128
14070 00000000 128 128
14102 00002000 128 128
14106 00000000 128 128
14138 00002000 128 128
14142 00000000 128 128
14174 00002000 128 128
14178 00000000 128 128
14210 00002000 128 128
14214 00000000 128 128
14246 00002000 128 128
14250 00000000 128 128
14282 00002000 128 128
14286 00000000 128 128
14318 00002000 128 128
14322 00000000 128 128
14354 00002000 128 128
14358 00000000 128 128
14390 00002000 128 128
14394 00000000 128 128
14426 00002000 128 128
14430 00000000 128 128
14462 00002000 128 128
14466 00000000 128 128
14498 00002000 128 128
14502 00000000 128 128
14534 00002000 128 128
14538 00000000 128 128
14570 00002000 128 128
14574 00000000 128 128
14606 00002000 128 128
14610 00000000 128 128
14642 00002000 128 128
14646 00000000 128 128
14678 00002000 128 128
14682 00000000 128 128
14714 00002000 128 128
14718 00000000 128 128
14750 00002000 128 128
14754 00000000 128 128
14786 00002000 128 128
14790 00000000 128 128
14822 00002000 128 128
14826 00000000 128 128
14858 00002000 128 128
14862 00000000 128 128
14894 00002000 128 128
14898 00000000 128 128
14930 00002000 128 128
14934 00000000 128 128
14966 00002000 128 128
14970 00000000 128 128
15002 00002000 128 128
15006 00000000 128 128
15038 00002000 128 128
15042 00000000 128 128
15074 00002000 128 128
15078 00000000 128 128
15110 00002000 128 128
15114 00000000 128 128
15146 00002000 128 128
15150 00000000 128 128
15182 00002000 128 128
15186 00000000 128 128
15218 00002000 128 128
15222 00000000 128 128
15254 00002000 128 128
15258 00000000 128 128
15290 00002000 128 128
15294 00000000 128 128
15326 00002000 128 128
15330 00000000 128 128
15362 00002000 128 128
15366 00000000 128 128
15398 00002000 128 128
15402 00000000 128 128
15434 00002000 128 128
15438 00000000 128 128
15470 00002000 128 128
15474 00000000 128 128
15506 00002000 128 128
15510 00000000 128 128
15542 00002000 128 128
15546 00000000 128 128
15578 00002000 128 128
15582 00000000 128 128
15614 00002000 128 128
15618 00000000 128 128
15650 00002000 128 128
15654 00000000 128 128
15686 00002000 128 128
15690 00000000 128 128
15722 00002000 128 128
15726 00000000 128 128
15758 00002000 128 128
15762 00000000 128 128
15794 00002000 128 128
15798 00000000 128 128
15830 00002000 128 128
15834 00000000 128 128
15866 00002000 128 128
15870 00000000 128 128
15902 00002000 128 128
15906 00000000 128 128
15938 00002000 128 128
15942 00000000 128 128
15974 00002000 128 128
15978 00000000 128 128
16010 00002000 128 128
16014 00000000 128 128
16046 00002000 128 128
16050 00000000 128 128
16082 00002000 128 128
16086 00000000 128 128
16118 00002000 128 128
16122 00000000 128 128
16154 00002000 128 128
16158 00000000 128 128
16190 00002000 128 128
16194 00000000 128 128
16226 00002000 128 128
16230 00000000 128 128
16262 00002000 128 128
16266 00000000 128 128
16298 00002000 128 128
16302 00000000 128 128
16334 00002000 128 128
16338 00000000 128 128
16370 00002000 128 128
16374 00000000 128 128
16406 00002000 128 128
16410 00000000 128 128
16442 00002000 128 128
16446 00000000 128 128
16478 00002000 128 128
16482 00000000 128 128
16514 00002000 128 128
16518 00000000 128 128
16550 00002000 128 128
16554 00000000 128 128
16586 00002000 128 128
16590 00000000 128 128
16622 00002000 128 128
16626 00000000 128 128
16658 00002000 128 128
16662 00000000 128 128
16694 00002000 128 128
16698 00000000 128 128
16730 00002000 128 128
16734 00000000 128 128
16766 00002000 128 128
16770 00000000 128 128
16802 00002000 128 128
16806 00000000 128 128
16838 00002000 128 128
16842 00000000 128 128
16874 00002000 128 128
16878 00000000 128 128
16910 00002000 128 128
16914 00000000 128 128
16946 00002000 128 128
16950 00000000 128 128
16982 00002000 128 128
16986 00000000 128 128
17018 00002000 128 128
17022 00000000 128 128
17054 00002000 128 128
17058 00000000 128 128
17090 00002000 128 128
17094 00000000 128 128
17126 00002000 128 128
17130 00000000 128 128
17162 00002000 128 128
17166 00000000 128 128
17198 00002000 128 128
17202 00000000 128 128
17234 00002000 128 128
17238 00000000 128 128
17270 00002000 128 128
17274 00000000 128 128
17306 00002000 128 128
17310 00000000 128 128
17342 00002000 128 128
17346 00000000 128 128
17378 00002000 128 128
17382 00000000 128 128
17414 00002000 128 128
17418 00000000 128 128
17450 00002000 128 128
17454 00000000 128 128
17486 00002000 128 128
17490 00000000 128 128
17522 00002000 128 128
17526 00000000 128 128
17558 00002000 128 128
17562 00000000 128 128
17594 00002000 128 128
17598 00000000 128 128
17630 00002000 128 128
17634 00000000 128 128
17666 00002000 128 128
17670 00000000 128 128
17702 00002000 128 128
17706 00000000 128 128
17738 00002000 128 128
17742 00000000 128 128
17774 00002000 128 128
17778 00000000 128 128
17930 00004000 128 128
17934 00000000 128 128
17966 00004000 128 128
17970 00000000 128 128
18002 00004000 128 128
18006 00000000 128 128
18038 00004000 128 128
18042 00000000 128 128
18074 00004000 128 128
18078 00000000 128 128
18110 00004000 128 128
18114 00000000 128 128
18146 00004000 128 128
18150 00000000 128 128
18182 00004000 128 128
18186 00000000 128 128
18218 00004000 128 128
18222 00000000 128 128
18254 00004000 128 128
18258 00000000 128 128
18290 00004000 128 128
18294 00000000 128 128
18326 00004000 128 128
18330 00000000 128 128
18362 00004000 128 128
18366 00000000 128 128
18398 00004000 128 128
18402 00000000 128 128
18434 00004000 128 128
18438 00000000 128 128
18470 00004000 128 128
18474 00000000 128 128
18506 00004000 128 128
18510 00000000 128 128
18542 00004000 128 128
18546 00000000 128 128
18578 00004000 128 128
18582 00000000 128 128
18614 00004000 128 128
18618 00000000 128 128
18710 00000080 128 128
18718 00000000 128 128
18720 00000010 128 128
19620 00000000 128 128
19682 00000020 128 128
19690 00000000 128 128
19692 00000010 128 128
20592 00000000 128 128
20894 00002000 128 128
20898 00000000 128 128
20930 00002000 128 128
20934 00000000 128 128
20966 00002000 128 128
20970 00000000 128 128
21002 00002000 128 128
21006 00000000 128 128
21038 00002000 128 128
21042 00000000 128 128
21074 00002000 128 128
21078 00000000 128 128
21110 00002000 128 128
21114 00000000 128 128
21146 00002000 128 128
21150 00000000 128 128
21182 00002000 128 128
21186 00000000 128 128
21218 00002000 128 128
21222 00000000 128 128
21254 00002000 128 128
21258 00000000 128 128
21290 00002000 128 128
21294 00000000 128 128
21326 00002000 128 128
21330 00000000 128 128
21362 00002000 128 128
21366 00000000 128 128
21398 00002000 128 128
21402 00000000 128 128
21434 00002000 128 128
21438 00000000 128 128
21470 00002000 128 128
21474 00000000 128 128
21506 00002000 128 128
21510 00000000 128 128
21542 00002000 128 128
21546 00000000 128 128
21578 00002000 128 128
21582 00000000 128 128
21614 00002000 128 128
21618 00000000 128 128
21650 00002000 128 128
21654 00000000 128 128
21686 00002000 128 128
21690 00000000 128 128
21722 00002000 128 128
21726 00000000 128 128
21758 00002000 128 128
21762 00000000 128 128
21794 00002000 128 128
21798 00000000 128 128
21830 00002000 128 128
21834 00000000 128 128
21866 00002000 128 128
21870 00000000 128 128
21902 00002000 128 128
21906 00000000 128 128
21938 00002000 128 128
21942 00000000 128 128
21974 00002000 128 128
21978 00000000 128 128
22010 00002000 128 128
22014 00000000 128 128
22046 00002000 128 128
22050 00000000 128 128
22082 00002000 128 128
22086 00000000 128 128
22118 00002000 128 128
22122 00000000 128 128
22154 00002000 128 128
22158 00000000 128 128
22190 00002000 128 128
22194 00000000 128 128
22226 00002000 128 128
22230 00000000 128 128
22262 00002000 128 128
22266 00000000 128 128
22298 00002000 128 128
22302 00000000 128 128
22334 00002000 128 128
22338 00000000 128 128
22370 00002000 128 128
22374 00000000 128 128
22406 00002000 128 128
22410 00000000 128 128
22442 00002000 128 128
22446 00000000 128 128
22478 00002000 128 128
22482 00000000 128 128
22514 00002000 128 128
22518 00000000 128 128
22550 00002000 128 128
22554 00000000 128 128
22586 00002000 128 128
22590 00000000 128 128
22622 00002000 128 128
22626 00000000 128 128
22658 00002000 128 128
22662 00000000 128 128
22694 00002000 128 128
22698 00000000 128 128
22730 00002000 128 128
22734 00000000 128 128
22766 00002000 128 128
22770 00000000 128 128
22802 00002000 128 128
22806 00000000 128 128
22838 00002000 128 128
22842 00000000 128 128
22874 00002000 128 128
22878 00000000 128 128
22910 00002000 128 128
22914 00000000 128 128
22946 00002000 128 128
22950 00000000 128 128
22982 00002000 128 128
22986 00000000 128 128
23018 00002000 128 128
23022 00000000 128 128
23054 00002000 128 128
23058 00000000 128 128
23090 00002000 128 128
23094 00000000 128 128
23126 00002000 128 128
23130 00000000 128 128
23162 00002000 128 128
23166 00000000 128 128
23198 00002000 128 128
23202 00000000 128 128
23234 00002000 128 128
23238 00000000 128 128
23270 00002000 128 128
23274 00000000 128 128
23306 00002000 128 128
23310 00000000 128 128
23342 00002000 128 128
23346 00000000 128 128
23378 00002000 128 128
23382 00000000 128 128
23414 00002000 128 128
23418 00000000 128 128
23450 00002000 128 128
23454 00000000 128 128
23486 00002000 128 128
23490 00000000 128 128
23522 00002000 128 128
23526 00000000 128 128
23558 00002000 128 128
23562 00000000 128 128
23594 00002000 128 128
23598 00000000 128 128
23630 00002000 128 128
23634 00000000 128 128
23666 00002000 128 128
23670 00000000 128 128
23702 00002000 128 128
23706 00000000 128 128
23738 00002000 128 128
23742 00000000 128 128
23774 00002000 128 128
23778 00000000 128 128
23810 00002000 128 128
23814 00000000 128 128
23846 00002000 128 128
23850 00000000 128 128
23882 00002000 128 128
23886 00000000 128 128
23918 00002000 128 128
23922 00000000 128 128
23954 00002000 128 128
23958 00000000 128 128
23990 00002000 128 128
23994 00000000 128 128
24026 00002000 128 128
24030 00000000 128 128
24062 00002000 128 128
24066 00000000 128 128
24098 00002000 128 128
24102 00000000 128 128
24134 00002000 128 128
24138 00000000 128 128
24170 00002000 128 128
24174 00000000 128 128
24206 00002000 128 128
24210 00000000 128 128
24242 00002000 128 128
24246 00000000 128 128
24278 00002000 128 128
24282 00000000 128 128
24314 00002000 128 128
24318 00000000 128 128
24350 00002000 128 128
24354 00000000 128 128
24386 00002000 128 128
24390 00000000 128 128
24422 00002000 128 128
24426 00000000 128 128
24458 00002000 128 128
24462 00000000 128 128
24494 00002000 128 128
24498 00000000 128 128
24530 00002000 128 128
24534 00000000 128 128
24566 00002000 128 128
24570 00000000 128 128
24602 00002000 128 128
24606 00000000 128 128
24638 00002000 128 128
24642 00000000 128 128
24674 00002000 128 128
24678 00000000 128 128
24710 00002000 128 128
24714 00000000 128 128
24746 00002000 128 128
24750 00000000 128 128
24782 00002000 128 128
24786 00000000 128 128
24818 00002000 128 128
24822 00000000 128 128
24854 00002000 128 128
24858 00000000 128 128
24890 00002000 128 128
24894 00000000 128 128
24926 00002000 128 128
24930 00000000 128 128
24962 00002000 128 128
24966 00000000 128 128
24998 00002000 128 128
25002 00000000 128 128
25034 00002000 128 128
25038 00000000 128 128
25070 00002000 128 128
25074 00000000 128 128
25106 00002000 128 128
25110 00000000 128 128
25142 00002000 128 128
25146 00000000 128 128
25178 00002000 128 128
25182 00000000 128 128
25214 00002000 128 128
25218 00000000 128 128
25250 00002000 128 128
25254 00000000 128 128
25286 00002000 128 128
25290 00000000 128 128
25322 00002000 128 128
25326 00000000 128 128
25358 00002000 128 128
25362 00000000 128 128
25394 00002000 128 128
25398 00000000 128 128
25430 00002000 128 128
25434 00000000 128 128
25466 00002000 128 128
25470 00000000 128 128
25502 00002000 128 128
25506 00000000 128 128
25538 00002000 128 128
25542 00000000 128 128
25574 00002000 128 128
25578 00000000 128 128
25610 00002000 128 128
25614 00000000 128 128
25646 00002000 128 128
25650 00000000 128 128
25682 00002000 128 128
25686 00000000 128 128
25718 00002000 128 128
25722 00000000 128 128
25754 00002000 128 128
25758 00000000 128 128
25790 00002000 128 128
25794 00000000 128 128
25826 00002000 128 128
25830 00000000 128 128
25862 00002000 128 128
25866 00000000 128 128
25898 00002000 128 128
25902 00000000 128 128
25934 00002000 128 128
25938 00000000 128 128
25970 00002000 128 128
25974 00000000 128 128
26006 00002000 128 128
26010 00000000 128 128
26042 00002000 128 128
26046 00000000 128 128
26078 00002000 128 128
26082 00000000 128 128
26114 00002000 128 128
26118 00000000 128 128
26150 00002000 128 128
26154 00000000 128 128
26186 00002000 128 128
26190 00000000 128 128
26222 00002000 128 128
26226 00000000 128 128
26258 00002000 128 128
26262 00000000 128 128
26294 00002000 128 128
26298 00000000 128 128
26330 00002000 128 128
26334 00000000 128 128
26366 00002000 128 128
26370 00000000 128 128
26402 00002000 128 128
26406 00000000 128 128
26438 00002000 128 128
26442 00000000 128 128
26474 00002000 128 128
26478 00000000 128 128
26510 00002000 128 128
26514 00000000 128 128
26546 00002000 128 128
26550 00000000 128 128
26582 00002000 128 128
26586 00000000 128 128
26618 00002000 128 128
26622 00000000 128 128
26654 00002000 128 128
26658 00000000 128 128
26690 00002000 128 128
26694 00000000 128 128
26726 00002000 128 128
26730 00000000 128 128
26762 00002000 128 128
26766 00000000 128 128
26798 00002000 128 128
26802 00000000 128 128
26834 00002000 128 128
26838 00000000 128 128
26870 00002000 128 128
26874 00000000 128 128
26906 00002000 128 128
26910 00000000 128 128
26942 00002000 128 128
26946 00000000 128 128
26978 00002000 128 128
26982 00000000 128 128
27014 00002000 128 128
27018 00000000 128 128
27050 00002000 128 128
27054 00000000 128 128
27086 00002000 128 128
27090 00000000 128 128
27122 00002000 128 128
27126 00000000 128 128
27158 00002000 128 128
27162 00000000 128 128
27194 00002000 128 128
27198 00000000 128 128
27230 00002000 128 128
27234 00000000 128 128
27266 00002000 128 128
27270 00000000 128 128
27302 00002000 128 128
27306 00000000 128 128
27338 00002000 128 128
27342 00000000 128 128
27374 00002000 128 128
27378 00000000 128 128
27410 00002000 128 128
27414 00000000 128 128
27446 00002000 128 128
27450 00000000 128 128
27482 00002000 128 128
27486 00000000 128 128
27518 00002000 128 128
27522 00000000 128 128
27554 00002000 128 128
27558 00000000 128 128
27590 00002000 128 128
27594 00000000 128 128
27626 00002000 128 128
27630 00000000 128 128
27662 00002000 128 128
27666 00000000 128 128
27698 00002000 128 128
27702 00000000 128 128
27734 00002000 128 128
27738 00000000 128 128
27770 00002000 128 128
27774 00000000 128 128
27806 00002000 128 128
27810 00000000 128 128
27842 00002000 128 128
27846 00000000 128 128
27878 00002000 128 128
27882 00000000 128 128
27914 00002000 128 128
27918 00000000 128 128
27950 00002000 128 128
27954 00000000 128 128
27986 00002000 128 128
27990 00000000 128 128
28022 00002000 128 128
28026 00000000 128 128
28058 00002000 128 128
28062 00000000 128 128
28094 00002000 128 128
28098 00000000 128 128
28130 00002000 128 128
28134 00000000 128 128
28166 00002000 128 128
28170 00000000 128 128
28202 00002000 128 128
28206 00000000 128 128
28238 00002000 128 128
28242 00000000 128 128
28274 00002000 128 128
28278 00000000 128 128
28310 00002000 128 128
28314 00000000 128 128
28346 00002000 128 128
28350 00000000 128 128
28382 00002000 128 128
28386 00000000 128 128
28418 00002000 128 128
28422 00000000 128 128
28454 00002000 128 128
28458 00000000 128 128
28490 00002000 128 128
28494 00000000 128 128
28526 00002000 128 128
28530 00000000 128 128
28562 00002000 128 128
28566 00000000 128 128
28598 00002000 128 128
28602 00000000 128 128
28634 00002000 128 128
28638 00000000 128 128
28670 00002000 128 128
28674 00000000 128 128
28706 00002000 128 128
28710 00000000 128 128
28742 00002000 128 128
28746 00000000 128 128
28778 00002000 128 128
28782 00000000 128 128
28814 00002000 128 128
28818 00000000 128 128
28850 00002000 128 128
28854 00000000 128 128
28886 00002000 128 128
28890 00000000 128 128
28922 00002000 128 128
28926 00000000 128 128
28958 00002000 128 128
28962 00000000 128 128
28994 00002000 128 128
28998 00000000 128 128
29030 00002000 128 128
29034 00000000 128 128
29066 00002000 128 128
29070 00000000 128 128
29102 00002000 128 128
29106 00000000 128 128
29138 00002000 128 128
29142 00000000 128 128
29174 00002000 128 128
29178 00000000 128 128
29210 00002000 128 128
29214 00000000 128 128
29246 00002000 128 128
29250 00000000 128 128
29282 00002000 128 128
29286 00000000 128 128
29318 00002000 128 128
29322 00000000 128 128
29354 00002000 128 128
29358 00000000 128 128
29390 00002000 128 128
29394 00000000 128 128
29426 00002000 128 128
29430 00000000 128 128
29462 00002000 128 128
29466 00000000 128 128
29498 00002000 128 128
29502 00000000 128 128
29534 00002000 128 128
29538 00000000 128 128
29570 00002000 128 128
29574 00000000 128 128
29606 00002000 128 128
29610 00000000 128 128
29642 00002000 128 128
29646 00000000 128 128
29678 00002000 128 128
29682 00000000 128 128
29714 00002000 128 128
29718 00000000 128 128
29750 00002000 128 128
29754 00000000 128 128
29786 00002000 128 128
29790 00000000 128 128
29822 00002000 128 128
29826 00000000 128 128
29858 00002000 128 128
29862 00000000 128 128
29894 00002000 128 128
29898 00000000 128 128
29930 00002000 128 128
29934 00000000 128 128
29966 00002000 128 128
29970 00000000 128 128
30002 00002000 128 128
30006 00000000 128 128
30038 00002000 128 128
30042 00000000 128 128
30074 00002000 128 128
30078 00000000 128 128
30110 00002000 128 128
30114 00000000 128 128
30146 00002000 128 128
30150 00000000 128 128
30182 00002000 128 128
30186 00000000 128 128
30218 00002000 128 128
30222 00000000 128 128
30254 00002000 128 128
30258 00000000 128 128
30290 00002000 128 128
30294 00000000 128 128
30326 00002000 128 128
30330 00000000 128 128
30362 00002000 128 128
30366 00000000 128 128
30398 00002000 128 128
30402 00000000 128 128
30434 00002000 128 128
30438 00000000 128 128
30470 00002000 128 128
30474 00000000 128 128
30506 00002000 128 128
30510 00000000 128 128
30542 00002000 128 128
30546 00000000 128 128
30578 00002000 128 128
30582 00000000 128 128
30614 00002000 128 128
30618 00000000 128 128
30650 00002000 128 128
30654 00000000 128 128
30686 00002000 128 128
30690 00000000 128 128
30722 00002000 128 128
30726 00000000 128 128
30758 00002000 128 128
30762 00000000 128 128
30794 00002000 128 128
30798 00000000 128 128
30830 00002000 128 128
30834 00000000 128 128
30866 00002000 128 128
30870 00000000 128 128
30902 00002000 128 128
30906 00000000 128 128
30938 00002000 128 128
30942 00000000 128 128
30974 00002000 128 128
30978 00000000 128 128
31010 00002000 128 128
31014 00000000 128 128
31046 00002000 128 128
31050 00000000 128 128
31082 00002000 128 128
31086 00000000 128 128
31118 00002000 128 128
31122 00000000 128 128
31154 00002000 128 128
31158 00000000 128 128
31190 00002000 128 128
31194 00000000 128 128
31226 00002000 128 128
31230 00000000 128 128
31262 00002000 128 128
31266 00000000 128 128
31298 00002000 128 128
31302 00000000 128 128
31334 00002000 128 128
31338 00000000 128 128
31370 00002000 128 128
31374 00000000 128 128
31406 00002000 128 128
31410 00000000 128 128
31442 00002000 128 128
31446 00000000 128 128
31478 00002000 128 128
31482 00000000 128 128
31514 00002000 128 128
31518 00000000 128 128
31550 00002000 128 128
31554 00000000 128 128
31586 00002000 128 128
31590 00000000 128 128
31622 00002000 128 128
31626 00000000 128 128
31658 00002000 128 128
31662 00000000 128 128
31814 00004000 128 128
31818 00000000 128 128
31850 00004000 128 128
31854 00000000 128 128
31886 00004000 128 128
31890 00000000 128 128
31922 00004000 128 128
31926 00000000 128 128
31958 00004000 128 128
31962 00000000 128 128
31994 00004000 128 128
31998 00000000 128 128
32030 00004000 128 128
32034 00000000 128 128
32066 00004000 128 128
32070 00000000 128 128
32102 00004000 128 128
32106 00000000 128 128
32138 00004000 128 128
32142 00000000 128 128
32174 00004000 128 128
32178 00000000 128 128
32210 00004000 128 128
32214 00000000 128 128
32246 00004000 128 128
32250 00000000 128 128
32282 00004000 128 128
32286 00000000 128 128
32318 00004000 128 128
32322 00000000 128 128
32354 00004000 128 128
32358 00000000 128 128
32390 00004000 128 128
32394 00000000 128 128
32426 00004000 128 128
32430 00000000 128 128
32462 00004000 128 128
32466 00000000 128 128
32498 00004000 128 128
32502 00000000 128 128
32594 00000010 128 128
33494 00000000 128 128
33556 00000010 128 128
34456 00000000 128 128
34518 00004000 128 128
34522 00000000 128 128
34554 00004000 128 128
34558 00000000 128 128
34590 00004000 128 128
34594 00000000 128 128
34626 00004000 128 128
34630 00000000 128 128
34662 00004000 128 128
34666 00000000 128 128
34698 00004000 128 128
34702 00000000 128 128
34734 00004000 128 128
34738 00000000 128 128
34770 00004000 128 128
34774 00000000 128 128
34806 00004000 128 128
34810 00000000 128 128
34842 00004000 128 128
34846 00000000 128 128
34878 00004000 128 128
34882 00000000 128 128
34914 00004000 128 128
34918 00000000 128 128
34950 00004000 128 128
34954 00000000 128 128
34986 00004000 128 128
34990 00000000 128 128
35022 00004000 128 128
35026 00000000 128 128
35058 00004000 128 128
35062 00000000 128 128
35094 00004000 128 128
35098 00000000 128 128
35130 00004000 128 128
35134 00000000 128 128
35166 00004000 128 128
35170 00000000 128 128
35202 00004000 128 128
35206 00000000 128 128
35298 00001000 128 128
35302 00000000 128 128
35404 00000010 128 128
35410 00000000 128 128
35432 00000010 128 128
35438 00000000 128 128
35460 00000010 128 128
35466 00000000 128 128
35488 00000020 128 128
35494 00000000 128 128
35526 00002000 128 128
35530 00000000 128 128
35942 00002000 128 128
35946 00000000 128 128
36158 00002000 128 128
36162 00000000 128 128
36374 00002000 128 128
36378 00000000 128 128
36590 00002000 128 128
36594 00000000 128 128
36806 00002000 128 128
36810 00000000 128 128
37082 00000000 128 128
