0 00000000 128 128
150 00000008 128 128
152 00000000 128 128
300 00000008 128 128
302 00000000 128 128
450 00002000 128 128
452 00000000 128 128
760 00000080 128 128
808 00000000 128 128
840 00000010 128 128
888 00000000 128 128
920 00000020 128 128
936 00000000 128 128
968 00000020 128 128
976 00000000 128 128
1008 00002000 128 128
1012 00000000 128 128
1144 00004000 128 128
1148 00000000 128 128
1180 00004000 128 128
1184 00000000 128 128
1216 00004000 128 128
1220 00000000 128 128
1252 00004000 128 128
1256 00000000 128 128
1288 00004000 128 128
1292 00000000 128 128
1324 00004000 128 128
1328 00000000 128 128
1360 00004000 128 128
1364 00000000 128 128
1396 00004000 128 128
1400 00000000 128 128
1432 00004000 128 128
1436 00000000 128 128
1468 00004000 128 128
1472 00000000 128 128
1504 00004000 128 128
1508 00000000 128 128
1540 00004000 128 128
1544 00000000 128 128
1576 00004000 128 128
1580 00000000 128 128
1612 00004000 128 128
1616 00000000 128 128
1648 00004000 128 128
1652 00000000 128 128
1684 00004000 128 128
1688 00000000 128 128
1720 00004000 128 128
1724 00000000 128 128
1756 00004000 128 128
1760 00000000 128 128
1792 00004000 128 128
1796 00000000 128 128
1828 00004000 128 128
1832 00000000 128 128
1864 00004000 128 128
1868 00000000 128 128
1900 00004000 128 128
1904 00000000 128 128
1936 00004000 128 128
1940 00000000 128 128
1972 00004000 128 128
1976 00000000 128 128
2008 00004000 128 128
2012 00000000 128 128
2044 00004000 128 128
2048 00000000 128 128
2080 00004000 128 128
2084 00000000 128 128
2116 00004000 128 128
2120 00000000 128 128
2152 00004000 128 128
2156 00000000 128 128
2188 00004000 128 128
2192 00000000 128 128
2224 00004000 128 128
2228 00000000 128 128
2260 00004000 128 128
2264 00000000 128 128
2296 00004000 128 128
2300 00000000 128 128
2332 00004000 128 128
2336 00000000 128 128
2368 00004000 128 128
2372 00000000 128 128
2404 00004000 128 128
2408 00000000 128 128
2440 00004000 128 128
2444 00000000 128 128
2476 00004000 128 128
2480 00000000 128 128
2512 00004000 128 128
2516 00000000 128 128
2548 00004000 128 128
2552 00000000 128 128
2584 00004000 128 128
2588 00000000 128 128
2620 00004000 128 128
2624 00000000 128 128
2656 00004000 128 128
2660 00000000 128 128
2692 00004000 128 128
2696 00000000 128 128
2728 00004000 128 128
2732 00000000 128 128
2764 00004000 128 128
2768 00000000 128 128
2800 00004000 128 128
2804 00000000 128 128
2836 00004000 128 128
2840 00000000 128 128
2872 00004000 128 128
2876 00000000 128 128
2908 00004000 128 128
2912 00000000 128 128
2944 00004000 128 128
2948 00000000 128 128
2980 00004000 128 128
2984 00000000 128 128
3016 00004000 128 128
3020 00000000 128 128
3052 00004000 128 128
3056 00000000 128 128
3088 00004000 128 128
3092 00000000 128 128
3124 00004000 128 128
3128 00000000 128 128
3160 00004000 128 128
3164 00000000 128 128
3196 00004000 128 128
3200 00000000 128 128
3232 00004000 128 128
3236 00000000 128 128
3268 00004000 128 128
3272 00000000 128 128
3604 00004000 128 128
3608 00000000 128 128
3640 00004000 128 128
3644 00000000 128 128
3676 00004000 128 128
3680 00000000 128 128
3712 00004000 128 128
3716 00000000 128 128
3788 00004000 128 128
3792 00000000 128 128
3824 00004000 128 128
3828 00000000 128 128
3860 00004000 128 128
3864 00000000 128 128
3896 00004000 128 128
3900 00000000 128 128
3972 00000010 128 128
3978 00000000 128 128
4000 00000010 128 128
4006 00000000 128 128
4028 00002000 128 128
4032 00000000 128 128
4164 00000010 128 128
4170 00000000 128 128
4202 00000010 128 128
4208 00000000 128 128
4240 00000080 128 128
4246 00000000 128 128
4278 00000040 128 128
4284 00000000 128 128
4316 00002000 128 128
4320 00000000 128 128
4392 00002000 128 128
4396 00000000 128 128
4428 00002000 128 128
4432 00000000 128 128
4464 00002000 128 128
4468 00000000 128 128
4500 00002000 128 128
4504 00000000 128 128
4536 00002000 128 128
4540 00000000 128 128
4572 00002000 128 128
4576 00000000 128 128
4608 00002000 128 128
4612 00000000 128 128
4644 00002000 128 128
4648 00000000 128 128
4680 00002000 128 128
4684 00000000 128 128
4716 00002000 128 128
4720 00000000 128 128
4752 00002000 128 128
4756 00000000 128 128
4788 00002000 128 128
4792 00000000 128 128
4884 00004000 128 128
4888 00000000 128 128
4920 00004000 128 128
4924 00000000 128 128
4956 00004000 128 128
4960 00000000 128 128
4992 00004000 128 128
4996 00000000 128 128
5068 00004000 128 128
5072 00000000 128 128
5104 00004000 128 128
5108 00000000 128 128
5140 00004000 128 128
5144 00000000 128 128
5176 00004000 128 128
5180 00000000 128 128
5252 00000010 128 128
5258 00000000 128 128
5280 00000010 128 128
5286 00000000 128 128
5308 00002000 128 128
5312 00000000 128 128
5444 00000010 128 128
5450 00000000 128 128
5482 00000010 128 128
5488 00000000 128 128
5520 00000080 128 128
5526 00000000 128 128
5558 00000040 128 128
5564 00000000 128 128
5596 00002000 128 128
5600 00000000 128 128
5672 00002000 128 128
5676 00000000 128 128
5708 00002000 128 128
5712 00000000 128 128
5744 00002000 128 128
5748 00000000 128 128
5780 00002000 128 128
5784 00000000 128 128
5816 00002000 128 128
5820 00000000 128 128
5852 00002000 128 128
5856 00000000 128 128
5888 00002000 128 128
5892 00000000 128 128
5924 00002000 128 128
5928 00000000 128 128
5960 00002000 128 128
5964 00000000 128 128
5996 00002000 128 128
6000 00000000 128 128
6032 00002000 128 128
6036 00000000 128 128
6068 00002000 128 128
6072 00000000 128 128
6164 00004000 128 128
6168 00000000 128 128
6200 00004000 128 128
6204 00000000 128 128
6236 00004000 128 128
6240 00000000 128 128
6272 00004000 128 128
6276 00000000 128 128
6348 00004000 128 128
6352 00000000 128 128
6384 00004000 128 128
6388 00000000 128 128
6420 00004000 128 128
6424 00000000 128 128
6456 00004000 128 128
6460 00000000 128 128
6532 00000010 128 128
6538 00000000 128 128
6560 00000010 128 128
6566 00000000 128 128
6588 00002000 128 128
6592 00000000 128 128
6724 00000010 128 128
6730 00000000 128 128
6762 00000010 128 128
6768 00000000 128 128
6800 00000080 128 128
6806 00000000 128 128
6838 00000040 128 128
6844 00000000 128 128
6876 00002000 128 128
6880 00000000 128 128
6952 00002000 128 128
6956 00000000 128 128
6988 00002000 128 128
6992 00000000 128 128
7024 00002000 128 128
7028 00000000 128 128
7060 00002000 128 128
7064 00000000 128 128
7096 00002000 128 128
7100 00000000 128 128
7132 00002000 128 128
7136 00000000 128 128
7168 00002000 128 128
7172 00000000 128 128
7204 00002000 128 128
7208 00000000 128 128
7240 00002000 128 128
7244 00000000 128 128
7276 00002000 128 128
7280 00000000 128 128
7312 00002000 128 128
7316 00000000 128 128
7348 00002000 128 128
7352 00000000 128 128
7504 00000000 128 128
