0 00000000 128 128
150 00000008 128 128
152 00000000 128 128
300 00000008 128 128
302 00000000 128 128
450 00002000 128 128
452 00000000 128 128
1200 00000010 128 128
1208 00000000 128 128
1232 00000020 128 128
1312 00000000 128 128
1336 00000010 128 128
1416 00000000 128 128
1440 00000080 128 128
1640 00000000 128 128
1664 00000010 128 128
1680 00000000 128 128
1704 00000080 128 128
1904 00000000 128 128
1928 00000040 128 128
1944 00000000 128 128
1968 00000080 128 128
2168 00000000 128 128
2192 00000010 128 128
2208 00000000 128 128
2232 00000080 128 128
2432 00000000 128 128
2456 00000040 128 128
2472 00000000 128 128
2496 00000080 128 128
2696 00000000 128 128
2720 00000010 128 128
2736 00000000 128 128
2760 00000080 128 128
2960 00000000 128 128
2984 00000040 128 128
3000 00000000 128 128
3024 00000080 128 128
3224 00000000 128 128
3248 00000010 128 128
3264 00000000 128 128
3588 00000000 128 128
