0 00000000 128 128
150 00000008 128 128
152 00000000 128 128
300 00000008 128 128
302 00000000 128 128
450 00002000 128 128
452 00000000 128 128
700 00000080 128 128
1300 00000000 128 128
1302 00000010 128 128
1902 00000000 128 128
1904 00000020 128 128
2000 00000000 128 128
2002 00000010 128 128
2602 00000000 128 128
2604 00004000 128 128
2608 00000000 128 128
2640 00004000 128 128
2644 00000000 128 128
2676 00004000 128 128
2680 00000000 128 128
2712 00004000 128 128
2716 00000000 128 128
2748 00004000 128 128
2752 00000000 128 128
2784 00004000 128 128
2788 00000000 128 128
2820 00004000 128 128
2824 00000000 128 128
2856 00004000 128 128
2860 00000000 128 128
2892 00004000 128 128
2896 00000000 128 128
2928 00004000 128 128
2932 00000000 128 128
2964 00004000 128 128
2968 00000000 128 128
3000 00004000 128 128
3004 00000000 128 128
3036 00004000 128 128
3040 00000000 128 128
3072 00004000 128 128
3076 00000000 128 128
3108 00004000 128 128
3112 00000000 128 128
3144 00004000 128 128
3148 00000000 128 128
3180 00004000 128 128
3184 00000000 128 128
3216 00004000 128 128
3220 00000000 128 128
3252 00004000 128 128
3256 00000000 128 128
3288 00004000 128 128
3292 00000000 128 128
3324 00004000 128 128
3328 00000000 128 128
3360 00004000 128 128
3364 00000000 128 128
3396 00004000 128 128
3400 00000000 128 128
3432 00004000 128 128
3436 00000000 128 128
3468 00004000 128 128
3472 00000000 128 128
3504 00004000 128 128
3508 00000000 128 128
3540 00004000 128 128
3544 00000000 128 128
3576 00004000 128 128
3580 00000000 128 128
3612 00004000 128 128
3616 00000000 128 128
3648 00004000 128 128
3652 00000000 128 128
3684 00004000 128 128
3688 00000000 128 128
3720 00004000 128 128
3724 00000000 128 128
3756 00004000 128 128
3760 00000000 128 128
3792 00004000 128 128
3796 00000000 128 128
3828 00004000 128 128
3832 00000000 128 128
3864 00004000 128 128
3868 00000000 128 128
3900 00004000 128 128
3904 00000000 128 128
3936 00004000 128 128
3940 00000000 128 128
3972 00004000 128 128
3976 00000000 128 128
4008 00004000 128 128
4012 00000000 128 128
4044 00004000 128 128
4048 00000000 128 128
4080 00004000 128 128
4084 00000000 128 128
4116 00004000 128 128
4120 00000000 128 128
4152 00004000 128 128
4156 00000000 128 128
4188 00004000 128 128
4192 00000000 128 128
4224 00004000 128 128
4228 00000000 128 128
4260 00004000 128 128
4264 00000000 128 128
4296 00004000 128 128
4300 00000000 128 128
4332 00004000 128 128
4336 00000000 128 128
4368 00004000 128 128
4372 00000000 128 128
4404 00004000 128 128
4408 00000000 128 128
4440 00004000 128 128
4444 00000000 128 128
4476 00004000 128 128
4480 00000000 128 128
4512 00004000 128 128
4516 00000000 128 128
4548 00004000 128 128
4552 00000000 128 128
4584 00004000 128 128
4588 00000000 128 128
4620 00004000 128 128
4624 00000000 128 128
4656 00004000 128 128
4660 00000000 128 128
4692 00004000 128 128
4696 00000000 128 128
4728 00004000 128 128
4732 00000000 128 128
4824 00000010 128 128
5724 00000000 128 128
5726 00000020 128 128
6026 00000000 128 128
6028 00000010 128 128
6928 00000000 128 128
6930 00004000 128 128
6934 00000000 128 128
6966 00004000 128 128
6970 00000000 128 128
7002 00004000 128 128
7006 00000000 128 128
7038 00004000 128 128
7042 00000000 128 128
7074 00004000 128 128
7078 00000000 128 128
7110 00004000 128 128
7114 00000000 128 128
7146 00004000 128 128
7150 00000000 128 128
7182 00004000 128 128
7186 00000000 128 128
7218 00004000 128 128
7222 00000000 128 128
7254 00004000 128 128
7258 00000000 128 128
7290 00004000 128 128
7294 00000000 128 128
7326 00004000 128 128
7330 00000000 128 128
7362 00004000 128 128
7366 00000000 128 128
7398 00004000 128 128
7402 00000000 128 128
7434 00004000 128 128
7438 00000000 128 128
7470 00004000 128 128
7474 00000000 128 128
7506 00004000 128 128
7510 00000000 128 128
7542 00004000 128 128
7546 00000000 128 128
7578 00004000 128 128
7582 00000000 128 128
7614 00004000 128 128
7618 00000000 128 128
7650 00004000 128 128
7654 00000000 128 128
7686 00004000 128 128
7690 00000000 128 128
7722 00004000 128 128
7726 00000000 128 128
7758 00004000 128 128
7762 00000000 128 128
7794 00004000 128 128
7798 00000000 128 128
7830 00004000 128 128
7834 00000000 128 128
7866 00004000 128 128
7870 00000000 128 128
7902 00004000 128 128
7906 00000000 128 128
7938 00004000 128 128
7942 00000000 128 128
7974 00004000 128 128
7978 00000000 128 128
8010 00004000 128 128
8014 00000000 128 128
8046 00004000 128 128
8050 00000000 128 128
8082 00004000 128 128
8086 00000000 128 128
8118 00004000 128 128
8122 00000000 128 128
8154 00004000 128 128
8158 00000000 128 128
8190 00004000 128 128
8194 00000000 128 128
8226 00004000 128 128
8230 00000000 128 128
8262 00004000 128 128
8266 00000000 128 128
8298 00004000 128 128
8302 00000000 128 128
8334 00004000 128 128
8338 00000000 128 128
8370 00004000 128 128
8374 00000000 128 128
8406 00004000 128 128
8410 00000000 128 128
8442 00004000 128 128
8446 00000000 128 128
8478 00004000 128 128
8482 00000000 128 128
8514 00004000 128 128
8518 00000000 128 128
8550 00004000 128 128
8554 00000000 128 128
8586 00004000 128 128
8590 00000000 128 128
8622 00004000 128 128
8626 00000000 128 128
8658 00004000 128 128
8662 00000000 128 128
8694 00004000 128 128
8698 00000000 128 128
8730 00004000 128 128
8734 00000000 128 128
8766 00004000 128 128
8770 00000000 128 128
8802 00004000 128 128
8806 00000000 128 128
8838 00004000 128 128
8842 00000000 128 128
8874 00004000 128 128
8878 00000000 128 128
8910 00004000 128 128
8914 00000000 128 128
8946 00004000 128 128
8950 00000000 128 128
8982 00004000 128 128
8986 00000000 128 128
9018 00004000 128 128
9022 00000000 128 128
9054 00004000 128 128
9058 00000000 128 128
9090 00004000 128 128
9094 00000000 128 128
9126 00004000 128 128
9130 00000000 128 128
9162 00004000 128 128
9166 00000000 128 128
9198 00004000 128 128
9202 00000000 128 128
9234 00004000 128 128
9238 00000000 128 128
9270 00004000 128 128
9274 00000000 128 128
9306 00004000 128 128
9310 00000000 128 128
9342 00004000 128 128
9346 00000000 128 128
9378 00004000 128 128
9382 00000000 128 128
9414 00004000 128 128
9418 00000000 128 128
9450 00004000 128 128
9454 00000000 128 128
9486 00004000 128 128
9490 00000000 128 128
9522 00004000 128 128
9526 00000000 128 128
9558 00004000 128 128
9562 00000000 128 128
9594 00004000 128 128
9598 00000000 128 128
9630 00004000 128 128
9634 00000000 128 128
9666 00004000 128 128
9670 00000000 128 128
9702 00004000 128 128
9706 00000000 128 128
9738 00004000 128 128
9742 00000000 128 128
9774 00004000 128 128
9778 00000000 128 128
10110 00000020 128 128
10210 00000000 128 128
10212 00000010 128 128
11112 00000000 128 128
11114 00004000 128 128
11118 00000000 128 128
11150 00004000 128 128
11154 00000000 128 128
11186 00004000 128 128
11190 00000000 128 128
11222 00004000 128 128
11226 00000000 128 128
11258 00004000 128 128
11262 00000000 128 128
11294 00004000 128 128
11298 00000000 128 128
11330 00004000 128 128
11334 00000000 128 128
11366 00004000 128 128
11370 00000000 128 128
11402 00004000 128 128
11406 00000000 128 128
11438 00004000 128 128
11442 00000000 128 128
11534 00000020 128 128
11594 00000000 128 128
11596 00000010 128 128
12496 00000000 128 128
12498 00000020 128 128
12798 00000000 128 128
12800 00000010 128 128
13700 00000000 128 128
13702 00000080 128 128
13762 00000000 128 128
13764 00000010 128 128
14664 00000000 128 128
14666 00000020 128 128
15266 00000000 128 128
15268 00000010 128 128
16168 00000000 128 128
16170 00000040 128 128
16210 00000000 128 128
16212 00000020 128 128
16244 00000000 128 128
16246 00000010 128 128
16286 00000000 128 128
16348 00000010 128 128
16428 00000000 128 128
16460 00004000 128 128
16464 00000000 128 128
16496 00004000 128 128
16500 00000000 128 128
16532 00004000 128 128
16536 00000000 128 128
16568 00004000 128 128
16572 00000000 128 128
16604 00004000 128 128
16608 00000000 128 128
16640 00004000 128 128
16644 00000000 128 128
16676 00004000 128 128
16680 00000000 128 128
16712 00004000 128 128
16716 00000000 128 128
16748 00004000 128 128
16752 00000000 128 128
16784 00004000 128 128
16788 00000000 128 128
16820 00004000 128 128
16824 00000000 128 128
16856 00004000 128 128
16860 00000000 128 128
16892 00004000 128 128
16896 00000000 128 128
16928 00004000 128 128
16932 00000000 128 128
16964 00004000 128 128
16968 00000000 128 128
17000 00004000 128 128
17004 00000000 128 128
17036 00004000 128 128
17040 00000000 128 128
17072 00004000 128 128
17076 00000000 128 128
17108 00004000 128 128
17112 00000000 128 128
17144 00004000 128 128
17148 00000000 128 128
17180 00004000 128 128
17184 00000000 128 128
17216 00004000 128 128
17220 00000000 128 128
17252 00004000 128 128
17256 00000000 128 128
17288 00004000 128 128
17292 00000000 128 128
17324 00004000 128 128
17328 00000000 128 128
17360 00004000 128 128
17364 00000000 128 128
17396 00004000 128 128
17400 00000000 128 128
17432 00004000 128 128
17436 00000000 128 128
17468 00004000 128 128
17472 00000000 128 128
17504 00004000 128 128
17508 00000000 128 128
17540 00004000 128 128
17544 00000000 128 128
17576 00004000 128 128
17580 00000000 128 128
17612 00004000 128 128
17616 00000000 128 128
17648 00004000 128 128
17652 00000000 128 128
17684 00004000 128 128
17688 00000000 128 128
17720 00004000 128 128
17724 00000000 128 128
17756 00004000 128 128
17760 00000000 128 128
17792 00004000 128 128
17796 00000000 128 128
17828 00004000 128 128
17832 00000000 128 128
17864 00004000 128 128
17868 00000000 128 128
17900 00004000 128 128
17904 00000000 128 128
17936 00004000 128 128
17940 00000000 128 128
17972 00004000 128 128
17976 00000000 128 128
18008 00004000 128 128
18012 00000000 128 128
18044 00004000 128 128
18048 00000000 128 128
18080 00004000 128 128
18084 00000000 128 128
18116 00004000 128 128
18120 00000000 128 128
18152 00004000 128 128
18156 00000000 128 128
18188 00004000 128 128
18192 00000000 128 128
18224 00004000 128 128
18228 00000000 128 128
18260 00004000 128 128
18264 00000000 128 128
18296 00004000 128 128
18300 00000000 128 128
18332 00004000 128 128
18336 00000000 128 128
18368 00004000 128 128
18372 00000000 128 128
18404 00004000 128 128
18408 00000000 128 128
18440 00004000 128 128
18444 00000000 128 128
18476 00004000 128 128
18480 00000000 128 128
18512 00004000 128 128
18516 00000000 128 128
18548 00004000 128 128
18552 00000000 128 128
18584 00004000 128 128
18588 00000000 128 128
18620 00004000 128 128
18624 00000000 128 128
18656 00004000 128 128
18660 00000000 128 128
18692 00004000 128 128
18696 00000000 128 128
18728 00004000 128 128
18732 00000000 128 128
18764 00004000 128 128
18768 00000000 128 128
18800 00004000 128 128
18804 00000000 128 128
18836 00004000 128 128
18840 00000000 128 128
18872 00004000 128 128
18876 00000000 128 128
18908 00004000 128 128
18912 00000000 128 128
18944 00004000 128 128
18948 00000000 128 128
18980 00004000 128 128
18984 00000000 128 128
19016 00004000 128 128
19020 00000000 128 128
19052 00004000 128 128
19056 00000000 128 128
19088 00004000 128 128
19092 00000000 128 128
19124 00004000 128 128
19128 00000000 128 128
19160 00004000 128 128
19164 00000000 128 128
19196 00004000 128 128
19200 00000000 128 128
19232 00004000 128 128
19236 00000000 128 128
19268 00004000 128 128
19272 00000000 128 128
19304 00004000 128 128
19308 00000000 128 128
19340 00004000 128 128
19344 00000000 128 128
19376 00004000 128 128
19380 00000000 128 128
19412 00004000 128 128
19416 00000000 128 128
19448 00004000 128 128
19452 00000000 128 128
19484 00004000 128 128
19488 00000000 128 128
19520 00004000 128 128
19524 00000000 128 128
19556 00004000 128 128
19560 00000000 128 128
19592 00004000 128 128
19596 00000000 128 128
19628 00004000 128 128
19632 00000000 128 128
19664 00004000 128 128
19668 00000000 128 128
19700 00004000 128 128
19704 00000000 128 128
19736 00004000 128 128
19740 00000000 128 128
19772 00004000 128 128
19776 00000000 128 128
19808 00004000 128 128
19812 00000000 128 128
19844 00004000 128 128
19848 00000000 128 128
19880 00004000 128 128
19884 00000000 128 128
19916 00004000 128 128
19920 00000000 128 128
19952 00004000 128 128
19956 00000000 128 128
19988 00004000 128 128
19992 00000000 128 128
20024 00004000 128 128
20028 00000000 128 128
20060 00004000 128 128
20064 00000000 128 128
20096 00004000 128 128
20100 00000000 128 128
20132 00004000 128 128
20136 00000000 128 128
20168 00004000 128 128
20172 00000000 128 128
20204 00004000 128 128
20208 00000000 128 128
20240 00004000 128 128
20244 00000000 128 128
20276 00004000 128 128
20280 00000000 128 128
20312 00004000 128 128
20316 00000000 128 128
20348 00004000 128 128
20352 00000000 128 128
20384 00004000 128 128
20388 00000000 128 128
20420 00004000 128 128
20424 00000000 128 128
20456 00004000 128 128
20460 00000000 128 128
20492 00004000 128 128
20496 00000000 128 128
20528 00004000 128 128
20532 00000000 128 128
20564 00004000 128 128
20568 00000000 128 128
20600 00004000 128 128
20604 00000000 128 128
20636 00004000 128 128
20640 00000000 128 128
20672 00004000 128 128
20676 00000000 128 128
20708 00004000 128 128
20712 00000000 128 128
20744 00004000 128 128
20748 00000000 128 128
20780 00004000 128 128
20784 00000000 128 128
20816 00004000 128 128
20820 00000000 128 128
20852 00004000 128 128
20856 00000000 128 128
20888 00004000 128 128
20892 00000000 128 128
20924 00004000 128 128
20928 00000000 128 128
20960 00004000 128 128
20964 00000000 128 128
20996 00004000 128 128
21000 00000000 128 128
21032 00004000 128 128
21036 00000000 128 128
21068 00004000 128 128
21072 00000000 128 128
21104 00004000 128 128
21108 00000000 128 128
21140 00004000 128 128
21144 00000000 128 128
21176 00004000 128 128
21180 00000000 128 128
21212 00004000 128 128
21216 00000000 128 128
21248 00004000 128 128
21252 00000000 128 128
21284 00004000 128 128
21288 00000000 128 128
21320 00004000 128 128
21324 00000000 128 128
21356 00004000 128 128
21360 00000000 128 128
21392 00004000 128 128
21396 00000000 128 128
21428 00004000 128 128
21432 00000000 128 128
21464 00004000 128 128
21468 00000000 128 128
21500 00004000 128 128
21504 00000000 128 128
21536 00004000 128 128
21540 00000000 128 128
21572 00004000 128 128
21576 00000000 128 128
21608 00004000 128 128
21612 00000000 128 128
21644 00004000 128 128
21648 00000000 128 128
21680 00004000 128 128
21684 00000000 128 128
21716 00004000 128 128
21720 00000000 128 128
21752 00004000 128 128
21756 00000000 128 128
21788 00004000 128 128
21792 00000000 128 128
21824 00004000 128 128
21828 00000000 128 128
21860 00004000 128 128
21864 00000000 128 128
21896 00004000 128 128
21900 00000000 128 128
21932 00004000 128 128
21936 00000000 128 128
21968 00004000 128 128
21972 00000000 128 128
22004 00004000 128 128
22008 00000000 128 128
22040 00004000 128 128
22044 00000000 128 128
22076 00004000 128 128
22080 00000000 128 128
22112 00004000 128 128
22116 00000000 128 128
22148 00004000 128 128
22152 00000000 128 128
22184 00004000 128 128
22188 00000000 128 128
22220 00004000 128 128
22224 00000000 128 128
22256 00004000 128 128
22260 00000000 128 128
22292 00004000 128 128
22296 00000000 128 128
22328 00004000 128 128
22332 00000000 128 128
22364 00004000 128 128
22368 00000000 128 128
22400 00004000 128 128
22404 00000000 128 128
22436 00004000 128 128
22440 00000000 128 128
22472 00004000 128 128
22476 00000000 128 128
22508 00004000 128 128
22512 00000000 128 128
22544 00004000 128 128
22548 00000000 128 128
22580 00004000 128 128
22584 00000000 128 128
22616 00004000 128 128
22620 00000000 128 128
22652 00004000 128 128
22656 00000000 128 128
22688 00004000 128 128
22692 00000000 128 128
22724 00004000 128 128
22728 00000000 128 128
22760 00004000 128 128
22764 00000000 128 128
22796 00004000 128 128
22800 00000000 128 128
22832 00004000 128 128
22836 00000000 128 128
22868 00004000 128 128
22872 00000000 128 128
22904 00004000 128 128
22908 00000000 128 128
22940 00004000 128 128
22944 00000000 128 128
22976 00004000 128 128
22980 00000000 128 128
23012 00004000 128 128
23016 00000000 128 128
23048 00004000 128 128
23052 00000000 128 128
23084 00004000 128 128
23088 00000000 128 128
23120 00004000 128 128
23124 00000000 128 128
23156 00004000 128 128
23160 00000000 128 128
23192 00004000 128 128
23196 00000000 128 128
23228 00004000 128 128
23232 00000000 128 128
23264 00004000 128 128
23268 00000000 128 128
23300 00004000 128 128
23304 00000000 128 128
23336 00004000 128 128
23340 00000000 128 128
23372 00004000 128 128
23376 00000000 128 128
23408 00004000 128 128
23412 00000000 128 128
23444 00004000 128 128
23448 00000000 128 128
23480 00004000 128 128
23484 00000000 128 128
23516 00004000 128 128
23520 00000000 128 128
23552 00004000 128 128
23556 00000000 128 128
23588 00004000 128 128
23592 00000000 128 128
23624 00004000 128 128
23628 00000000 128 128
23660 00004000 128 128
23664 00000000 128 128
23696 00004000 128 128
23700 00000000 128 128
23732 00004000 128 128
23736 00000000 128 128
23768 00004000 128 128
23772 00000000 128 128
23804 00004000 128 128
23808 00000000 128 128
23840 00004000 128 128
23844 00000000 128 128
23876 00004000 128 128
23880 00000000 128 128
23912 00004000 128 128
23916 00000000 128 128
23948 00004000 128 128
23952 00000000 128 128
23984 00004000 128 128
23988 00000000 128 128
24020 00004000 128 128
24024 00000000 128 128
24056 00004000 128 128
24060 00000000 128 128
24092 00004000 128 128
24096 00000000 128 128
24128 00004000 128 128
24132 00000000 128 128
24164 00004000 128 128
24168 00000000 128 128
24200 00004000 128 128
24204 00000000 128 128
24236 00004000 128 128
24240 00000000 128 128
24272 00004000 128 128
24276 00000000 128 128
24308 00004000 128 128
24312 00000000 128 128
24344 00004000 128 128
24348 00000000 128 128
24380 00004000 128 128
24384 00000000 128 128
24416 00004000 128 128
24420 00000000 128 128
24452 00004000 128 128
24456 00000000 128 128
24488 00004000 128 128
24492 00000000 128 128
24524 00004000 128 128
24528 00000000 128 128
24560 00004000 128 128
24564 00000000 128 128
24596 00004000 128 128
24600 00000000 128 128
24632 00004000 128 128
24636 00000000 128 128
24668 00004000 128 128
24672 00000000 128 128
24704 00004000 128 128
24708 00000000 128 128
24740 00004000 128 128
24744 00000000 128 128
24776 00004000 128 128
24780 00000000 128 128
24812 00004000 128 128
24816 00000000 128 128
24848 00004000 128 128
24852 00000000 128 128
24884 00004000 128 128
24888 00000000 128 128
24920 00004000 128 128
24924 00000000 128 128
24956 00004000 128 128
24960 00000000 128 128
24992 00004000 128 128
24996 00000000 128 128
25028 00004000 128 128
25032 00000000 128 128
25064 00004000 128 128
25068 00000000 128 128
25100 00004000 128 128
25104 00000000 128 128
25136 00004000 128 128
25140 00000000 128 128
25172 00004000 128 128
25176 00000000 128 128
25208 00004000 128 128
25212 00000000 128 128
25244 00004000 128 128
25248 00000000 128 128
25280 00004000 128 128
25284 00000000 128 128
25316 00004000 128 128
25320 00000000 128 128
25352 00004000 128 128
25356 00000000 128 128
25388 00004000 128 128
25392 00000000 128 128
25424 00004000 128 128
25428 00000000 128 128
25460 00004000 128 128
25464 00000000 128 128
25496 00004000 128 128
25500 00000000 128 128
25532 00004000 128 128
25536 00000000 128 128
25568 00004000 128 128
25572 00000000 128 128
25604 00004000 128 128
25608 00000000 128 128
25640 00004000 128 128
25644 00000000 128 128
25676 00004000 128 128
25680 00000000 128 128
25712 00004000 128 128
25716 00000000 128 128
25748 00004000 128 128
25752 00000000 128 128
25784 00004000 128 128
25788 00000000 128 128
25820 00004000 128 128
25824 00000000 128 128
25856 00004000 128 128
25860 00000000 128 128
25892 00004000 128 128
25896 00000000 128 128
25928 00004000 128 128
25932 00000000 128 128
25964 00004000 128 128
25968 00000000 128 128
26000 00004000 128 128
26004 00000000 128 128
26036 00004000 128 128
26040 00000000 128 128
26072 00004000 128 128
26076 00000000 128 128
26108 00004000 128 128
26112 00000000 128 128
26144 00004000 128 128
26148 00000000 128 128
26180 00004000 128 128
26184 00000000 128 128
26216 00004000 128 128
26220 00000000 128 128
26252 00004000 128 128
26256 00000000 128 128
26288 00004000 128 128
26292 00000000 128 128
26324 00004000 128 128
26328 00000000 128 128
26360 00004000 128 128
26364 00000000 128 128
26396 00004000 128 128
26400 00000000 128 128
26432 00004000 128 128
26436 00000000 128 128
26468 00004000 128 128
26472 00000000 128 128
26504 00004000 128 128
26508 00000000 128 128
26540 00004000 128 128
26544 00000000 128 128
26576 00004000 128 128
26580 00000000 128 128
26612 00004000 128 128
26616 00000000 128 128
26648 00004000 128 128
26652 00000000 128 128
26684 00004000 128 128
26688 00000000 128 128
26720 00004000 128 128
26724 00000000 128 128
26756 00004000 128 128
26760 00000000 128 128
26792 00004000 128 128
26796 00000000 128 128
26828 00004000 128 128
26832 00000000 128 128
26864 00004000 128 128
26868 00000000 128 128
26900 00004000 128 128
26904 00000000 128 128
26936 00004000 128 128
26940 00000000 128 128
26972 00004000 128 128
26976 00000000 128 128
27008 00004000 128 128
27012 00000000 128 128
27044 00004000 128 128
27048 00000000 128 128
27080 00004000 128 128
27084 00000000 128 128
27116 00004000 128 128
27120 00000000 128 128
27152 00004000 128 128
27156 00000000 128 128
27188 00004000 128 128
27192 00000000 128 128
27224 00004000 128 128
27228 00000000 128 128
27320 00000040 128 128
27360 00000000 128 128
27392 00000000 128 128
