0 00000000 128 128
150 00000008 128 128
152 00000000 128 128
300 00000008 128 128
302 00000000 128 128
450 00002000 128 128
452 00000000 128 128
700 00000080 128 128
708 00000000 128 128
710 00000040 128 128
742 00000000 128 128
744 00000080 128 128
864 00000000 128 128
866 00000010 128 128
938 00000000 128 128
970 00004000 128 128
974 00000000 128 128
1006 00004000 128 128
1010 00000000 128 128
1042 00004000 128 128
1046 00000000 128 128
1078 00004000 128 128
1082 00000000 128 128
1114 00004000 128 128
1118 00000000 128 128
1150 00004000 128 128
1154 00000000 128 128
1186 00004000 128 128
1190 00000000 128 128
1222 00004000 128 128
1226 00000000 128 128
1258 00004000 128 128
1262 00000000 128 128
1294 00004000 128 128
1298 00000000 128 128
1360 00000080 128 128
1368 00000000 128 128
1370 00000010 128 128
1498 00000000 128 128
1560 00000010 128 128
2460 00000000 128 128
2522 00004000 128 128
2526 00000000 128 128
2558 00004000 128 128
2562 00000000 128 128
2594 00004000 128 128
2598 00000000 128 128
2630 00004000 128 128
2634 00000000 128 128
2666 00004000 128 128
2670 00000000 128 128
2702 00004000 128 128
2706 00000000 128 128
2738 00004000 128 128
2742 00000000 128 128
2774 00004000 128 128
2778 00000000 128 128
2810 00004000 128 128
2814 00000000 128 128
2846 00004000 128 128
2850 00000000 128 128
2882 00004000 128 128
2886 00000000 128 128
2918 00004000 128 128
2922 00000000 128 128
2954 00004000 128 128
2958 00000000 128 128
2990 00004000 128 128
2994 00000000 128 128
3026 00004000 128 128
3030 00000000 128 128
3062 00004000 128 128
3066 00000000 128 128
3098 00004000 128 128
3102 00000000 128 128
3134 00004000 128 128
3138 00000000 128 128
3170 00004000 128 128
3174 00000000 128 128
3206 00004000 128 128
3210 00000000 128 128
3302 00000010 128 128
4202 00000000 128 128
4264 00000000 128 128
