0 00000000 128 128
150 00000008 128 128
152 00000000 128 128
300 00000008 128 128
302 00000000 128 128
450 00002000 128 128
452 00000000 128 128
2200 00004000 128 128
2204 00000000 128 128
2236 00004000 128 128
2240 00000000 128 128
2272 00004000 128 128
2276 00000000 128 128
2308 00004000 128 128
2312 00000000 128 128
2344 00004000 128 128
2348 00000000 128 128
2380 00004000 128 128
2384 00000000 128 128
2616 00000010 128 128
2624 00000000 128 128
2686 00000010 128 128
2694 00000000 128 128
3296 00002000 128 128
3300 00000000 128 128
4212 00002000 128 128
4216 00000000 128 128
4248 00002000 128 128
4252 00000000 128 128
4284 00002000 128 128
4288 00000000 128 128
4320 00002000 128 128
4324 00000000 128 128
4356 00002000 128 128
4360 00000000 128 128
4392 00002000 128 128
4396 00000000 128 128
4428 00002000 128 128
4432 00000000 128 128
4464 00002000 128 128
4468 00000000 128 128
4500 00002000 128 128
4504 00000000 128 128
4536 00002000 128 128
4540 00000000 128 128
4572 00002000 128 128
4576 00000000 128 128
4608 00002000 128 128
4612 00000000 128 128
4644 00002000 128 128
4648 00000000 128 128
4680 00002000 128 128
4684 00000000 128 128
4716 00002000 128 128
4720 00000000 128 128
4752 00002000 128 128
4756 00000000 128 128
4788 00002000 128 128
4792 00000000 128 128
4824 00002000 128 128
4828 00000000 128 128
4860 00002000 128 128
4864 00000000 128 128
4896 00002000 128 128
4900 00000000 128 128
6132 00000000 128 128
