0 00000000 128 128
150 00000008 128 128
152 00000000 128 128
300 00000008 128 128
302 00000000 128 128
450 00002000 128 128
452 00000000 128 128
1200 00000040 128 128
1280 00000000 128 128
1320 00000080 128 128
1480 00000000 128 128
1520 00000040 128 128
1536 00000000 128 128
1576 00000080 128 128
1736 00000000 128 128
1776 00000010 128 128
1792 00000000 128 128
1832 00000080 128 128
1992 00000000 128 128
2032 00000040 128 128
2048 00000000 128 128
2088 00000080 128 128
2248 00000000 128 128
2288 00000010 128 128
2304 00000000 128 128
2344 00000080 128 128
2504 00000000 128 128
2544 00000040 128 128
2560 00000000 128 128
2600 00000080 128 128
2760 00000000 128 128
2800 00000010 128 128
2816 00000000 128 128
2856 00000080 128 128
3016 00000000 128 128
3056 00000040 128 128
3072 00000000 128 128
3112 00000080 128 128
3272 00000000 128 128
3312 00000010 128 128
3328 00000000 128 128
3368 00000080 128 128
3528 00000000 128 128
3568 00000040 128 128
3584 00000000 128 128
3624 00000080 128 128
3784 00000000 128 128
3824 00000010 128 128
3840 00000000 128 128
3880 00000080 128 128
4040 00000000 128 128
4080 00000040 128 128
4096 00000000 128 128
4136 00000080 128 128
4296 00000000 128 128
4336 00000010 128 128
4352 00000000 128 128
4392 00000000 128 128
