0 00000000 128 128
150 00000008 128 128
152 00000000 128 128
300 00000008 128 128
302 00000000 128 128
450 00002000 128 128
452 00000000 128 128
2200 00001000 128 128
2204 00000000 128 128
2366 00000020 128 128
2372 00000000 128 128
2434 00000040 128 128
2440 00000000 128 128
2502 00000040 128 128
2508 00000000 128 128
2570 00002000 128 128
2574 00000000 128 128
3786 00000040 128 128
3792 00000000 128 128
3994 00000020 128 128
4000 00000000 128 128
4302 00004000 128 128
4306 00000000 128 128
6418 00000000 128 128
