0 00000000 128 128
150 00000008 128 128
152 00000000 128 128
300 00000008 128 128
302 00000000 128 128
450 00002000 128 128
452 00000000 128 128
700 00000010 128 128
708 00000000 128 128
710 00000080 128 128
718 00000000 128 128
720 00000010 128 128
744 00000000 128 128
746 00000010 128 128
754 00000000 128 128
1056 00004000 128 128
1060 00000000 128 128
1092 00004000 128 128
1096 00000000 128 128
1128 00004000 128 128
1132 00000000 128 128
1164 00004000 128 128
1168 00000000 128 128
1200 00004000 128 128
1204 00000000 128 128
1236 00004000 128 128
1240 00000000 128 128
1272 00004000 128 128
1276 00000000 128 128
1308 00004000 128 128
1312 00000000 128 128
1344 00004000 128 128
1348 00000000 128 128
1380 00004000 128 128
1384 00000000 128 128
1416 00004000 128 128
1420 00000000 128 128
1452 00004000 128 128
1456 00000000 128 128
1488 00004000 128 128
1492 00000000 128 128
1524 00004000 128 128
1528 00000000 128 128
1560 00004000 128 128
1564 00000000 128 128
1596 00004000 128 128
1600 00000000 128 128
1632 00004000 128 128
1636 00000000 128 128
1668 00004000 128 128
1672 00000000 128 128
1704 00004000 128 128
1708 00000000 128 128
1740 00004000 128 128
1744 00000000 128 128
1776 00004000 128 128
1780 00000000 128 128
1812 00004000 128 128
1816 00000000 128 128
1848 00004000 128 128
1852 00000000 128 128
1884 00004000 128 128
1888 00000000 128 128
1920 00004000 128 128
1924 00000000 128 128
1956 00004000 128 128
1960 00000000 128 128
1992 00004000 128 128
1996 00000000 128 128
2028 00004000 128 128
2032 00000000 128 128
2064 00004000 128 128
2068 00000000 128 128
2100 00004000 128 128
2104 00000000 128 128
2136 00004000 128 128
2140 00000000 128 128
2172 00004000 128 128
2176 00000000 128 128
2208 00004000 128 128
2212 00000000 128 128
2244 00004000 128 128
2248 00000000 128 128
2280 00004000 128 128
2284 00000000 128 128
2316 00004000 128 128
2320 00000000 128 128
2352 00004000 128 128
2356 00000000 128 128
2388 00004000 128 128
2392 00000000 128 128
2424 00004000 128 128
2428 00000000 128 128
2460 00004000 128 128
2464 00000000 128 128
2496 00004000 128 128
2500 00000000 128 128
2532 00004000 128 128
2536 00000000 128 128
2568 00004000 128 128
2572 00000000 128 128
2604 00004000 128 128
2608 00000000 128 128
2640 00004000 128 128
2644 00000000 128 128
2676 00004000 128 128
2680 00000000 128 128
2712 00004000 128 128
2716 00000000 128 128
2748 00004000 128 128
2752 00000000 128 128
2784 00004000 128 128
2788 00000000 128 128
2820 00004000 128 128
2824 00000000 128 128
2856 00004000 128 128
2860 00000000 128 128
2892 00004000 128 128
2896 00000000 128 128
2928 00004000 128 128
2932 00000000 128 128
2964 00004000 128 128
2968 00000000 128 128
3000 00004000 128 128
3004 00000000 128 128
3036 00004000 128 128
3040 00000000 128 128
3072 00004000 128 128
3076 00000000 128 128
3108 00004000 128 128
3112 00000000 128 128
3144 00004000 128 128
3148 00000000 128 128
3180 00004000 128 128
3184 00000000 128 128
3216 00004000 128 128
3220 00000000 128 128
3252 00004000 128 128
3256 00000000 128 128
3288 00004000 128 128
3292 00000000 128 128
3324 00004000 128 128
3328 00000000 128 128
3360 00004000 128 128
3364 00000000 128 128
3396 00004000 128 128
3400 00000000 128 128
3432 00004000 128 128
3436 00000000 128 128
3468 00004000 128 128
3472 00000000 128 128
3504 00004000 128 128
3508 00000000 128 128
3540 00004000 128 128
3544 00000000 128 128
3576 00004000 128 128
3580 00000000 128 128
3612 00004000 128 128
3616 00000000 128 128
3648 00004000 128 128
3652 00000000 128 128
3684 00004000 128 128
3688 00000000 128 128
3720 00004000 128 128
3724 00000000 128 128
3756 00004000 128 128
3760 00000000 128 128
3792 00004000 128 128
3796 00000000 128 128
3828 00004000 128 128
3832 00000000 128 128
3864 00004000 128 128
3868 00000000 128 128
3900 00004000 128 128
3904 00000000 128 128
3936 00004000 128 128
3940 00000000 128 128
3972 00004000 128 128
3976 00000000 128 128
4008 00004000 128 128
4012 00000000 128 128
4044 00004000 128 128
4048 00000000 128 128
4080 00004000 128 128
4084 00000000 128 128
4116 00004000 128 128
4120 00000000 128 128
4152 00004000 128 128
4156 00000000 128 128
4188 00004000 128 128
4192 00000000 128 128
4224 00004000 128 128
4228 00000000 128 128
4260 00004000 128 128
4264 00000000 128 128
4296 00004000 128 128
4300 00000000 128 128
4332 00004000 128 128
4336 00000000 128 128
4368 00004000 128 128
4372 00000000 128 128
4404 00004000 128 128
4408 00000000 128 128
4440 00004000 128 128
4444 00000000 128 128
4476 00004000 128 128
4480 00000000 128 128
4512 00004000 128 128
4516 00000000 128 128
4548 00004000 128 128
4552 00000000 128 128
4584 00004000 128 128
4588 00000000 128 128
4620 00004000 128 128
4624 00000000 128 128
4776 00000010 128 128
4808 00000000 128 128
4810 00000080 128 128
4818 00000000 128 128
4820 00000010 128 128
4844 00000000 128 128
4906 00002000 128 128
4910 00000000 128 128
5012 00002000 128 128
5016 00000000 128 128
5058 00000040 128 128
5064 00000000 128 128
5076 00002000 128 128
5080 00000000 128 128
5332 00004000 128 128
5336 00000000 128 128
5368 00004000 128 128
5372 00000000 128 128
5404 00004000 128 128
5408 00000000 128 128
5440 00004000 128 128
5444 00000000 128 128
5496 00002000 128 128
5500 00000000 128 128
5542 00000040 128 128
5548 00000000 128 128
5560 00002000 128 128
5564 00000000 128 128
5816 00004000 128 128
5820 00000000 128 128
5852 00004000 128 128
5856 00000000 128 128
5888 00004000 128 128
5892 00000000 128 128
5924 00004000 128 128
5928 00000000 128 128
5980 00002000 128 128
5984 00000000 128 128
6026 00000040 128 128
6032 00000000 128 128
6044 00002000 128 128
6048 00000000 128 128
6300 00004000 128 128
6304 00000000 128 128
6336 00004000 128 128
6340 00000000 128 128
6372 00004000 128 128
6376 00000000 128 128
6408 00004000 128 128
6412 00000000 128 128
6464 00002000 128 128
6468 00000000 128 128
6510 00000040 128 128
6516 00000000 128 128
6528 00002000 128 128
6532 00000000 128 128
6784 00004000 128 128
6788 00000000 128 128
6820 00004000 128 128
6824 00000000 128 128
6856 00004000 128 128
6860 00000000 128 128
6892 00004000 128 128
6896 00000000 128 128
6948 00002000 128 128
6952 00000000 128 128
6994 00000040 128 128
7000 00000000 128 128
7012 00002000 128 128
7016 00000000 128 128
7268 00004000 128 128
7272 00000000 128 128
7304 00004000 128 128
7308 00000000 128 128
7340 00004000 128 128
7344 00000000 128 128
7376 00004000 128 128
7380 00000000 128 128
7432 00002000 128 128
7436 00000000 128 128
7478 00000040 128 128
7484 00000000 128 128
7496 00002000 128 128
7500 00000000 128 128
7752 00004000 128 128
7756 00000000 128 128
7788 00004000 128 128
7792 00000000 128 128
7824 00004000 128 128
7828 00000000 128 128
7860 00004000 128 128
7864 00000000 128 128
7916 00002000 128 128
7920 00000000 128 128
7962 00000040 128 128
7968 00000000 128 128
7980 00002000 128 128
7984 00000000 128 128
8236 00004000 128 128
8240 00000000 128 128
8272 00004000 128 128
8276 00000000 128 128
8308 00004000 128 128
8312 00000000 128 128
8344 00004000 128 128
8348 00000000 128 128
8400 00002000 128 128
8404 00000000 128 128
8446 00000040 128 128
8452 00000000 128 128
8464 00002000 128 128
8468 00000000 128 128
8720 00004000 128 128
8724 00000000 128 128
8756 00004000 128 128
8760 00000000 128 128
8792 00004000 128 128
8796 00000000 128 128
8828 00004000 128 128
8832 00000000 128 128
8884 00002000 128 128
8888 00000000 128 128
8930 00000040 128 128
8936 00000000 128 128
8948 00002000 128 128
8952 00000000 128 128
9204 00004000 128 128
9208 00000000 128 128
9240 00004000 128 128
9244 00000000 128 128
9276 00004000 128 128
9280 00000000 128 128
9312 00004000 128 128
9316 00000000 128 128
9368 00002000 128 128
9372 00000000 128 128
9414 00000040 128 128
9420 00000000 128 128
9432 00002000 128 128
9436 00000000 128 128
9688 00004000 128 128
9692 00000000 128 128
9724 00004000 128 128
9728 00000000 128 128
9760 00004000 128 128
9764 00000000 128 128
9796 00004000 128 128
9800 00000000 128 128
9852 00002000 128 128
9856 00000000 128 128
9898 00000040 128 128
9904 00000000 128 128
9916 00002000 128 128
9920 00000000 128 128
10172 00004000 128 128
10176 00000000 128 128
10208 00004000 128 128
10212 00000000 128 128
10244 00004000 128 128
10248 00000000 128 128
10280 00004000 128 128
10284 00000000 128 128
10336 00002000 128 128
10340 00000000 128 128
10382 00000040 128 128
10388 00000000 128 128
10400 00002000 128 128
10404 00000000 128 128
10656 00004000 128 128
10660 00000000 128 128
10692 00004000 128 128
10696 00000000 128 128
10728 00004000 128 128
10732 00000000 128 128
10764 00004000 128 128
10768 00000000 128 128
10820 00002000 128 128
10824 00000000 128 128
10866 00000040 128 128
10872 00000000 128 128
10884 00002000 128 128
10888 00000000 128 128
11140 00004000 128 128
11144 00000000 128 128
11176 00004000 128 128
11180 00000000 128 128
11212 00004000 128 128
11216 00000000 128 128
11248 00004000 128 128
11252 00000000 128 128
11304 00002000 128 128
11308 00000000 128 128
11350 00000040 128 128
11356 00000000 128 128
11368 00002000 128 128
11372 00000000 128 128
11624 00004000 128 128
11628 00000000 128 128
11660 00004000 128 128
11664 00000000 128 128
11696 00004000 128 128
11700 00000000 128 128
11732 00004000 128 128
11736 00000000 128 128
11788 00002000 128 128
11792 00000000 128 128
11834 00000040 128 128
11840 00000000 128 128
11852 00002000 128 128
11856 00000000 128 128
12108 00004000 128 128
12112 00000000 128 128
12144 00004000 128 128
12148 00000000 128 128
12180 00004000 128 128
12184 00000000 128 128
12216 00004000 128 128
12220 00000000 128 128
12272 00002000 128 128
12276 00000000 128 128
12318 00000040 128 128
12324 00000000 128 128
12336 00002000 128 128
12340 00000000 128 128
12592 00004000 128 128
12596 00000000 128 128
12628 00004000 128 128
12632 00000000 128 128
12664 00004000 128 128
12668 00000000 128 128
12700 00004000 128 128
12704 00000000 128 128
12756 00002000 128 128
12760 00000000 128 128
12802 00000040 128 128
12808 00000000 128 128
12820 00002000 128 128
12824 00000000 128 128
13076 00004000 128 128
13080 00000000 128 128
13112 00004000 128 128
13116 00000000 128 128
13148 00004000 128 128
13152 00000000 128 128
13184 00004000 128 128
13188 00000000 128 128
13240 00002000 128 128
13244 00000000 128 128
13286 00000040 128 128
13292 00000000 128 128
13304 00002000 128 128
13308 00000000 128 128
13560 00004000 128 128
13564 00000000 128 128
13596 00004000 128 128
13600 00000000 128 128
13632 00004000 128 128
13636 00000000 128 128
13668 00004000 128 128
13672 00000000 128 128
13724 00002000 128 128
13728 00000000 128 128
13770 00000040 128 128
13776 00000000 128 128
13788 00002000 128 128
13792 00000000 128 128
14044 00004000 128 128
14048 00000000 128 128
14080 00004000 128 128
14084 00000000 128 128
14116 00004000 128 128
14120 00000000 128 128
14152 00004000 128 128
14156 00000000 128 128
14208 00002000 128 128
14212 00000000 128 128
14254 00000040 128 128
14260 00000000 128 128
14272 00002000 128 128
14276 00000000 128 128
14528 00004000 128 128
14532 00000000 128 128
14564 00004000 128 128
14568 00000000 128 128
14600 00004000 128 128
14604 00000000 128 128
14636 00004000 128 128
14640 00000000 128 128
14692 00002000 128 128
14696 00000000 128 128
14738 00000040 128 128
14744 00000000 128 128
14756 00002000 128 128
14760 00000000 128 128
15012 00004000 128 128
15016 00000000 128 128
15048 00004000 128 128
15052 00000000 128 128
15084 00004000 128 128
15088 00000000 128 128
15120 00004000 128 128
15124 00000000 128 128
15176 00002000 128 128
15180 00000000 128 128
15222 00000040 128 128
15228 00000000 128 128
15240 00002000 128 128
15244 00000000 128 128
15496 00004000 128 128
15500 00000000 128 128
15532 00004000 128 128
15536 00000000 128 128
15568 00004000 128 128
15572 00000000 128 128
15604 00004000 128 128
15608 00000000 128 128
15660 00002000 128 128
15664 00000000 128 128
15706 00000040 128 128
15712 00000000 128 128
15724 00002000 128 128
15728 00000000 128 128
15980 00004000 128 128
15984 00000000 128 128
16016 00004000 128 128
16020 00000000 128 128
16052 00004000 128 128
16056 00000000 128 128
16088 00004000 128 128
16092 00000000 128 128
16144 00002000 128 128
16148 00000000 128 128
16190 00000040 128 128
16196 00000000 128 128
16208 00002000 128 128
16212 00000000 128 128
16464 00004000 128 128
16468 00000000 128 128
16500 00004000 128 128
16504 00000000 128 128
16536 00004000 128 128
16540 00000000 128 128
16572 00004000 128 128
16576 00000000 128 128
16628 00002000 128 128
16632 00000000 128 128
16674 00000040 128 128
16680 00000000 128 128
16692 00002000 128 128
16696 00000000 128 128
16948 00004000 128 128
16952 00000000 128 128
16984 00004000 128 128
16988 00000000 128 128
17020 00004000 128 128
17024 00000000 128 128
17056 00004000 128 128
17060 00000000 128 128
17112 00002000 128 128
17116 00000000 128 128
17158 00000040 128 128
17164 00000000 128 128
17176 00002000 128 128
17180 00000000 128 128
17432 00004000 128 128
17436 00000000 128 128
17468 00004000 128 128
17472 00000000 128 128
17504 00004000 128 128
17508 00000000 128 128
17540 00004000 128 128
17544 00000000 128 128
17596 00002000 128 128
17600 00000000 128 128
17642 00000040 128 128
17648 00000000 128 128
17660 00002000 128 128
17664 00000000 128 128
17916 00004000 128 128
17920 00000000 128 128
17952 00004000 128 128
17956 00000000 128 128
17988 00004000 128 128
17992 00000000 128 128
18024 00004000 128 128
18028 00000000 128 128
18080 00002000 128 128
18084 00000000 128 128
18126 00000040 128 128
18132 00000000 128 128
18144 00002000 128 128
18148 00000000 128 128
18400 00004000 128 128
18404 00000000 128 128
18436 00004000 128 128
18440 00000000 128 128
18472 00004000 128 128
18476 00000000 128 128
18508 00004000 128 128
18512 00000000 128 128
18564 00002000 128 128
18568 00000000 128 128
18610 00000040 128 128
18616 00000000 128 128
18628 00002000 128 128
18632 00000000 128 128
18884 00004000 128 128
18888 00000000 128 128
18920 00004000 128 128
18924 00000000 128 128
18956 00004000 128 128
18960 00000000 128 128
18992 00004000 128 128
18996 00000000 128 128
19048 00002000 128 128
19052 00000000 128 128
19094 00000040 128 128
19100 00000000 128 128
19112 00002000 128 128
19116 00000000 128 128
19368 00004000 128 128
19372 00000000 128 128
19404 00004000 128 128
19408 00000000 128 128
19440 00004000 128 128
19444 00000000 128 128
19476 00004000 128 128
19480 00000000 128 128
19652 00004000 128 128
19656 00000000 128 128
19688 00004000 128 128
19692 00000000 128 128
19724 00004000 128 128
19728 00000000 128 128
19760 00004000 128 128
19764 00000000 128 128
19796 00004000 128 128
19800 00000000 128 128
19832 00004000 128 128
19836 00000000 128 128
19868 00004000 128 128
19872 00000000 128 128
19904 00004000 128 128
19908 00000000 128 128
19940 00004000 128 128
19944 00000000 128 128
19976 00004000 128 128
19980 00000000 128 128
20012 00004000 128 128
20016 00000000 128 128
20048 00004000 128 128
20052 00000000 128 128
20084 00004000 128 128
20088 00000000 128 128
20120 00004000 128 128
20124 00000000 128 128
20156 00004000 128 128
20160 00000000 128 128
20192 00004000 128 128
20196 00000000 128 128
20228 00004000 128 128
20232 00000000 128 128
20264 00004000 128 128
20268 00000000 128 128
20300 00004000 128 128
20304 00000000 128 128
20336 00004000 128 128
20340 00000000 128 128
20372 00004000 128 128
20376 00000000 128 128
20408 00004000 128 128
20412 00000000 128 128
20444 00004000 128 128
20448 00000000 128 128
20480 00004000 128 128
20484 00000000 128 128
20516 00004000 128 128
20520 00000000 128 128
20552 00004000 128 128
20556 00000000 128 128
20588 00004000 128 128
20592 00000000 128 128
20624 00004000 128 128
20628 00000000 128 128
20660 00004000 128 128
20664 00000000 128 128
20696 00004000 128 128
20700 00000000 128 128
20732 00004000 128 128
20736 00000000 128 128
20768 00004000 128 128
20772 00000000 128 128
20804 00004000 128 128
20808 00000000 128 128
20840 00004000 128 128
20844 00000000 128 128
20876 00004000 128 128
20880 00000000 128 128
20912 00004000 128 128
20916 00000000 128 128
20948 00004000 128 128
20952 00000000 128 128
20984 00004000 128 128
20988 00000000 128 128
21020 00004000 128 128
21024 00000000 128 128
21056 00004000 128 128
21060 00000000 128 128
21092 00004000 128 128
21096 00000000 128 128
21128 00004000 128 128
21132 00000000 128 128
21164 00004000 128 128
21168 00000000 128 128
21200 00004000 128 128
21204 00000000 128 128
21236 00004000 128 128
21240 00000000 128 128
21272 00004000 128 128
21276 00000000 128 128
21308 00004000 128 128
21312 00000000 128 128
21344 00004000 128 128
21348 00000000 128 128
21380 00004000 128 128
21384 00000000 128 128
21416 00004000 128 128
21420 00000000 128 128
21452 00004000 128 128
21456 00000000 128 128
21488 00004000 128 128
21492 00000000 128 128
21524 00004000 128 128
21528 00000000 128 128
21560 00004000 128 128
21564 00000000 128 128
21596 00004000 128 128
21600 00000000 128 128
21632 00004000 128 128
21636 00000000 128 128
21668 00004000 128 128
21672 00000000 128 128
21704 00004000 128 128
21708 00000000 128 128
21740 00004000 128 128
21744 00000000 128 128
21776 00004000 128 128
21780 00000000 128 128
21872 00001000 128 128
21876 00000000 128 128
21978 00000010 128 128
21984 00000000 128 128
22006 00000010 128 128
22012 00000000 128 128
22034 00000010 128 128
22040 00000000 128 128
22062 00000020 128 128
22068 00000000 128 128
22100 00002000 128 128
22104 00000000 128 128
22516 00002000 128 128
22520 00000000 128 128
22732 00002000 128 128
22736 00000000 128 128
22948 00002000 128 128
22952 00000000 128 128
23164 00002000 128 128
23168 00000000 128 128
23380 00002000 128 128
23384 00000000 128 128
23656 00000000 128 128
