0 00000000 128 128
150 00000008 128 128
152 00000000 128 128
300 00000008 128 128
302 00000000 128 128
450 00002000 128 128
452 00000000 128 128
700 00000010 128 128
708 00000000 128 128
740 00000040 128 128
772 00000000 128 128
804 00000040 128 128
812 00000000 128 128
1414 00000040 128 128
1478 00000000 128 128
2380 00000040 128 128
2428 00000000 128 128
2460 00004000 128 128
2464 00000000 128 128
2496 00004000 128 128
2500 00000000 128 128
2532 00004000 128 128
2536 00000000 128 128
2568 00004000 128 128
2572 00000000 128 128
2604 00004000 128 128
2608 00000000 128 128
2640 00004000 128 128
2644 00000000 128 128
2676 00004000 128 128
2680 00000000 128 128
2712 00004000 128 128
2716 00000000 128 128
2748 00004000 128 128
2752 00000000 128 128
2784 00004000 128 128
2788 00000000 128 128
2850 00000020 128 128
2922 00000000 128 128
2954 00004000 128 128
2958 00000000 128 128
2990 00004000 128 128
2994 00000000 128 128
3026 00004000 128 128
3030 00000000 128 128
3062 00004000 128 128
3066 00000000 128 128
3098 00004000 128 128
3102 00000000 128 128
3134 00004000 128 128
3138 00000000 128 128
3170 00004000 128 128
3174 00000000 128 128
3206 00004000 128 128
3210 00000000 128 128
3242 00004000 128 128
3246 00000000 128 128
3278 00004000 128 128
3282 00000000 128 128
3344 00000040 128 128
3416 00000000 128 128
3448 00004000 128 128
3452 00000000 128 128
3484 00004000 128 128
3488 00000000 128 128
3520 00004000 128 128
3524 00000000 128 128
3556 00004000 128 128
3560 00000000 128 128
3592 00004000 128 128
3596 00000000 128 128
3628 00004000 128 128
3632 00000000 128 128
3664 00004000 128 128
3668 00000000 128 128
3700 00004000 128 128
3704 00000000 128 128
3736 00004000 128 128
3740 00000000 128 128
3772 00004000 128 128
3776 00000000 128 128
3838 00000020 128 128
3910 00000000 128 128
3942 00004000 128 128
3946 00000000 128 128
3978 00004000 128 128
3982 00000000 128 128
4014 00004000 128 128
4018 00000000 128 128
4050 00004000 128 128
4054 00000000 128 128
4086 00004000 128 128
4090 00000000 128 128
4122 00004000 128 128
4126 00000000 128 128
4158 00004000 128 128
4162 00000000 128 128
4194 00004000 128 128
4198 00000000 128 128
4230 00004000 128 128
4234 00000000 128 128
4266 00004000 128 128
4270 00000000 128 128
4332 00000010 128 128
4340 00000000 128 128
4372 00000010 128 128
4388 00000000 128 128
4590 00000010 128 128
4638 00000000 128 128
4700 00002000 128 128
4704 00000000 128 128
4836 00004000 128 128
4840 00000000 128 128
4872 00004000 128 128
4876 00000000 128 128
4908 00004000 128 128
4912 00000000 128 128
4944 00004000 128 128
4948 00000000 128 128
4980 00004000 128 128
4984 00000000 128 128
5016 00004000 128 128
5020 00000000 128 128
5052 00004000 128 128
5056 00000000 128 128
5088 00004000 128 128
5092 00000000 128 128
5124 00004000 128 128
5128 00000000 128 128
5160 00004000 128 128
5164 00000000 128 128
5196 00004000 128 128
5200 00000000 128 128
5232 00004000 128 128
5236 00000000 128 128
5268 00004000 128 128
5272 00000000 128 128
5304 00004000 128 128
5308 00000000 128 128
5340 00004000 128 128
5344 00000000 128 128
5376 00004000 128 128
5380 00000000 128 128
5412 00004000 128 128
5416 00000000 128 128
5448 00004000 128 128
5452 00000000 128 128
5484 00004000 128 128
5488 00000000 128 128
5520 00004000 128 128
5524 00000000 128 128
5616 00002000 128 128
5620 00000000 128 128
5752 00002000 128 128
5756 00000000 128 128
6168 00004000 128 128
6172 00000000 128 128
6204 00004000 128 128
6208 00000000 128 128
6240 00004000 128 128
6244 00000000 128 128
6276 00004000 128 128
6280 00000000 128 128
6312 00004000 128 128
6316 00000000 128 128
6348 00004000 128 128
6352 00000000 128 128
6384 00004000 128 128
6388 00000000 128 128
6420 00004000 128 128
6424 00000000 128 128
6456 00004000 128 128
6460 00000000 128 128
6492 00004000 128 128
6496 00000000 128 128
6528 00004000 128 128
6532 00000000 128 128
6564 00004000 128 128
6568 00000000 128 128
6600 00004000 128 128
6604 00000000 128 128
6636 00004000 128 128
6640 00000000 128 128
6672 00004000 128 128
6676 00000000 128 128
6708 00004000 128 128
6712 00000000 128 128
6744 00004000 128 128
6748 00000000 128 128
6780 00004000 128 128
6784 00000000 128 128
6816 00004000 128 128
6820 00000000 128 128
6852 00004000 128 128
6856 00000000 128 128
6888 00004000 128 128
6892 00000000 128 128
6924 00004000 128 128
6928 00000000 128 128
6960 00004000 128 128
6964 00000000 128 128
6996 00004000 128 128
7000 00000000 128 128
7032 00004000 128 128
7036 00000000 128 128
7068 00004000 128 128
7072 00000000 128 128
7104 00004000 128 128
7108 00000000 128 128
7140 00004000 128 128
7144 00000000 128 128
7176 00004000 128 128
7180 00000000 128 128
7212 00004000 128 128
7216 00000000 128 128
7248 00004000 128 128
7252 00000000 128 128
7284 00004000 128 128
7288 00000000 128 128
7320 00004000 128 128
7324 00000000 128 128
7356 00004000 128 128
7360 00000000 128 128
7392 00004000 128 128
7396 00000000 128 128
7428 00004000 128 128
7432 00000000 128 128
7464 00004000 128 128
7468 00000000 128 128
7500 00004000 128 128
7504 00000000 128 128
7536 00004000 128 128
7540 00000000 128 128
7572 00004000 128 128
7576 00000000 128 128
7608 00004000 128 128
7612 00000000 128 128
7644 00004000 128 128
7648 00000000 128 128
7680 00004000 128 128
7684 00000000 128 128
7716 00004000 128 128
7720 00000000 128 128
7752 00004000 128 128
7756 00000000 128 128
7788 00004000 128 128
7792 00000000 128 128
7824 00004000 128 128
7828 00000000 128 128
7860 00004000 128 128
7864 00000000 128 128
7896 00004000 128 128
7900 00000000 128 128
7932 00004000 128 128
7936 00000000 128 128
7968 00004000 128 128
7972 00000000 128 128
8004 00004000 128 128
8008 00000000 128 128
8040 00004000 128 128
8044 00000000 128 128
8076 00004000 128 128
8080 00000000 128 128
8112 00004000 128 128
8116 00000000 128 128
8148 00004000 128 128
8152 00000000 128 128
8184 00004000 128 128
8188 00000000 128 128
8220 00004000 128 128
8224 00000000 128 128
8256 00004000 128 128
8260 00000000 128 128
8292 00004000 128 128
8296 00000000 128 128
8448 00001000 128 128
8452 00000000 128 128
8554 00000010 128 128
8560 00000000 128 128
8582 00000010 128 128
8588 00000000 128 128
8610 00000010 128 128
8616 00000000 128 128
8638 00000020 128 128
8644 00000000 128 128
8676 00002000 128 128
8680 00000000 128 128
9092 00002000 128 128
9096 00000000 128 128
9308 00002000 128 128
9312 00000000 128 128
9524 00002000 128 128
9528 00000000 128 128
9740 00002000 128 128
9744 00000000 128 128
9956 00002000 128 128
9960 00000000 128 128
10232 00000000 128 128
