0 00000000 128 128
150 00000008 128 128
152 00000000 128 128
300 00000008 128 128
302 00000000 128 128
450 00002000 128 128
452 00000000 128 128
2200 00004000 128 128
2204 00000000 128 128
2236 00004000 128 128
2240 00000000 128 128
2272 00004000 128 128
2276 00000000 128 128
2308 00004000 128 128
2312 00000000 128 128
2344 00004000 128 128
2348 00000000 128 128
2380 00004000 128 128
2384 00000000 128 128
2616 00000040 128 128
2624 00000000 128 128
2686 00000010 128 128
2694 00000000 128 128
3096 00000080 128 128
3104 00000000 128 128
3506 00001000 128 128
3510 00000000 128 128
3672 00000040 128 128
3678 00000000 128 128
3740 00000040 128 128
3746 00000000 128 128
3808 00002000 128 128
3812 00000000 128 128
4524 00000200 128 128
4528 00000000 128 128
4600 00000020 128 128
4636 00000000 128 128
4638 00000010 128 128
4665 00000000 128 128
4697 00004000 128 128
4701 00000000 128 128
5113 00000200 128 128
5117 00000000 128 128
5189 00000040 128 128
5195 00000000 128 128
5257 00002000 128 128
5261 00000000 128 128
5673 00000000 128 128
