0 00000000 128 128
150 00000008 128 128
152 00000000 128 128
300 00000008 128 128
302 00000000 128 128
450 00002000 128 128
452 00000000 128 128
700 00004000 128 128
704 00000000 128 128
736 00004000 128 128
740 00000000 128 128
772 00004000 128 128
776 00000000 128 128
808 00004000 128 128
812 00000000 128 128
844 00004000 128 128
848 00000000 128 128
880 00004000 128 128
884 00000000 128 128
916 00004000 128 128
920 00000000 128 128
952 00004000 128 128
956 00000000 128 128
988 00004000 128 128
992 00000000 128 128
1024 00004000 128 128
1028 00000000 128 128
1090 00000010 128 128
1114 00000000 128 128
1326 00004000 128 128
1330 00000000 128 128
1362 00004000 128 128
1366 00000000 128 128
1398 00004000 128 128
1402 00000000 128 128
1434 00004000 128 128
1438 00000000 128 128
1470 00004000 128 128
1474 00000000 128 128
1506 00004000 128 128
1510 00000000 128 128
1542 00004000 128 128
1546 00000000 128 128
1578 00004000 128 128
1582 00000000 128 128
1614 00004000 128 128
1618 00000000 128 128
1650 00004000 128 128
1654 00000000 128 128
1686 00004000 128 128
1690 00000000 128 128
1722 00004000 128 128
1726 00000000 128 128
1758 00004000 128 128
1762 00000000 128 128
1794 00004000 128 128
1798 00000000 128 128
1830 00004000 128 128
1834 00000000 128 128
1866 00004000 128 128
1870 00000000 128 128
1902 00004000 128 128
1906 00000000 128 128
1938 00004000 128 128
1942 00000000 128 128
1974 00004000 128 128
1978 00000000 128 128
2010 00004000 128 128
2014 00000000 128 128
2106 00001000 128 128
2110 00000000 128 128
2212 00000010 128 128
2218 00000000 128 128
2240 00000010 128 128
2246 00000000 128 128
2268 00000010 128 128
2274 00000000 128 128
2296 00000020 128 128
2302 00000000 128 128
2334 00002000 128 128
2338 00000000 128 128
2750 00002000 128 128
2754 00000000 128 128
2966 00002000 128 128
2970 00000000 128 128
3182 00002000 128 128
3186 00000000 128 128
3398 00002000 128 128
3402 00000000 128 128
3614 00002000 128 128
3618 00000000 128 128
3890 00000000 128 128
