0 00000000 128 128
150 00000008 128 128
152 00000000 128 128
300 00000008 128 128
302 00000000 128 128
450 00002000 128 128
452 00000000 128 128
900 00004000 128 128
904 00000000 128 128
936 00004000 128 128
940 00000000 128 128
972 00004000 128 128
976 00000000 128 128
1008 00004000 128 128
1012 00000000 128 128
1044 00004000 128 128
1048 00000000 128 128
1080 00004000 128 128
1084 00000000 128 128
1116 00004000 128 128
1120 00000000 128 128
1152 00004000 128 128
1156 00000000 128 128
1188 00004000 128 128
1192 00000000 128 128
1224 00004000 128 128
1228 00000000 128 128
1260 00004000 128 128
1264 00000000 128 128
1296 00004000 128 128
1300 00000000 128 128
1332 00004000 128 128
1336 00000000 128 128
1368 00004000 128 128
1372 00000000 128 128
1404 00004000 128 128
1408 00000000 128 128
1440 00004000 128 128
1444 00000000 128 128
1476 00004000 128 128
1480 00000000 128 128
1512 00004000 128 128
1516 00000000 128 128
1548 00004000 128 128
1552 00000000 128 128
1584 00004000 128 128
1588 00000000 128 128
1620 00004000 128 128
1624 00000000 128 128
1656 00004000 128 128
1660 00000000 128 128
1692 00004000 128 128
1696 00000000 128 128
1728 00004000 128 128
1732 00000000 128 128
1764 00004000 128 128
1768 00000000 128 128
1800 00004000 128 128
1804 00000000 128 128
1836 00004000 128 128
1840 00000000 128 128
1872 00004000 128 128
1876 00000000 128 128
1908 00004000 128 128
1912 00000000 128 128
1944 00004000 128 128
1948 00000000 128 128
1980 00004000 128 128
1984 00000000 128 128
2016 00004000 128 128
2020 00000000 128 128
2052 00004000 128 128
2056 00000000 128 128
2088 00004000 128 128
2092 00000000 128 128
2124 00004000 128 128
2128 00000000 128 128
2160 00004000 128 128
2164 00000000 128 128
2196 00004000 128 128
2200 00000000 128 128
2232 00004000 128 128
2236 00000000 128 128
2268 00004000 128 128
2272 00000000 128 128
2304 00004000 128 128
2308 00000000 128 128
2540 00000040 128 128
2596 00000000 128 128
2638 00000080 128 128
2670 00000000 128 128
2712 00000040 128 128
2736 00000000 128 128
2778 00000020 128 128
2826 00000000 128 128
2868 00000040 128 128
2892 00000000 128 128
2934 00000080 128 128
2958 00000000 128 128
3000 00000040 128 128
3040 00000000 128 128
4542 00000040 128 128
4606 00000000 128 128
4668 00000040 128 128
4684 00000000 128 128
5086 00004000 128 128
5090 00000000 128 128
5122 00004000 128 128
5126 00000000 128 128
5158 00004000 128 128
5162 00000000 128 128
5194 00004000 128 128
5198 00000000 128 128
5230 00004000 128 128
5234 00000000 128 128
5266 00004000 128 128
5270 00000000 128 128
5302 00004000 128 128
5306 00000000 128 128
5338 00004000 128 128
5342 00000000 128 128
5374 00004000 128 128
5378 00000000 128 128
5410 00004000 128 128
5414 00000000 128 128
5446 00004000 128 128
5450 00000000 128 128
5482 00004000 128 128
5486 00000000 128 128
5518 00004000 128 128
5522 00000000 128 128
5554 00004000 128 128
5558 00000000 128 128
5590 00004000 128 128
5594 00000000 128 128
5626 00004000 128 128
5630 00000000 128 128
5662 00004000 128 128
5666 00000000 128 128
5698 00004000 128 128
5702 00000000 128 128
5734 00004000 128 128
5738 00000000 128 128
5770 00004000 128 128
5774 00000000 128 128
6106 00002000 128 128
6110 00000000 128 128
6142 00002000 128 128
6146 00000000 128 128
6178 00002000 128 128
6182 00000000 128 128
6214 00002000 128 128
6218 00000000 128 128
6250 00002000 128 128
6254 00000000 128 128
6286 00002000 128 128
6290 00000000 128 128
6322 00002000 128 128
6326 00000000 128 128
6358 00002000 128 128
6362 00000000 128 128
6394 00002000 128 128
6398 00000000 128 128
6430 00002000 128 128
6434 00000000 128 128
6466 00002000 128 128
6470 00000000 128 128
6502 00002000 128 128
6506 00000000 128 128
6538 00002000 128 128
6542 00000000 128 128
6574 00002000 128 128
6578 00000000 128 128
6610 00002000 128 128
6614 00000000 128 128
6646 00002000 128 128
6650 00000000 128 128
6682 00002000 128 128
6686 00000000 128 128
6718 00002000 128 128
6722 00000000 128 128
6754 00002000 128 128
6758 00000000 128 128
6790 00002000 128 128
6794 00000000 128 128
6826 00002000 128 128
6830 00000000 128 128
6862 00002000 128 128
6866 00000000 128 128
6898 00002000 128 128
6902 00000000 128 128
6934 00002000 128 128
6938 00000000 128 128
6970 00002000 128 128
6974 00000000 128 128
7006 00002000 128 128
7010 00000000 128 128
7042 00002000 128 128
7046 00000000 128 128
7078 00002000 128 128
7082 00000000 128 128
7114 00002000 128 128
7118 00000000 128 128
7150 00002000 128 128
7154 00000000 128 128
7486 00004000 128 128
7490 00000000 128 128
7522 00004000 128 128
7526 00000000 128 128
7558 00004000 128 128
7562 00000000 128 128
7594 00004000 128 128
7598 00000000 128 128
7630 00004000 128 128
7634 00000000 128 128
7666 00004000 128 128
7670 00000000 128 128
7702 00004000 128 128
7706 00000000 128 128
7738 00004000 128 128
7742 00000000 128 128
7774 00004000 128 128
7778 00000000 128 128
7810 00004000 128 128
7814 00000000 128 128
7846 00004000 128 128
7850 00000000 128 128
7882 00004000 128 128
7886 00000000 128 128
7918 00004000 128 128
7922 00000000 128 128
7954 00004000 128 128
7958 00000000 128 128
7990 00004000 128 128
7994 00000000 128 128
8026 00004000 128 128
8030 00000000 128 128
8062 00004000 128 128
8066 00000000 128 128
8098 00004000 128 128
8102 00000000 128 128
8134 00004000 128 128
8138 00000000 128 128
8170 00004000 128 128
8174 00000000 128 128
8406 00000080 128 128
8486 00000000 128 128
8528 00000010 128 128
8544 00000000 128 128
8946 00000010 128 128
8954 00000000 128 128
8996 00000020 128 128
9012 00000000 128 128
9054 00000010 128 128
9062 00000000 128 128
9124 00002000 128 128
9128 00000000 128 128
9440 00002000 128 128
9444 00000000 128 128
9756 00002000 128 128
9760 00000000 128 128
10072 00002000 128 128
10076 00000000 128 128
11588 00002000 128 128
11592 00000000 128 128
11624 00002000 128 128
11628 00000000 128 128
11660 00002000 128 128
11664 00000000 128 128
11696 00002000 128 128
11700 00000000 128 128
11732 00002000 128 128
11736 00000000 128 128
11768 00002000 128 128
11772 00000000 128 128
11804 00002000 128 128
11808 00000000 128 128
11840 00002000 128 128
11844 00000000 128 128
11876 00002000 128 128
11880 00000000 128 128
11912 00002000 128 128
11916 00000000 128 128
11948 00002000 128 128
11952 00000000 128 128
11984 00002000 128 128
11988 00000000 128 128
12020 00002000 128 128
12024 00000000 128 128
12056 00002000 128 128
12060 00000000 128 128
12092 00002000 128 128
12096 00000000 128 128
12128 00002000 128 128
12132 00000000 128 128
13364 00004000 128 128
13368 00000000 128 128
13400 00004000 128 128
13404 00000000 128 128
13436 00004000 128 128
13440 00000000 128 128
13472 00004000 128 128
13476 00000000 128 128
13808 00001000 128 128
13812 00000000 128 128
13914 00000010 128 128
13920 00000000 128 128
13942 00000010 128 128
13948 00000000 128 128
13970 00000010 128 128
13976 00000000 128 128
13998 00000020 128 128
14004 00000000 128 128
14036 00002000 128 128
14040 00000000 128 128
14452 00002000 128 128
14456 00000000 128 128
14668 00002000 128 128
14672 00000000 128 128
14884 00002000 128 128
14888 00000000 128 128
15100 00002000 128 128
15104 00000000 128 128
15316 00002000 128 128
15320 00000000 128 128
15592 00000000 128 128
