0 00000000 128 128
150 00000008 128 128
152 00000000 128 128
300 00000008 128 128
302 00000000 128 128
450 00002000 128 128
452 00000000 128 128
1100 00000010 128 128
1102 00000000 128 128
1132 00002000 128 128
1136 00000000 128 128
1836 00002000 128 128
1840 00000000 128 128
2080 00002000 128 128
2084 00000000 128 128
2324 00002000 128 128
2328 00000000 128 128
2628 00000040 128 128
2632 00000000 128 128
2662 00002000 128 128
2666 00000000 128 128
2966 00002000 128 128
2970 00000000 128 128
3170 00002000 128 128
3174 00000000 128 128
3374 00002000 128 128
3378 00000000 128 128
3578 00000000 128 128
