0 00000000 128 128
150 00000008 128 128
152 00000000 128 128
300 00000008 128 128
302 00000000 128 128
450 00002000 128 128
452 00000000 128 128
1200 00000040 128 128
1264 00000000 128 128
1284 00000010 128 128
1292 00000000 128 128
1312 00000010 128 128
1362 00000000 128 128
1382 00000040 128 128
1432 00000000 128 128
1452 00000080 128 128
1468 00000000 128 128
1488 00000010 128 128
1538 00000000 128 128
1558 00000040 128 128
1608 00000000 128 128
1628 00000080 128 128
1644 00000000 128 128
1664 00000010 128 128
1714 00000000 128 128
1734 00000040 128 128
1784 00000000 128 128
1804 00000080 128 128
1820 00000000 128 128
1840 00000010 128 128
1890 00000000 128 128
1910 00000040 128 128
1960 00000000 128 128
1980 00000080 128 128
1996 00000000 128 128
2016 00000010 128 128
2066 00000000 128 128
2086 00000040 128 128
2136 00000000 128 128
2156 00000080 128 128
2172 00000000 128 128
2192 00000010 128 128
2242 00000000 128 128
2262 00000040 128 128
2312 00000000 128 128
2332 00000080 128 128
2348 00000000 128 128
2368 00000010 128 128
2418 00000000 128 128
2438 00000040 128 128
2488 00000000 128 128
2508 00000080 128 128
2524 00000000 128 128
2544 00000010 128 128
2594 00000000 128 128
2614 00000040 128 128
2664 00000000 128 128
2684 00000080 128 128
2700 00000000 128 128
2720 00000010 128 128
2770 00000000 128 128
2790 00000040 128 128
2840 00000000 128 128
2860 00000080 128 128
2876 00000000 128 128
2896 00000010 128 128
2946 00000000 128 128
2966 00000040 128 128
3016 00000000 128 128
3036 00000080 128 128
3052 00000000 128 128
3072 00000010 128 128
3122 00000000 128 128
3142 00000040 128 128
3192 00000000 128 128
3212 00000080 128 128
3228 00000000 128 128
3248 00000010 128 128
3298 00000000 128 128
3318 00000040 128 128
3368 00000000 128 128
3388 00000080 128 128
3404 00000000 128 128
3424 00000010 128 128
3474 00000000 128 128
3494 00000040 128 128
3544 00000000 128 128
3564 00000080 128 128
3580 00000000 128 128
3600 00000010 128 128
3650 00000000 128 128
3670 00000040 128 128
3720 00000000 128 128
3740 00000080 128 128
3756 00000000 128 128
3776 00000010 128 128
3826 00000000 128 128
3846 00000040 128 128
3896 00000000 128 128
3916 00000080 128 128
3932 00000000 128 128
3952 00000010 128 128
4002 00000000 128 128
4022 00000040 128 128
4072 00000000 128 128
4092 00000080 128 128
4108 00000000 128 128
4128 00000010 128 128
4178 00000000 128 128
4198 00000040 128 128
4248 00000000 128 128
4268 00000080 128 128
4284 00000000 128 128
4304 00000010 128 128
4354 00000000 128 128
4374 00000040 128 128
4424 00000000 128 128
4444 00000080 128 128
4460 00000000 128 128
4480 00000010 128 128
4530 00000000 128 128
4550 00000040 128 128
4600 00000000 128 128
4620 00000080 128 128
4636 00000000 128 128
4656 00000010 128 128
4706 00000000 128 128
4726 00000040 128 128
4776 00000000 128 128
4796 00000080 128 128
4812 00000000 128 128
4832 00000010 128 128
4882 00000000 128 128
4902 00000040 128 128
4952 00000000 128 128
4972 00000080 128 128
4988 00000000 128 128
5008 00000010 128 128
5058 00000000 128 128
5078 00000040 128 128
5128 00000000 128 128
5148 00000080 128 128
5164 00000000 128 128
5184 00000010 128 128
5234 00000000 128 128
5254 00000040 128 128
5304 00000000 128 128
5324 00000080 128 128
5340 00000000 128 128
5360 00000010 128 128
5410 00000000 128 128
5430 00000040 128 128
5480 00000000 128 128
5500 00000080 128 128
5516 00000000 128 128
5536 00000010 128 128
5586 00000000 128 128
5606 00000040 128 128
5656 00000000 128 128
5676 00000080 128 128
5692 00000000 128 128
5712 00000010 128 128
5762 00000000 128 128
5782 00000040 128 128
5832 00000000 128 128
5852 00000080 128 128
5868 00000000 128 128
6088 00000000 128 128
