0 00000000 128 128
150 00000008 128 128
152 00000000 128 128
300 00000008 128 128
302 00000000 128 128
450 00002000 128 128
452 00000000 128 128
700 00000010 128 128
732 00000000 128 128
1334 00004000 128 128
1338 00000000 128 128
1370 00004000 128 128
1374 00000000 128 128
1406 00004000 128 128
1410 00000000 128 128
1442 00004000 128 128
1446 00000000 128 128
1478 00004000 128 128
1482 00000000 128 128
1514 00004000 128 128
1518 00000000 128 128
1550 00004000 128 128
1554 00000000 128 128
1586 00004000 128 128
1590 00000000 128 128
1622 00004000 128 128
1626 00000000 128 128
1658 00004000 128 128
1662 00000000 128 128
1694 00004000 128 128
1698 00000000 128 128
1730 00004000 128 128
1734 00000000 128 128
1766 00004000 128 128
1770 00000000 128 128
1802 00004000 128 128
1806 00000000 128 128
1838 00004000 128 128
1842 00000000 128 128
1874 00004000 128 128
1878 00000000 128 128
1910 00004000 128 128
1914 00000000 128 128
1946 00004000 128 128
1950 00000000 128 128
1982 00004000 128 128
1986 00000000 128 128
2018 00004000 128 128
2022 00000000 128 128
2054 00004000 128 128
2058 00000000 128 128
2090 00004000 128 128
2094 00000000 128 128
2126 00004000 128 128
2130 00000000 128 128
2162 00004000 128 128
2166 00000000 128 128
2198 00004000 128 128
2202 00000000 128 128
2234 00004000 128 128
2238 00000000 128 128
2270 00004000 128 128
2274 00000000 128 128
2306 00004000 128 128
2310 00000000 128 128
2342 00004000 128 128
2346 00000000 128 128
2378 00004000 128 128
2382 00000000 128 128
2414 00004000 128 128
2418 00000000 128 128
2450 00004000 128 128
2454 00000000 128 128
2486 00004000 128 128
2490 00000000 128 128
2522 00004000 128 128
2526 00000000 128 128
2558 00004000 128 128
2562 00000000 128 128
2594 00004000 128 128
2598 00000000 128 128
2630 00004000 128 128
2634 00000000 128 128
2666 00004000 128 128
2670 00000000 128 128
2702 00004000 128 128
2706 00000000 128 128
2738 00004000 128 128
2742 00000000 128 128
3074 00004000 128 128
3078 00000000 128 128
3110 00004000 128 128
3114 00000000 128 128
3146 00004000 128 128
3150 00000000 128 128
3182 00004000 128 128
3186 00000000 128 128
3258 00004000 128 128
3262 00000000 128 128
3294 00004000 128 128
3298 00000000 128 128
3330 00004000 128 128
3334 00000000 128 128
3366 00004000 128 128
3370 00000000 128 128
3442 00000010 128 128
3448 00000000 128 128
3470 00000010 128 128
3476 00000000 128 128
3498 00002000 128 128
3502 00000000 128 128
3634 00000010 128 128
3640 00000000 128 128
3672 00000010 128 128
3678 00000000 128 128
3710 00000080 128 128
3716 00000000 128 128
3748 00000040 128 128
3754 00000000 128 128
3786 00002000 128 128
3790 00000000 128 128
3862 00002000 128 128
3866 00000000 128 128
3898 00002000 128 128
3902 00000000 128 128
3934 00002000 128 128
3938 00000000 128 128
3970 00002000 128 128
3974 00000000 128 128
4006 00002000 128 128
4010 00000000 128 128
4042 00002000 128 128
4046 00000000 128 128
4078 00002000 128 128
4082 00000000 128 128
4114 00002000 128 128
4118 00000000 128 128
4150 00002000 128 128
4154 00000000 128 128
4186 00002000 128 128
4190 00000000 128 128
4222 00002000 128 128
4226 00000000 128 128
4258 00002000 128 128
4262 00000000 128 128
4354 00004000 128 128
4358 00000000 128 128
4390 00004000 128 128
4394 00000000 128 128
4426 00004000 128 128
4430 00000000 128 128
4462 00004000 128 128
4466 00000000 128 128
4538 00004000 128 128
4542 00000000 128 128
4574 00004000 128 128
4578 00000000 128 128
4610 00004000 128 128
4614 00000000 128 128
4646 00004000 128 128
4650 00000000 128 128
4722 00000010 128 128
4728 00000000 128 128
4750 00000010 128 128
4756 00000000 128 128
4778 00002000 128 128
4782 00000000 128 128
4914 00000010 128 128
4920 00000000 128 128
4952 00000010 128 128
4958 00000000 128 128
4990 00000080 128 128
4996 00000000 128 128
5028 00000040 128 128
5034 00000000 128 128
5066 00002000 128 128
5070 00000000 128 128
5142 00002000 128 128
5146 00000000 128 128
5178 00002000 128 128
5182 00000000 128 128
5214 00002000 128 128
5218 00000000 128 128
5250 00002000 128 128
5254 00000000 128 128
5286 00002000 128 128
5290 00000000 128 128
5322 00002000 128 128
5326 00000000 128 128
5358 00002000 128 128
5362 00000000 128 128
5394 00002000 128 128
5398 00000000 128 128
5430 00002000 128 128
5434 00000000 128 128
5466 00002000 128 128
5470 00000000 128 128
5502 00002000 128 128
5506 00000000 128 128
5538 00002000 128 128
5542 00000000 128 128
5634 00004000 128 128
5638 00000000 128 128
5670 00004000 128 128
5674 00000000 128 128
5706 00004000 128 128
5710 00000000 128 128
5742 00004000 128 128
5746 00000000 128 128
5818 00004000 128 128
5822 00000000 128 128
5854 00004000 128 128
5858 00000000 128 128
5890 00004000 128 128
5894 00000000 128 128
5926 00004000 128 128
5930 00000000 128 128
6002 00000010 128 128
6008 00000000 128 128
6030 00000010 128 128
6036 00000000 128 128
6058 00002000 128 128
6062 00000000 128 128
6194 00000010 128 128
6200 00000000 128 128
6232 00000010 128 128
6238 00000000 128 128
6270 00000080 128 128
6276 00000000 128 128
6308 00000040 128 128
6314 00000000 128 128
6346 00002000 128 128
6350 00000000 128 128
6422 00002000 128 128
6426 00000000 128 128
6458 00002000 128 128
6462 00000000 128 128
6494 00002000 128 128
6498 00000000 128 128
6530 00002000 128 128
6534 00000000 128 128
6566 00002000 128 128
6570 00000000 128 128
6602 00002000 128 128
6606 00000000 128 128
6638 00002000 128 128
6642 00000000 128 128
6674 00002000 128 128
6678 00000000 128 128
6710 00002000 128 128
6714 00000000 128 128
6746 00002000 128 128
6750 00000000 128 128
6782 00002000 128 128
6786 00000000 128 128
6818 00002000 128 128
6822 00000000 128 128
6914 00004000 128 128
6918 00000000 128 128
6950 00004000 128 128
6954 00000000 128 128
6986 00004000 128 128
6990 00000000 128 128
7022 00004000 128 128
7026 00000000 128 128
7098 00004000 128 128
7102 00000000 128 128
7134 00004000 128 128
7138 00000000 128 128
7170 00004000 128 128
7174 00000000 128 128
7206 00004000 128 128
7210 00000000 128 128
7282 00000010 128 128
7288 00000000 128 128
7310 00000010 128 128
7316 00000000 128 128
7338 00002000 128 128
7342 00000000 128 128
7474 00000010 128 128
7480 00000000 128 128
7512 00000010 128 128
7518 00000000 128 128
7550 00000080 128 128
7556 00000000 128 128
7588 00000040 128 128
7594 00000000 128 128
7626 00002000 128 128
7630 00000000 128 128
7702 00002000 128 128
7706 00000000 128 128
7738 00002000 128 128
7742 00000000 128 128
7774 00002000 128 128
7778 00000000 128 128
7810 00002000 128 128
7814 00000000 128 128
7846 00002000 128 128
7850 00000000 128 128
7882 00002000 128 128
7886 00000000 128 128
7918 00002000 128 128
7922 00000000 128 128
7954 00002000 128 128
7958 00000000 128 128
7990 00002000 128 128
7994 00000000 128 128
8026 00002000 128 128
8030 00000000 128 128
8062 00002000 128 128
8066 00000000 128 128
8098 00002000 128 128
8102 00000000 128 128
8194 00004000 128 128
8198 00000000 128 128
8230 00004000 128 128
8234 00000000 128 128
8266 00004000 128 128
8270 00000000 128 128
8302 00004000 128 128
8306 00000000 128 128
8378 00004000 128 128
8382 00000000 128 128
8414 00004000 128 128
8418 00000000 128 128
8450 00004000 128 128
8454 00000000 128 128
8486 00004000 128 128
8490 00000000 128 128
8562 00000010 128 128
8568 00000000 128 128
8590 00000010 128 128
8596 00000000 128 128
8618 00002000 128 128
8622 00000000 128 128
8754 00000010 128 128
8760 00000000 128 128
8792 00000010 128 128
8798 00000000 128 128
8830 00000080 128 128
8836 00000000 128 128
8868 00000040 128 128
8874 00000000 128 128
8906 00002000 128 128
8910 00000000 128 128
8982 00002000 128 128
8986 00000000 128 128
9018 00002000 128 128
9022 00000000 128 128
9054 00002000 128 128
9058 00000000 128 128
9090 00002000 128 128
9094 00000000 128 128
9126 00002000 128 128
9130 00000000 128 128
9162 00002000 128 128
9166 00000000 128 128
9198 00002000 128 128
9202 00000000 128 128
9234 00002000 128 128
9238 00000000 128 128
9270 00002000 128 128
9274 00000000 128 128
9306 00002000 128 128
9310 00000000 128 128
9342 00002000 128 128
9346 00000000 128 128
9378 00002000 128 128
9382 00000000 128 128
9474 00004000 128 128
9478 00000000 128 128
9510 00004000 128 128
9514 00000000 128 128
9546 00004000 128 128
9550 00000000 128 128
9582 00004000 128 128
9586 00000000 128 128
9658 00004000 128 128
9662 00000000 128 128
9694 00004000 128 128
9698 00000000 128 128
9730 00004000 128 128
9734 00000000 128 128
9766 00004000 128 128
9770 00000000 128 128
9842 00000010 128 128
9848 00000000 128 128
9870 00000010 128 128
9876 00000000 128 128
9898 00002000 128 128
9902 00000000 128 128
10034 00000010 128 128
10040 00000000 128 128
10072 00000010 128 128
10078 00000000 128 128
10110 00000080 128 128
10116 00000000 128 128
10148 00000040 128 128
10154 00000000 128 128
10186 00002000 128 128
10190 00000000 128 128
10262 00002000 128 128
10266 00000000 128 128
10298 00002000 128 128
10302 00000000 128 128
10334 00002000 128 128
10338 00000000 128 128
10370 00002000 128 128
10374 00000000 128 128
10406 00002000 128 128
10410 00000000 128 128
10442 00002000 128 128
10446 00000000 128 128
10478 00002000 128 128
10482 00000000 128 128
10514 00002000 128 128
10518 00000000 128 128
10550 00002000 128 128
10554 00000000 128 128
10586 00002000 128 128
10590 00000000 128 128
10622 00002000 128 128
10626 00000000 128 128
10658 00002000 128 128
10662 00000000 128 128
10754 00004000 128 128
10758 00000000 128 128
10790 00004000 128 128
10794 00000000 128 128
10826 00004000 128 128
10830 00000000 128 128
10862 00004000 128 128
10866 00000000 128 128
10938 00004000 128 128
10942 00000000 128 128
10974 00004000 128 128
10978 00000000 128 128
11010 00004000 128 128
11014 00000000 128 128
11046 00004000 128 128
11050 00000000 128 128
11122 00000010 128 128
11128 00000000 128 128
11150 00000010 128 128
11156 00000000 128 128
11178 00002000 128 128
11182 00000000 128 128
11314 00000010 128 128
11320 00000000 128 128
11352 00000010 128 128
11358 00000000 128 128
11390 00000080 128 128
11396 00000000 128 128
11428 00000040 128 128
11434 00000000 128 128
11466 00002000 128 128
11470 00000000 128 128
11542 00002000 128 128
11546 00000000 128 128
11578 00002000 128 128
11582 00000000 128 128
11614 00002000 128 128
11618 00000000 128 128
11650 00002000 128 128
11654 00000000 128 128
11686 00002000 128 128
11690 00000000 128 128
11722 00002000 128 128
11726 00000000 128 128
11758 00002000 128 128
11762 00000000 128 128
11794 00002000 128 128
11798 00000000 128 128
11830 00002000 128 128
11834 00000000 128 128
11866 00002000 128 128
11870 00000000 128 128
11902 00002000 128 128
11906 00000000 128 128
11938 00002000 128 128
11942 00000000 128 128
12034 00004000 128 128
12038 00000000 128 128
12070 00004000 128 128
12074 00000000 128 128
12106 00004000 128 128
12110 00000000 128 128
12142 00004000 128 128
12146 00000000 128 128
12218 00004000 128 128
12222 00000000 128 128
12254 00004000 128 128
12258 00000000 128 128
12290 00004000 128 128
12294 00000000 128 128
12326 00004000 128 128
12330 00000000 128 128
12402 00000010 128 128
12408 00000000 128 128
12430 00000010 128 128
12436 00000000 128 128
12458 00002000 128 128
12462 00000000 128 128
12594 00000010 128 128
12600 00000000 128 128
12632 00000010 128 128
12638 00000000 128 128
12670 00000080 128 128
12676 00000000 128 128
12708 00000040 128 128
12714 00000000 128 128
12746 00002000 128 128
12750 00000000 128 128
12822 00002000 128 128
12826 00000000 128 128
12858 00002000 128 128
12862 00000000 128 128
12894 00002000 128 128
12898 00000000 128 128
12930 00002000 128 128
12934 00000000 128 128
12966 00002000 128 128
12970 00000000 128 128
13002 00002000 128 128
13006 00000000 128 128
13038 00002000 128 128
13042 00000000 128 128
13074 00002000 128 128
13078 00000000 128 128
13110 00002000 128 128
13114 00000000 128 128
13146 00002000 128 128
13150 00000000 128 128
13182 00002000 128 128
13186 00000000 128 128
13218 00002000 128 128
13222 00000000 128 128
13314 00004000 128 128
13318 00000000 128 128
13350 00004000 128 128
13354 00000000 128 128
13386 00004000 128 128
13390 00000000 128 128
13422 00004000 128 128
13426 00000000 128 128
13498 00004000 128 128
13502 00000000 128 128
13534 00004000 128 128
13538 00000000 128 128
13570 00004000 128 128
13574 00000000 128 128
13606 00004000 128 128
13610 00000000 128 128
13682 00000010 128 128
13688 00000000 128 128
13710 00000010 128 128
13716 00000000 128 128
13738 00002000 128 128
13742 00000000 128 128
13874 00000010 128 128
13880 00000000 128 128
13912 00000010 128 128
13918 00000000 128 128
13950 00000080 128 128
13956 00000000 128 128
13988 00000040 128 128
13994 00000000 128 128
14026 00002000 128 128
14030 00000000 128 128
14102 00002000 128 128
14106 00000000 128 128
14138 00002000 128 128
14142 00000000 128 128
14174 00002000 128 128
14178 00000000 128 128
14210 00002000 128 128
14214 00000000 128 128
14246 00002000 128 128
14250 00000000 128 128
14282 00002000 128 128
14286 00000000 128 128
14318 00002000 128 128
14322 00000000 128 128
14354 00002000 128 128
14358 00000000 128 128
14390 00002000 128 128
14394 00000000 128 128
14426 00002000 128 128
14430 00000000 128 128
14462 00002000 128 128
14466 00000000 128 128
14498 00002000 128 128
14502 00000000 128 128
14594 00004000 128 128
14598 00000000 128 128
14630 00004000 128 128
14634 00000000 128 128
14666 00004000 128 128
14670 00000000 128 128
14702 00004000 128 128
14706 00000000 128 128
14778 00004000 128 128
14782 00000000 128 128
14814 00004000 128 128
14818 00000000 128 128
14850 00004000 128 128
14854 00000000 128 128
14886 00004000 128 128
14890 00000000 128 128
14962 00000010 128 128
14968 00000000 128 128
14990 00000010 128 128
14996 00000000 128 128
15018 00002000 128 128
15022 00000000 128 128
15154 00000010 128 128
15160 00000000 128 128
15192 00000010 128 128
15198 00000000 128 128
15230 00000080 128 128
15236 00000000 128 128
15268 00000040 128 128
15274 00000000 128 128
15306 00002000 128 128
15310 00000000 128 128
15382 00002000 128 128
15386 00000000 128 128
15418 00002000 128 128
15422 00000000 128 128
15454 00002000 128 128
15458 00000000 128 128
15490 00002000 128 128
15494 00000000 128 128
15526 00002000 128 128
15530 00000000 128 128
15562 00002000 128 128
15566 00000000 128 128
15598 00002000 128 128
15602 00000000 128 128
15634 00002000 128 128
15638 00000000 128 128
15670 00002000 128 128
15674 00000000 128 128
15706 00002000 128 128
15710 00000000 128 128
15742 00002000 128 128
15746 00000000 128 128
15778 00002000 128 128
15782 00000000 128 128
15874 00004000 128 128
15878 00000000 128 128
15910 00004000 128 128
15914 00000000 128 128
15946 00004000 128 128
15950 00000000 128 128
15982 00004000 128 128
15986 00000000 128 128
16058 00004000 128 128
16062 00000000 128 128
16094 00004000 128 128
16098 00000000 128 128
16130 00004000 128 128
16134 00000000 128 128
16166 00004000 128 128
16170 00000000 128 128
16242 00000010 128 128
16248 00000000 128 128
16270 00000010 128 128
16276 00000000 128 128
16298 00002000 128 128
16302 00000000 128 128
16434 00000010 128 128
16440 00000000 128 128
16472 00000010 128 128
16478 00000000 128 128
16510 00000080 128 128
16516 00000000 128 128
16548 00000040 128 128
16554 00000000 128 128
16586 00002000 128 128
16590 00000000 128 128
16662 00002000 128 128
16666 00000000 128 128
16698 00002000 128 128
16702 00000000 128 128
16734 00002000 128 128
16738 00000000 128 128
16770 00002000 128 128
16774 00000000 128 128
16806 00002000 128 128
16810 00000000 128 128
16842 00002000 128 128
16846 00000000 128 128
16878 00002000 128 128
16882 00000000 128 128
16914 00002000 128 128
16918 00000000 128 128
16950 00002000 128 128
16954 00000000 128 128
16986 00002000 128 128
16990 00000000 128 128
17022 00002000 128 128
17026 00000000 128 128
17058 00002000 128 128
17062 00000000 128 128
17154 00004000 128 128
17158 00000000 128 128
17190 00004000 128 128
17194 00000000 128 128
17226 00004000 128 128
17230 00000000 128 128
17262 00004000 128 128
17266 00000000 128 128
17338 00004000 128 128
17342 00000000 128 128
17374 00004000 128 128
17378 00000000 128 128
17410 00004000 128 128
17414 00000000 128 128
17446 00004000 128 128
17450 00000000 128 128
17522 00000010 128 128
17528 00000000 128 128
17550 00000010 128 128
17556 00000000 128 128
17578 00002000 128 128
17582 00000000 128 128
17714 00000010 128 128
17720 00000000 128 128
17752 00000010 128 128
17758 00000000 128 128
17790 00000080 128 128
17796 00000000 128 128
17828 00000040 128 128
17834 00000000 128 128
17866 00002000 128 128
17870 00000000 128 128
17942 00002000 128 128
17946 00000000 128 128
17978 00002000 128 128
17982 00000000 128 128
18014 00002000 128 128
18018 00000000 128 128
18050 00002000 128 128
18054 00000000 128 128
18086 00002000 128 128
18090 00000000 128 128
18122 00002000 128 128
18126 00000000 128 128
18158 00002000 128 128
18162 00000000 128 128
18194 00002000 128 128
18198 00000000 128 128
18230 00002000 128 128
18234 00000000 128 128
18266 00002000 128 128
18270 00000000 128 128
18302 00002000 128 128
18306 00000000 128 128
18338 00002000 128 128
18342 00000000 128 128
18434 00004000 128 128
18438 00000000 128 128
18470 00004000 128 128
18474 00000000 128 128
18506 00004000 128 128
18510 00000000 128 128
18542 00004000 128 128
18546 00000000 128 128
18618 00004000 128 128
18622 00000000 128 128
18654 00004000 128 128
18658 00000000 128 128
18690 00004000 128 128
18694 00000000 128 128
18726 00004000 128 128
18730 00000000 128 128
18802 00000010 128 128
18808 00000000 128 128
18830 00000010 128 128
18836 00000000 128 128
18858 00002000 128 128
18862 00000000 128 128
18994 00000010 128 128
19000 00000000 128 128
19032 00000010 128 128
19038 00000000 128 128
19070 00000080 128 128
19076 00000000 128 128
19108 00000040 128 128
19114 00000000 128 128
19146 00002000 128 128
19150 00000000 128 128
19222 00002000 128 128
19226 00000000 128 128
19258 00002000 128 128
19262 00000000 128 128
19294 00002000 128 128
19298 00000000 128 128
19330 00002000 128 128
19334 00000000 128 128
19366 00002000 128 128
19370 00000000 128 128
19402 00002000 128 128
19406 00000000 128 128
19438 00002000 128 128
19442 00000000 128 128
19474 00002000 128 128
19478 00000000 128 128
19510 00002000 128 128
19514 00000000 128 128
19546 00002000 128 128
19550 00000000 128 128
19582 00002000 128 128
19586 00000000 128 128
19618 00002000 128 128
19622 00000000 128 128
19714 00004000 128 128
19718 00000000 128 128
19750 00004000 128 128
19754 00000000 128 128
19786 00004000 128 128
19790 00000000 128 128
19822 00004000 128 128
19826 00000000 128 128
19898 00004000 128 128
19902 00000000 128 128
19934 00004000 128 128
19938 00000000 128 128
19970 00004000 128 128
19974 00000000 128 128
20006 00004000 128 128
20010 00000000 128 128
20082 00000010 128 128
20088 00000000 128 128
20110 00000010 128 128
20116 00000000 128 128
20138 00002000 128 128
20142 00000000 128 128
20274 00000010 128 128
20280 00000000 128 128
20312 00000010 128 128
20318 00000000 128 128
20350 00000080 128 128
20356 00000000 128 128
20388 00000040 128 128
20394 00000000 128 128
20426 00002000 128 128
20430 00000000 128 128
20502 00002000 128 128
20506 00000000 128 128
20538 00002000 128 128
20542 00000000 128 128
20574 00002000 128 128
20578 00000000 128 128
20610 00002000 128 128
20614 00000000 128 128
20646 00002000 128 128
20650 00000000 128 128
20682 00002000 128 128
20686 00000000 128 128
20718 00002000 128 128
20722 00000000 128 128
20754 00002000 128 128
20758 00000000 128 128
20790 00002000 128 128
20794 00000000 128 128
20826 00002000 128 128
20830 00000000 128 128
20862 00002000 128 128
20866 00000000 128 128
20898 00002000 128 128
20902 00000000 128 128
21114 00004000 128 128
21118 00000000 128 128
21150 00004000 128 128
21154 00000000 128 128
21186 00004000 128 128
21190 00000000 128 128
21222 00004000 128 128
21226 00000000 128 128
21258 00004000 128 128
21262 00000000 128 128
21294 00004000 128 128
21298 00000000 128 128
21330 00004000 128 128
21334 00000000 128 128
21366 00004000 128 128
21370 00000000 128 128
21402 00004000 128 128
21406 00000000 128 128
21438 00004000 128 128
21442 00000000 128 128
21474 00004000 128 128
21478 00000000 128 128
21510 00004000 128 128
21514 00000000 128 128
21546 00004000 128 128
21550 00000000 128 128
21582 00004000 128 128
21586 00000000 128 128
21618 00004000 128 128
21622 00000000 128 128
21654 00004000 128 128
21658 00000000 128 128
21690 00004000 128 128
21694 00000000 128 128
21726 00004000 128 128
21730 00000000 128 128
21762 00004000 128 128
21766 00000000 128 128
21798 00004000 128 128
21802 00000000 128 128
21834 00004000 128 128
21838 00000000 128 128
21870 00004000 128 128
21874 00000000 128 128
21906 00004000 128 128
21910 00000000 128 128
21942 00004000 128 128
21946 00000000 128 128
21978 00004000 128 128
21982 00000000 128 128
22014 00004000 128 128
22018 00000000 128 128
22050 00004000 128 128
22054 00000000 128 128
22086 00004000 128 128
22090 00000000 128 128
22122 00004000 128 128
22126 00000000 128 128
22158 00004000 128 128
22162 00000000 128 128
22194 00004000 128 128
22198 00000000 128 128
22230 00004000 128 128
22234 00000000 128 128
22266 00004000 128 128
22270 00000000 128 128
22302 00004000 128 128
22306 00000000 128 128
22338 00004000 128 128
22342 00000000 128 128
22374 00004000 128 128
22378 00000000 128 128
22410 00004000 128 128
22414 00000000 128 128
22446 00004000 128 128
22450 00000000 128 128
22482 00004000 128 128
22486 00000000 128 128
22518 00004000 128 128
22522 00000000 128 128
22554 00004000 128 128
22558 00000000 128 128
22590 00004000 128 128
22594 00000000 128 128
22626 00004000 128 128
22630 00000000 128 128
22662 00004000 128 128
22666 00000000 128 128
22698 00004000 128 128
22702 00000000 128 128
22734 00004000 128 128
22738 00000000 128 128
22770 00004000 128 128
22774 00000000 128 128
22806 00004000 128 128
22810 00000000 128 128
22842 00004000 128 128
22846 00000000 128 128
22878 00004000 128 128
22882 00000000 128 128
22914 00004000 128 128
22918 00000000 128 128
22950 00004000 128 128
22954 00000000 128 128
22986 00004000 128 128
22990 00000000 128 128
23022 00004000 128 128
23026 00000000 128 128
23058 00004000 128 128
23062 00000000 128 128
23094 00004000 128 128
23098 00000000 128 128
23130 00004000 128 128
23134 00000000 128 128
23166 00004000 128 128
23170 00000000 128 128
23202 00004000 128 128
23206 00000000 128 128
23238 00004000 128 128
23242 00000000 128 128
23334 00001000 128 128
23338 00000000 128 128
23440 00000010 128 128
23446 00000000 128 128
23468 00000010 128 128
23474 00000000 128 128
23496 00000010 128 128
23502 00000000 128 128
23524 00000020 128 128
23530 00000000 128 128
23562 00002000 128 128
23566 00000000 128 128
23978 00002000 128 128
23982 00000000 128 128
24194 00002000 128 128
24198 00000000 128 128
24410 00002000 128 128
24414 00000000 128 128
24626 00002000 128 128
24630 00000000 128 128
24842 00002000 128 128
24846 00000000 128 128
25118 00000000 128 128
