0 00000000 128 128
150 00000008 128 128
152 00000000 128 128
300 00000008 128 128
302 00000000 128 128
450 00002000 128 128
452 00000000 128 128
700 00000020 128 128
724 00000000 128 128
726 00000040 128 128
758 00000000 128 128
760 00000020 128 128
768 00000000 128 128
770 00000040 128 128
778 00000000 128 128
780 00000020 128 128
788 00000000 128 128
790 00000040 128 128
838 00000000 128 128
840 00000040 128 128
856 00000000 128 128
1068 00000040 128 128
1220 00000000 128 128
1252 00004000 128 128
1256 00000000 128 128
1288 00004000 128 128
1292 00000000 128 128
1324 00004000 128 128
1328 00000000 128 128
1360 00004000 128 128
1364 00000000 128 128
1396 00004000 128 128
1400 00000000 128 128
1432 00004000 128 128
1436 00000000 128 128
1468 00004000 128 128
1472 00000000 128 128
1504 00004000 128 128
1508 00000000 128 128
1540 00004000 128 128
1544 00000000 128 128
1576 00004000 128 128
1580 00000000 128 128
1642 00000040 128 128
1770 00000000 128 128
1802 00004000 128 128
1806 00000000 128 128
1838 00004000 128 128
1842 00000000 128 128
1874 00004000 128 128
1878 00000000 128 128
1910 00004000 128 128
1914 00000000 128 128
1946 00004000 128 128
1950 00000000 128 128
1982 00004000 128 128
1986 00000000 128 128
2018 00004000 128 128
2022 00000000 128 128
2054 00004000 128 128
2058 00000000 128 128
2090 00004000 128 128
2094 00000000 128 128
2126 00004000 128 128
2130 00000000 128 128
2192 00000080 128 128
2256 00000000 128 128
2288 00004000 128 128
2292 00000000 128 128
2324 00004000 128 128
2328 00000000 128 128
2360 00004000 128 128
2364 00000000 128 128
2396 00004000 128 128
2400 00000000 128 128
2432 00004000 128 128
2436 00000000 128 128
2468 00004000 128 128
2472 00000000 128 128
2504 00004000 128 128
2508 00000000 128 128
2540 00004000 128 128
2544 00000000 128 128
2576 00004000 128 128
2580 00000000 128 128
2612 00004000 128 128
2616 00000000 128 128
2678 00000010 128 128
2726 00000000 128 128
2758 00004000 128 128
2762 00000000 128 128
2794 00004000 128 128
2798 00000000 128 128
2830 00004000 128 128
2834 00000000 128 128
2866 00004000 128 128
2870 00000000 128 128
2902 00004000 128 128
2906 00000000 128 128
2938 00004000 128 128
2942 00000000 128 128
2974 00004000 128 128
2978 00000000 128 128
3010 00004000 128 128
3014 00000000 128 128
3046 00004000 128 128
3050 00000000 128 128
3082 00004000 128 128
3086 00000000 128 128
3148 00000010 128 128
3164 00000000 128 128
3376 00004000 128 128
3380 00000000 128 128
3412 00004000 128 128
3416 00000000 128 128
3448 00004000 128 128
3452 00000000 128 128
3484 00004000 128 128
3488 00000000 128 128
3520 00004000 128 128
3524 00000000 128 128
3556 00004000 128 128
3560 00000000 128 128
3592 00004000 128 128
3596 00000000 128 128
3628 00004000 128 128
3632 00000000 128 128
3664 00004000 128 128
3668 00000000 128 128
3700 00004000 128 128
3704 00000000 128 128
3736 00004000 128 128
3740 00000000 128 128
3772 00004000 128 128
3776 00000000 128 128
3808 00004000 128 128
3812 00000000 128 128
3844 00004000 128 128
3848 00000000 128 128
3880 00004000 128 128
3884 00000000 128 128
3916 00004000 128 128
3920 00000000 128 128
3952 00004000 128 128
3956 00000000 128 128
3988 00004000 128 128
3992 00000000 128 128
4024 00004000 128 128
4028 00000000 128 128
4060 00004000 128 128
4064 00000000 128 128
4156 00001000 128 128
4160 00000000 128 128
4262 00000010 128 128
4268 00000000 128 128
4290 00000010 128 128
4296 00000000 128 128
4318 00000010 128 128
4324 00000000 128 128
4346 00000020 128 128
4352 00000000 128 128
4384 00002000 128 128
4388 00000000 128 128
4800 00002000 128 128
4804 00000000 128 128
5016 00002000 128 128
5020 00000000 128 128
5232 00002000 128 128
5236 00000000 128 128
5448 00002000 128 128
5452 00000000 128 128
5664 00002000 128 128
5668 00000000 128 128
5940 00000000 128 128
