0 00000000 128 128
150 00000008 128 128
152 00000000 128 128
300 00000008 128 128
302 00000000 128 128
450 00002000 128 128
452 00000000 128 128
700 00000040 128 128
756 00000000 128 128
1158 00004000 128 128
1162 00000000 128 128
1194 00004000 128 128
1198 00000000 128 128
1230 00004000 128 128
1234 00000000 128 128
1266 00004000 128 128
1270 00000000 128 128
1302 00004000 128 128
1306 00000000 128 128
1338 00004000 128 128
1342 00000000 128 128
1374 00004000 128 128
1378 00000000 128 128
1410 00004000 128 128
1414 00000000 128 128
1446 00004000 128 128
1450 00000000 128 128
1482 00004000 128 128
1486 00000000 128 128
1578 00000040 128 128
1586 00000000 128 128
1618 00004000 128 128
1622 00000000 128 128
1654 00004000 128 128
1658 00000000 128 128
1690 00004000 128 128
1694 00000000 128 128
1726 00004000 128 128
1730 00000000 128 128
1762 00004000 128 128
1766 00000000 128 128
1798 00004000 128 128
1802 00000000 128 128
1834 00004000 128 128
1838 00000000 128 128
1870 00004000 128 128
1874 00000000 128 128
1906 00004000 128 128
1910 00000000 128 128
1942 00004000 128 128
1946 00000000 128 128
2008 00000080 128 128
2080 00000000 128 128
2112 00004000 128 128
2116 00000000 128 128
2148 00004000 128 128
2152 00000000 128 128
2184 00004000 128 128
2188 00000000 128 128
2220 00004000 128 128
2224 00000000 128 128
2256 00004000 128 128
2260 00000000 128 128
2292 00004000 128 128
2296 00000000 128 128
2328 00004000 128 128
2332 00000000 128 128
2364 00004000 128 128
2368 00000000 128 128
2400 00004000 128 128
2404 00000000 128 128
2436 00004000 128 128
2440 00000000 128 128
2502 00000010 128 128
2574 00000000 128 128
2606 00004000 128 128
2610 00000000 128 128
2642 00004000 128 128
2646 00000000 128 128
2678 00004000 128 128
2682 00000000 128 128
2714 00004000 128 128
2718 00000000 128 128
2750 00004000 128 128
2754 00000000 128 128
2786 00004000 128 128
2790 00000000 128 128
2822 00004000 128 128
2826 00000000 128 128
2858 00004000 128 128
2862 00000000 128 128
2894 00004000 128 128
2898 00000000 128 128
2930 00004000 128 128
2934 00000000 128 128
2996 00000080 128 128
3068 00000000 128 128
3100 00004000 128 128
3104 00000000 128 128
3136 00004000 128 128
3140 00000000 128 128
3172 00004000 128 128
3176 00000000 128 128
3208 00004000 128 128
3212 00000000 128 128
3244 00004000 128 128
3248 00000000 128 128
3280 00004000 128 128
3284 00000000 128 128
3316 00004000 128 128
3320 00000000 128 128
3352 00004000 128 128
3356 00000000 128 128
3388 00004000 128 128
3392 00000000 128 128
3424 00004000 128 128
3428 00000000 128 128
3490 00000010 128 128
3538 00000000 128 128
3570 00000010 128 128
3586 00000000 128 128
3988 00000010 128 128
4044 00000000 128 128
4106 00000010 128 128
4114 00000000 128 128
5016 00000010 128 128
5064 00000000 128 128
5096 00000020 128 128
5120 00000000 128 128
5122 00000010 128 128
5138 00000000 128 128
5140 00000080 128 128
5188 00000000 128 128
5190 00000010 128 128
5206 00000000 128 128
5238 00000020 128 128
5262 00000000 128 128
5324 00004000 128 128
5328 00000000 128 128
5360 00004000 128 128
5364 00000000 128 128
5396 00004000 128 128
5400 00000000 128 128
5432 00004000 128 128
5436 00000000 128 128
5468 00004000 128 128
5472 00000000 128 128
5504 00004000 128 128
5508 00000000 128 128
5540 00004000 128 128
5544 00000000 128 128
5576 00004000 128 128
5580 00000000 128 128
5612 00004000 128 128
5616 00000000 128 128
5648 00004000 128 128
5652 00000000 128 128
5744 00000010 128 128
5808 00000000 128 128
5870 00002000 128 128
5874 00000000 128 128
6006 00004000 128 128
6010 00000000 128 128
6042 00004000 128 128
6046 00000000 128 128
6078 00004000 128 128
6082 00000000 128 128
6114 00004000 128 128
6118 00000000 128 128
6150 00004000 128 128
6154 00000000 128 128
6186 00004000 128 128
6190 00000000 128 128
6222 00004000 128 128
6226 00000000 128 128
6258 00004000 128 128
6262 00000000 128 128
6294 00004000 128 128
6298 00000000 128 128
6330 00004000 128 128
6334 00000000 128 128
6366 00004000 128 128
6370 00000000 128 128
6402 00004000 128 128
6406 00000000 128 128
6438 00004000 128 128
6442 00000000 128 128
6474 00004000 128 128
6478 00000000 128 128
6510 00004000 128 128
6514 00000000 128 128
6546 00004000 128 128
6550 00000000 128 128
6582 00004000 128 128
6586 00000000 128 128
6618 00004000 128 128
6622 00000000 128 128
6654 00004000 128 128
6658 00000000 128 128
6690 00004000 128 128
6694 00000000 128 128
6726 00004000 128 128
6730 00000000 128 128
6762 00004000 128 128
6766 00000000 128 128
6798 00004000 128 128
6802 00000000 128 128
6834 00004000 128 128
6838 00000000 128 128
6870 00004000 128 128
6874 00000000 128 128
6906 00004000 128 128
6910 00000000 128 128
6942 00004000 128 128
6946 00000000 128 128
6978 00004000 128 128
6982 00000000 128 128
7014 00004000 128 128
7018 00000000 128 128
7050 00004000 128 128
7054 00000000 128 128
7086 00004000 128 128
7090 00000000 128 128
7122 00004000 128 128
7126 00000000 128 128
7158 00004000 128 128
7162 00000000 128 128
7194 00004000 128 128
7198 00000000 128 128
7230 00004000 128 128
7234 00000000 128 128
7266 00004000 128 128
7270 00000000 128 128
7302 00004000 128 128
7306 00000000 128 128
7338 00004000 128 128
7342 00000000 128 128
7374 00004000 128 128
7378 00000000 128 128
7410 00004000 128 128
7414 00000000 128 128
7446 00004000 128 128
7450 00000000 128 128
7482 00004000 128 128
7486 00000000 128 128
7518 00004000 128 128
7522 00000000 128 128
7554 00004000 128 128
7558 00000000 128 128
7590 00004000 128 128
7594 00000000 128 128
7626 00004000 128 128
7630 00000000 128 128
7662 00004000 128 128
7666 00000000 128 128
7698 00004000 128 128
7702 00000000 128 128
7734 00004000 128 128
7738 00000000 128 128
7770 00004000 128 128
7774 00000000 128 128
7806 00004000 128 128
7810 00000000 128 128
7842 00004000 128 128
7846 00000000 128 128
7878 00004000 128 128
7882 00000000 128 128
7914 00004000 128 128
7918 00000000 128 128
7950 00004000 128 128
7954 00000000 128 128
7986 00004000 128 128
7990 00000000 128 128
8022 00004000 128 128
8026 00000000 128 128
8058 00004000 128 128
8062 00000000 128 128
8094 00004000 128 128
8098 00000000 128 128
8130 00004000 128 128
8134 00000000 128 128
8466 00004000 128 128
8470 00000000 128 128
8502 00004000 128 128
8506 00000000 128 128
8538 00004000 128 128
8542 00000000 128 128
8574 00004000 128 128
8578 00000000 128 128
8650 00004000 128 128
8654 00000000 128 128
8686 00004000 128 128
8690 00000000 128 128
8722 00004000 128 128
8726 00000000 128 128
8758 00004000 128 128
8762 00000000 128 128
8834 00000010 128 128
8840 00000000 128 128
8862 00000010 128 128
8868 00000000 128 128
8890 00002000 128 128
8894 00000000 128 128
9026 00000010 128 128
9032 00000000 128 128
9064 00000010 128 128
9070 00000000 128 128
9102 00000080 128 128
9108 00000000 128 128
9140 00000040 128 128
9146 00000000 128 128
9178 00002000 128 128
9182 00000000 128 128
9254 00002000 128 128
9258 00000000 128 128
9290 00002000 128 128
9294 00000000 128 128
9326 00002000 128 128
9330 00000000 128 128
9362 00002000 128 128
9366 00000000 128 128
9398 00002000 128 128
9402 00000000 128 128
9434 00002000 128 128
9438 00000000 128 128
9470 00002000 128 128
9474 00000000 128 128
9506 00002000 128 128
9510 00000000 128 128
9542 00002000 128 128
9546 00000000 128 128
9578 00002000 128 128
9582 00000000 128 128
9614 00002000 128 128
9618 00000000 128 128
9650 00002000 128 128
9654 00000000 128 128
9746 00004000 128 128
9750 00000000 128 128
9782 00004000 128 128
9786 00000000 128 128
9818 00004000 128 128
9822 00000000 128 128
9854 00004000 128 128
9858 00000000 128 128
9930 00004000 128 128
9934 00000000 128 128
9966 00004000 128 128
9970 00000000 128 128
10002 00004000 128 128
10006 00000000 128 128
10038 00004000 128 128
10042 00000000 128 128
10114 00000010 128 128
10120 00000000 128 128
10142 00000010 128 128
10148 00000000 128 128
10170 00002000 128 128
10174 00000000 128 128
10306 00000010 128 128
10312 00000000 128 128
10344 00000010 128 128
10350 00000000 128 128
10382 00000080 128 128
10388 00000000 128 128
10420 00000040 128 128
10426 00000000 128 128
10458 00002000 128 128
10462 00000000 128 128
10534 00002000 128 128
10538 00000000 128 128
10570 00002000 128 128
10574 00000000 128 128
10606 00002000 128 128
10610 00000000 128 128
10642 00002000 128 128
10646 00000000 128 128
10678 00002000 128 128
10682 00000000 128 128
10714 00002000 128 128
10718 00000000 128 128
10750 00002000 128 128
10754 00000000 128 128
10786 00002000 128 128
10790 00000000 128 128
10822 00002000 128 128
10826 00000000 128 128
10858 00002000 128 128
10862 00000000 128 128
10894 00002000 128 128
10898 00000000 128 128
10930 00002000 128 128
10934 00000000 128 128
11026 00004000 128 128
11030 00000000 128 128
11062 00004000 128 128
11066 00000000 128 128
11098 00004000 128 128
11102 00000000 128 128
11134 00004000 128 128
11138 00000000 128 128
11210 00004000 128 128
11214 00000000 128 128
11246 00004000 128 128
11250 00000000 128 128
11282 00004000 128 128
11286 00000000 128 128
11318 00004000 128 128
11322 00000000 128 128
11394 00000010 128 128
11400 00000000 128 128
11422 00000010 128 128
11428 00000000 128 128
11450 00002000 128 128
11454 00000000 128 128
11586 00000010 128 128
11592 00000000 128 128
11624 00000010 128 128
11630 00000000 128 128
11662 00000080 128 128
11668 00000000 128 128
11700 00000040 128 128
11706 00000000 128 128
11738 00002000 128 128
11742 00000000 128 128
11814 00002000 128 128
11818 00000000 128 128
11850 00002000 128 128
11854 00000000 128 128
11886 00002000 128 128
11890 00000000 128 128
11922 00002000 128 128
11926 00000000 128 128
11958 00002000 128 128
11962 00000000 128 128
11994 00002000 128 128
11998 00000000 128 128
12030 00002000 128 128
12034 00000000 128 128
12066 00002000 128 128
12070 00000000 128 128
12102 00002000 128 128
12106 00000000 128 128
12138 00002000 128 128
12142 00000000 128 128
12174 00002000 128 128
12178 00000000 128 128
12210 00002000 128 128
12214 00000000 128 128
12306 00004000 128 128
12310 00000000 128 128
12342 00004000 128 128
12346 00000000 128 128
12378 00004000 128 128
12382 00000000 128 128
12414 00004000 128 128
12418 00000000 128 128
12490 00004000 128 128
12494 00000000 128 128
12526 00004000 128 128
12530 00000000 128 128
12562 00004000 128 128
12566 00000000 128 128
12598 00004000 128 128
12602 00000000 128 128
12674 00000010 128 128
12680 00000000 128 128
12702 00000010 128 128
12708 00000000 128 128
12730 00002000 128 128
12734 00000000 128 128
12866 00000010 128 128
12872 00000000 128 128
12904 00000010 128 128
12910 00000000 128 128
12942 00000080 128 128
12948 00000000 128 128
12980 00000040 128 128
12986 00000000 128 128
13018 00002000 128 128
13022 00000000 128 128
13094 00002000 128 128
13098 00000000 128 128
13130 00002000 128 128
13134 00000000 128 128
13166 00002000 128 128
13170 00000000 128 128
13202 00002000 128 128
13206 00000000 128 128
13238 00002000 128 128
13242 00000000 128 128
13274 00002000 128 128
13278 00000000 128 128
13310 00002000 128 128
13314 00000000 128 128
13346 00002000 128 128
13350 00000000 128 128
13382 00002000 128 128
13386 00000000 128 128
13418 00002000 128 128
13422 00000000 128 128
13454 00002000 128 128
13458 00000000 128 128
13490 00002000 128 128
13494 00000000 128 128
13586 00004000 128 128
13590 00000000 128 128
13622 00004000 128 128
13626 00000000 128 128
13658 00004000 128 128
13662 00000000 128 128
13694 00004000 128 128
13698 00000000 128 128
13770 00004000 128 128
13774 00000000 128 128
13806 00004000 128 128
13810 00000000 128 128
13842 00004000 128 128
13846 00000000 128 128
13878 00004000 128 128
13882 00000000 128 128
13954 00000010 128 128
13960 00000000 128 128
13982 00000010 128 128
13988 00000000 128 128
14010 00002000 128 128
14014 00000000 128 128
14146 00000010 128 128
14152 00000000 128 128
14184 00000010 128 128
14190 00000000 128 128
14222 00000080 128 128
14228 00000000 128 128
14260 00000040 128 128
14266 00000000 128 128
14298 00002000 128 128
14302 00000000 128 128
14374 00002000 128 128
14378 00000000 128 128
14410 00002000 128 128
14414 00000000 128 128
14446 00002000 128 128
14450 00000000 128 128
14482 00002000 128 128
14486 00000000 128 128
14518 00002000 128 128
14522 00000000 128 128
14554 00002000 128 128
14558 00000000 128 128
14590 00002000 128 128
14594 00000000 128 128
14626 00002000 128 128
14630 00000000 128 128
14662 00002000 128 128
14666 00000000 128 128
14698 00002000 128 128
14702 00000000 128 128
14734 00002000 128 128
14738 00000000 128 128
14770 00002000 128 128
14774 00000000 128 128
14866 00004000 128 128
14870 00000000 128 128
14902 00004000 128 128
14906 00000000 128 128
14938 00004000 128 128
14942 00000000 128 128
14974 00004000 128 128
14978 00000000 128 128
15050 00004000 128 128
15054 00000000 128 128
15086 00004000 128 128
15090 00000000 128 128
15122 00004000 128 128
15126 00000000 128 128
15158 00004000 128 128
15162 00000000 128 128
15234 00000010 128 128
15240 00000000 128 128
15262 00000010 128 128
15268 00000000 128 128
15290 00002000 128 128
15294 00000000 128 128
15426 00000010 128 128
15432 00000000 128 128
15464 00000010 128 128
15470 00000000 128 128
15502 00000080 128 128
15508 00000000 128 128
15540 00000040 128 128
15546 00000000 128 128
15578 00002000 128 128
15582 00000000 128 128
15654 00002000 128 128
15658 00000000 128 128
15690 00002000 128 128
15694 00000000 128 128
15726 00002000 128 128
15730 00000000 128 128
15762 00002000 128 128
15766 00000000 128 128
15798 00002000 128 128
15802 00000000 128 128
15834 00002000 128 128
15838 00000000 128 128
15870 00002000 128 128
15874 00000000 128 128
15906 00002000 128 128
15910 00000000 128 128
15942 00002000 128 128
15946 00000000 128 128
15978 00002000 128 128
15982 00000000 128 128
16014 00002000 128 128
16018 00000000 128 128
16050 00002000 128 128
16054 00000000 128 128
16146 00004000 128 128
16150 00000000 128 128
16182 00004000 128 128
16186 00000000 128 128
16218 00004000 128 128
16222 00000000 128 128
16254 00004000 128 128
16258 00000000 128 128
16330 00004000 128 128
16334 00000000 128 128
16366 00004000 128 128
16370 00000000 128 128
16402 00004000 128 128
16406 00000000 128 128
16438 00004000 128 128
16442 00000000 128 128
16514 00000010 128 128
16520 00000000 128 128
16542 00000010 128 128
16548 00000000 128 128
16570 00002000 128 128
16574 00000000 128 128
16706 00000010 128 128
16712 00000000 128 128
16744 00000010 128 128
16750 00000000 128 128
16782 00000080 128 128
16788 00000000 128 128
16820 00000040 128 128
16826 00000000 128 128
16858 00002000 128 128
16862 00000000 128 128
16934 00002000 128 128
16938 00000000 128 128
16970 00002000 128 128
16974 00000000 128 128
17006 00002000 128 128
17010 00000000 128 128
17042 00002000 128 128
17046 00000000 128 128
17078 00002000 128 128
17082 00000000 128 128
17114 00002000 128 128
17118 00000000 128 128
17150 00002000 128 128
17154 00000000 128 128
17186 00002000 128 128
17190 00000000 128 128
17222 00002000 128 128
17226 00000000 128 128
17258 00002000 128 128
17262 00000000 128 128
17294 00002000 128 128
17298 00000000 128 128
17330 00002000 128 128
17334 00000000 128 128
17426 00004000 128 128
17430 00000000 128 128
17462 00004000 128 128
17466 00000000 128 128
17498 00004000 128 128
17502 00000000 128 128
17534 00004000 128 128
17538 00000000 128 128
17610 00004000 128 128
17614 00000000 128 128
17646 00004000 128 128
17650 00000000 128 128
17682 00004000 128 128
17686 00000000 128 128
17718 00004000 128 128
17722 00000000 128 128
17794 00000010 128 128
17800 00000000 128 128
17822 00000010 128 128
17828 00000000 128 128
17850 00002000 128 128
17854 00000000 128 128
17986 00000010 128 128
17992 00000000 128 128
18024 00000010 128 128
18030 00000000 128 128
18062 00000080 128 128
18068 00000000 128 128
18100 00000040 128 128
18106 00000000 128 128
18138 00002000 128 128
18142 00000000 128 128
18214 00002000 128 128
18218 00000000 128 128
18250 00002000 128 128
18254 00000000 128 128
18286 00002000 128 128
18290 00000000 128 128
18322 00002000 128 128
18326 00000000 128 128
18358 00002000 128 128
18362 00000000 128 128
18394 00002000 128 128
18398 00000000 128 128
18430 00002000 128 128
18434 00000000 128 128
18466 00002000 128 128
18470 00000000 128 128
18502 00002000 128 128
18506 00000000 128 128
18538 00002000 128 128
18542 00000000 128 128
18574 00002000 128 128
18578 00000000 128 128
18610 00002000 128 128
18614 00000000 128 128
18706 00004000 128 128
18710 00000000 128 128
18742 00004000 128 128
18746 00000000 128 128
18778 00004000 128 128
18782 00000000 128 128
18814 00004000 128 128
18818 00000000 128 128
18890 00004000 128 128
18894 00000000 128 128
18926 00004000 128 128
18930 00000000 128 128
18962 00004000 128 128
18966 00000000 128 128
18998 00004000 128 128
19002 00000000 128 128
19074 00000010 128 128
19080 00000000 128 128
19102 00000010 128 128
19108 00000000 128 128
19130 00002000 128 128
19134 00000000 128 128
19266 00000010 128 128
19272 00000000 128 128
19304 00000010 128 128
19310 00000000 128 128
19342 00000080 128 128
19348 00000000 128 128
19380 00000040 128 128
19386 00000000 128 128
19418 00002000 128 128
19422 00000000 128 128
19494 00002000 128 128
19498 00000000 128 128
19530 00002000 128 128
19534 00000000 128 128
19566 00002000 128 128
19570 00000000 128 128
19602 00002000 128 128
19606 00000000 128 128
19638 00002000 128 128
19642 00000000 128 128
19674 00002000 128 128
19678 00000000 128 128
19710 00002000 128 128
19714 00000000 128 128
19746 00002000 128 128
19750 00000000 128 128
19782 00002000 128 128
19786 00000000 128 128
19818 00002000 128 128
19822 00000000 128 128
19854 00002000 128 128
19858 00000000 128 128
19890 00002000 128 128
19894 00000000 128 128
19986 00004000 128 128
19990 00000000 128 128
20022 00004000 128 128
20026 00000000 128 128
20058 00004000 128 128
20062 00000000 128 128
20094 00004000 128 128
20098 00000000 128 128
20170 00004000 128 128
20174 00000000 128 128
20206 00004000 128 128
20210 00000000 128 128
20242 00004000 128 128
20246 00000000 128 128
20278 00004000 128 128
20282 00000000 128 128
20354 00000010 128 128
20360 00000000 128 128
20382 00000010 128 128
20388 00000000 128 128
20410 00002000 128 128
20414 00000000 128 128
20546 00000010 128 128
20552 00000000 128 128
20584 00000010 128 128
20590 00000000 128 128
20622 00000080 128 128
20628 00000000 128 128
20660 00000040 128 128
20666 00000000 128 128
20698 00002000 128 128
20702 00000000 128 128
20774 00002000 128 128
20778 00000000 128 128
20810 00002000 128 128
20814 00000000 128 128
20846 00002000 128 128
20850 00000000 128 128
20882 00002000 128 128
20886 00000000 128 128
20918 00002000 128 128
20922 00000000 128 128
20954 00002000 128 128
20958 00000000 128 128
20990 00002000 128 128
20994 00000000 128 128
21026 00002000 128 128
21030 00000000 128 128
21062 00002000 128 128
21066 00000000 128 128
21098 00002000 128 128
21102 00000000 128 128
21134 00002000 128 128
21138 00000000 128 128
21170 00002000 128 128
21174 00000000 128 128
21266 00004000 128 128
21270 00000000 128 128
21302 00004000 128 128
21306 00000000 128 128
21338 00004000 128 128
21342 00000000 128 128
21374 00004000 128 128
21378 00000000 128 128
21450 00004000 128 128
21454 00000000 128 128
21486 00004000 128 128
21490 00000000 128 128
21522 00004000 128 128
21526 00000000 128 128
21558 00004000 128 128
21562 00000000 128 128
21634 00000010 128 128
21640 00000000 128 128
21662 00000010 128 128
21668 00000000 128 128
21690 00002000 128 128
21694 00000000 128 128
21826 00000010 128 128
21832 00000000 128 128
21864 00000010 128 128
21870 00000000 128 128
21902 00000080 128 128
21908 00000000 128 128
21940 00000040 128 128
21946 00000000 128 128
21978 00002000 128 128
21982 00000000 128 128
22054 00002000 128 128
22058 00000000 128 128
22090 00002000 128 128
22094 00000000 128 128
22126 00002000 128 128
22130 00000000 128 128
22162 00002000 128 128
22166 00000000 128 128
22198 00002000 128 128
22202 00000000 128 128
22234 00002000 128 128
22238 00000000 128 128
22270 00002000 128 128
22274 00000000 128 128
22306 00002000 128 128
22310 00000000 128 128
22342 00002000 128 128
22346 00000000 128 128
22378 00002000 128 128
22382 00000000 128 128
22414 00002000 128 128
22418 00000000 128 128
22450 00002000 128 128
22454 00000000 128 128
22546 00004000 128 128
22550 00000000 128 128
22582 00004000 128 128
22586 00000000 128 128
22618 00004000 128 128
22622 00000000 128 128
22654 00004000 128 128
22658 00000000 128 128
22730 00004000 128 128
22734 00000000 128 128
22766 00004000 128 128
22770 00000000 128 128
22802 00004000 128 128
22806 00000000 128 128
22838 00004000 128 128
22842 00000000 128 128
22914 00000010 128 128
22920 00000000 128 128
22942 00000010 128 128
22948 00000000 128 128
22970 00002000 128 128
22974 00000000 128 128
23106 00000010 128 128
23112 00000000 128 128
23144 00000010 128 128
23150 00000000 128 128
23182 00000080 128 128
23188 00000000 128 128
23220 00000040 128 128
23226 00000000 128 128
23258 00002000 128 128
23262 00000000 128 128
23334 00002000 128 128
23338 00000000 128 128
23370 00002000 128 128
23374 00000000 128 128
23406 00002000 128 128
23410 00000000 128 128
23442 00002000 128 128
23446 00000000 128 128
23478 00002000 128 128
23482 00000000 128 128
23514 00002000 128 128
23518 00000000 128 128
23550 00002000 128 128
23554 00000000 128 128
23586 00002000 128 128
23590 00000000 128 128
23622 00002000 128 128
23626 00000000 128 128
23658 00002000 128 128
23662 00000000 128 128
23694 00002000 128 128
23698 00000000 128 128
23730 00002000 128 128
23734 00000000 128 128
23826 00004000 128 128
23830 00000000 128 128
23862 00004000 128 128
23866 00000000 128 128
23898 00004000 128 128
23902 00000000 128 128
23934 00004000 128 128
23938 00000000 128 128
24010 00004000 128 128
24014 00000000 128 128
24046 00004000 128 128
24050 00000000 128 128
24082 00004000 128 128
24086 00000000 128 128
24118 00004000 128 128
24122 00000000 128 128
24194 00000010 128 128
24200 00000000 128 128
24222 00000010 128 128
24228 00000000 128 128
24250 00002000 128 128
24254 00000000 128 128
24386 00000010 128 128
24392 00000000 128 128
24424 00000010 128 128
24430 00000000 128 128
24462 00000080 128 128
24468 00000000 128 128
24500 00000040 128 128
24506 00000000 128 128
24538 00002000 128 128
24542 00000000 128 128
24614 00002000 128 128
24618 00000000 128 128
24650 00002000 128 128
24654 00000000 128 128
24686 00002000 128 128
24690 00000000 128 128
24722 00002000 128 128
24726 00000000 128 128
24758 00002000 128 128
24762 00000000 128 128
24794 00002000 128 128
24798 00000000 128 128
24830 00002000 128 128
24834 00000000 128 128
24866 00002000 128 128
24870 00000000 128 128
24902 00002000 128 128
24906 00000000 128 128
24938 00002000 128 128
24942 00000000 128 128
24974 00002000 128 128
24978 00000000 128 128
25010 00002000 128 128
25014 00000000 128 128
25106 00004000 128 128
25110 00000000 128 128
25142 00004000 128 128
25146 00000000 128 128
25178 00004000 128 128
25182 00000000 128 128
25214 00004000 128 128
25218 00000000 128 128
25290 00004000 128 128
25294 00000000 128 128
25326 00004000 128 128
25330 00000000 128 128
25362 00004000 128 128
25366 00000000 128 128
25398 00004000 128 128
25402 00000000 128 128
25474 00000010 128 128
25480 00000000 128 128
25502 00000010 128 128
25508 00000000 128 128
25530 00002000 128 128
25534 00000000 128 128
25666 00000010 128 128
25672 00000000 128 128
25704 00000010 128 128
25710 00000000 128 128
25742 00000080 128 128
25748 00000000 128 128
25780 00000040 128 128
25786 00000000 128 128
25818 00002000 128 128
25822 00000000 128 128
25894 00002000 128 128
25898 00000000 128 128
25930 00002000 128 128
25934 00000000 128 128
25966 00002000 128 128
25970 00000000 128 128
26002 00002000 128 128
26006 00000000 128 128
26038 00002000 128 128
26042 00000000 128 128
26074 00002000 128 128
26078 00000000 128 128
26110 00002000 128 128
26114 00000000 128 128
26146 00002000 128 128
26150 00000000 128 128
26182 00002000 128 128
26186 00000000 128 128
26218 00002000 128 128
26222 00000000 128 128
26254 00002000 128 128
26258 00000000 128 128
26290 00002000 128 128
26294 00000000 128 128
26386 00004000 128 128
26390 00000000 128 128
26422 00004000 128 128
26426 00000000 128 128
26458 00004000 128 128
26462 00000000 128 128
26494 00004000 128 128
26498 00000000 128 128
26570 00004000 128 128
26574 00000000 128 128
26606 00004000 128 128
26610 00000000 128 128
26642 00004000 128 128
26646 00000000 128 128
26678 00004000 128 128
26682 00000000 128 128
26754 00000010 128 128
26760 00000000 128 128
26782 00000010 128 128
26788 00000000 128 128
26810 00002000 128 128
26814 00000000 128 128
26946 00000010 128 128
26952 00000000 128 128
26984 00000010 128 128
26990 00000000 128 128
27022 00000080 128 128
27028 00000000 128 128
27060 00000040 128 128
27066 00000000 128 128
27098 00002000 128 128
27102 00000000 128 128
27174 00002000 128 128
27178 00000000 128 128
27210 00002000 128 128
27214 00000000 128 128
27246 00002000 128 128
27250 00000000 128 128
27282 00002000 128 128
27286 00000000 128 128
27318 00002000 128 128
27322 00000000 128 128
27354 00002000 128 128
27358 00000000 128 128
27390 00002000 128 128
27394 00000000 128 128
27426 00002000 128 128
27430 00000000 128 128
27462 00002000 128 128
27466 00000000 128 128
27498 00002000 128 128
27502 00000000 128 128
27534 00002000 128 128
27538 00000000 128 128
27570 00002000 128 128
27574 00000000 128 128
27666 00004000 128 128
27670 00000000 128 128
27702 00004000 128 128
27706 00000000 128 128
27738 00004000 128 128
27742 00000000 128 128
27774 00004000 128 128
27778 00000000 128 128
27850 00004000 128 128
27854 00000000 128 128
27886 00004000 128 128
27890 00000000 128 128
27922 00004000 128 128
27926 00000000 128 128
27958 00004000 128 128
27962 00000000 128 128
28034 00000010 128 128
28040 00000000 128 128
28062 00000010 128 128
28068 00000000 128 128
28090 00002000 128 128
28094 00000000 128 128
28226 00000010 128 128
28232 00000000 128 128
28264 00000010 128 128
28270 00000000 128 128
28302 00000080 128 128
28308 00000000 128 128
28340 00000040 128 128
28346 00000000 128 128
28378 00002000 128 128
28382 00000000 128 128
28454 00002000 128 128
28458 00000000 128 128
28490 00002000 128 128
28494 00000000 128 128
28526 00002000 128 128
28530 00000000 128 128
28562 00002000 128 128
28566 00000000 128 128
28598 00002000 128 128
28602 00000000 128 128
28634 00002000 128 128
28638 00000000 128 128
28670 00002000 128 128
28674 00000000 128 128
28706 00002000 128 128
28710 00000000 128 128
28742 00002000 128 128
28746 00000000 128 128
28778 00002000 128 128
28782 00000000 128 128
28814 00002000 128 128
28818 00000000 128 128
28850 00002000 128 128
28854 00000000 128 128
28946 00004000 128 128
28950 00000000 128 128
28982 00004000 128 128
28986 00000000 128 128
29018 00004000 128 128
29022 00000000 128 128
29054 00004000 128 128
29058 00000000 128 128
29130 00004000 128 128
29134 00000000 128 128
29166 00004000 128 128
29170 00000000 128 128
29202 00004000 128 128
29206 00000000 128 128
29238 00004000 128 128
29242 00000000 128 128
29314 00000010 128 128
29320 00000000 128 128
29342 00000010 128 128
29348 00000000 128 128
29370 00002000 128 128
29374 00000000 128 128
29506 00000010 128 128
29512 00000000 128 128
29544 00000010 128 128
29550 00000000 128 128
29582 00000080 128 128
29588 00000000 128 128
29620 00000040 128 128
29626 00000000 128 128
29658 00002000 128 128
29662 00000000 128 128
29734 00002000 128 128
29738 00000000 128 128
29770 00002000 128 128
29774 00000000 128 128
29806 00002000 128 128
29810 00000000 128 128
29842 00002000 128 128
29846 00000000 128 128
29878 00002000 128 128
29882 00000000 128 128
29914 00002000 128 128
29918 00000000 128 128
29950 00002000 128 128
29954 00000000 128 128
29986 00002000 128 128
29990 00000000 128 128
30022 00002000 128 128
30026 00000000 128 128
30058 00002000 128 128
30062 00000000 128 128
30094 00002000 128 128
30098 00000000 128 128
30130 00002000 128 128
30134 00000000 128 128
30226 00004000 128 128
30230 00000000 128 128
30262 00004000 128 128
30266 00000000 128 128
30298 00004000 128 128
30302 00000000 128 128
30334 00004000 128 128
30338 00000000 128 128
30410 00004000 128 128
30414 00000000 128 128
30446 00004000 128 128
30450 00000000 128 128
30482 00004000 128 128
30486 00000000 128 128
30518 00004000 128 128
30522 00000000 128 128
30594 00000010 128 128
30600 00000000 128 128
30622 00000010 128 128
30628 00000000 128 128
30650 00002000 128 128
30654 00000000 128 128
30786 00000010 128 128
30792 00000000 128 128
30824 00000010 128 128
30830 00000000 128 128
30862 00000080 128 128
30868 00000000 128 128
30900 00000040 128 128
30906 00000000 128 128
30938 00002000 128 128
30942 00000000 128 128
31014 00002000 128 128
31018 00000000 128 128
31050 00002000 128 128
31054 00000000 128 128
31086 00002000 128 128
31090 00000000 128 128
31122 00002000 128 128
31126 00000000 128 128
31158 00002000 128 128
31162 00000000 128 128
31194 00002000 128 128
31198 00000000 128 128
31230 00002000 128 128
31234 00000000 128 128
31266 00002000 128 128
31270 00000000 128 128
31302 00002000 128 128
31306 00000000 128 128
31338 00002000 128 128
31342 00000000 128 128
31374 00002000 128 128
31378 00000000 128 128
31410 00002000 128 128
31414 00000000 128 128
31506 00004000 128 128
31510 00000000 128 128
31542 00004000 128 128
31546 00000000 128 128
31578 00004000 128 128
31582 00000000 128 128
31614 00004000 128 128
31618 00000000 128 128
31690 00004000 128 128
31694 00000000 128 128
31726 00004000 128 128
31730 00000000 128 128
31762 00004000 128 128
31766 00000000 128 128
31798 00004000 128 128
31802 00000000 128 128
31874 00000010 128 128
31880 00000000 128 128
31902 00000010 128 128
31908 00000000 128 128
31930 00002000 128 128
31934 00000000 128 128
32066 00000010 128 128
32072 00000000 128 128
32104 00000010 128 128
32110 00000000 128 128
32142 00000080 128 128
32148 00000000 128 128
32180 00000040 128 128
32186 00000000 128 128
32218 00002000 128 128
32222 00000000 128 128
32294 00002000 128 128
32298 00000000 128 128
32330 00002000 128 128
32334 00000000 128 128
32366 00002000 128 128
32370 00000000 128 128
32402 00002000 128 128
32406 00000000 128 128
32438 00002000 128 128
32442 00000000 128 128
32474 00002000 128 128
32478 00000000 128 128
32510 00002000 128 128
32514 00000000 128 128
32546 00002000 128 128
32550 00000000 128 128
32582 00002000 128 128
32586 00000000 128 128
32618 00002000 128 128
32622 00000000 128 128
32654 00002000 128 128
32658 00000000 128 128
32690 00002000 128 128
32694 00000000 128 128
32786 00004000 128 128
32790 00000000 128 128
32822 00004000 128 128
32826 00000000 128 128
32858 00004000 128 128
32862 00000000 128 128
32894 00004000 128 128
32898 00000000 128 128
32970 00004000 128 128
32974 00000000 128 128
33006 00004000 128 128
33010 00000000 128 128
33042 00004000 128 128
33046 00000000 128 128
33078 00004000 128 128
33082 00000000 128 128
33154 00000010 128 128
33160 00000000 128 128
33182 00000010 128 128
33188 00000000 128 128
33210 00002000 128 128
33214 00000000 128 128
33346 00000010 128 128
33352 00000000 128 128
33384 00000010 128 128
33390 00000000 128 128
33422 00000080 128 128
33428 00000000 128 128
33460 00000040 128 128
33466 00000000 128 128
33498 00002000 128 128
33502 00000000 128 128
33574 00002000 128 128
33578 00000000 128 128
33610 00002000 128 128
33614 00000000 128 128
33646 00002000 128 128
33650 00000000 128 128
33682 00002000 128 128
33686 00000000 128 128
33718 00002000 128 128
33722 00000000 128 128
33754 00002000 128 128
33758 00000000 128 128
33790 00002000 128 128
33794 00000000 128 128
33826 00002000 128 128
33830 00000000 128 128
33862 00002000 128 128
33866 00000000 128 128
33898 00002000 128 128
33902 00000000 128 128
33934 00002000 128 128
33938 00000000 128 128
33970 00002000 128 128
33974 00000000 128 128
34066 00004000 128 128
34070 00000000 128 128
34102 00004000 128 128
34106 00000000 128 128
34138 00004000 128 128
34142 00000000 128 128
34174 00004000 128 128
34178 00000000 128 128
34250 00004000 128 128
34254 00000000 128 128
34286 00004000 128 128
34290 00000000 128 128
34322 00004000 128 128
34326 00000000 128 128
34358 00004000 128 128
34362 00000000 128 128
34434 00000010 128 128
34440 00000000 128 128
34462 00000010 128 128
34468 00000000 128 128
34490 00002000 128 128
34494 00000000 128 128
34626 00000010 128 128
34632 00000000 128 128
34664 00000010 128 128
34670 00000000 128 128
34702 00000080 128 128
34708 00000000 128 128
34740 00000040 128 128
34746 00000000 128 128
34778 00002000 128 128
34782 00000000 128 128
34854 00002000 128 128
34858 00000000 128 128
34890 00002000 128 128
34894 00000000 128 128
34926 00002000 128 128
34930 00000000 128 128
34962 00002000 128 128
34966 00000000 128 128
34998 00002000 128 128
35002 00000000 128 128
35034 00002000 128 128
35038 00000000 128 128
35070 00002000 128 128
35074 00000000 128 128
35106 00002000 128 128
35110 00000000 128 128
35142 00002000 128 128
35146 00000000 128 128
35178 00002000 128 128
35182 00000000 128 128
35214 00002000 128 128
35218 00000000 128 128
35250 00002000 128 128
35254 00000000 128 128
35346 00004000 128 128
35350 00000000 128 128
35382 00004000 128 128
35386 00000000 128 128
35418 00004000 128 128
35422 00000000 128 128
35454 00004000 128 128
35458 00000000 128 128
35530 00004000 128 128
35534 00000000 128 128
35566 00004000 128 128
35570 00000000 128 128
35602 00004000 128 128
35606 00000000 128 128
35638 00004000 128 128
35642 00000000 128 128
35714 00000010 128 128
35720 00000000 128 128
35742 00000010 128 128
35748 00000000 128 128
35770 00002000 128 128
35774 00000000 128 128
35906 00000010 128 128
35912 00000000 128 128
35944 00000010 128 128
35950 00000000 128 128
35982 00000080 128 128
35988 00000000 128 128
36020 00000040 128 128
36026 00000000 128 128
36058 00002000 128 128
36062 00000000 128 128
36134 00002000 128 128
36138 00000000 128 128
36170 00002000 128 128
36174 00000000 128 128
36206 00002000 128 128
36210 00000000 128 128
36242 00002000 128 128
36246 00000000 128 128
36278 00002000 128 128
36282 00000000 128 128
36314 00002000 128 128
36318 00000000 128 128
36350 00002000 128 128
36354 00000000 128 128
36386 00002000 128 128
36390 00000000 128 128
36422 00002000 128 128
36426 00000000 128 128
36458 00002000 128 128
36462 00000000 128 128
36494 00002000 128 128
36498 00000000 128 128
36530 00002000 128 128
36534 00000000 128 128
36626 00004000 128 128
36630 00000000 128 128
36662 00004000 128 128
36666 00000000 128 128
36698 00004000 128 128
36702 00000000 128 128
36734 00004000 128 128
36738 00000000 128 128
36810 00004000 128 128
36814 00000000 128 128
36846 00004000 128 128
36850 00000000 128 128
36882 00004000 128 128
36886 00000000 128 128
36918 00004000 128 128
36922 00000000 128 128
36994 00000010 128 128
37000 00000000 128 128
37022 00000010 128 128
37028 00000000 128 128
37050 00002000 128 128
37054 00000000 128 128
37186 00000010 128 128
37192 00000000 128 128
37224 00000010 128 128
37230 00000000 128 128
37262 00000080 128 128
37268 00000000 128 128
37300 00000040 128 128
37306 00000000 128 128
37338 00002000 128 128
37342 00000000 128 128
37414 00002000 128 128
37418 00000000 128 128
37450 00002000 128 128
37454 00000000 128 128
37486 00002000 128 128
37490 00000000 128 128
37522 00002000 128 128
37526 00000000 128 128
37558 00002000 128 128
37562 00000000 128 128
37594 00002000 128 128
37598 00000000 128 128
37630 00002000 128 128
37634 00000000 128 128
37666 00002000 128 128
37670 00000000 128 128
37702 00002000 128 128
37706 00000000 128 128
37738 00002000 128 128
37742 00000000 128 128
37774 00002000 128 128
37778 00000000 128 128
37810 00002000 128 128
37814 00000000 128 128
37906 00004000 128 128
37910 00000000 128 128
37942 00004000 128 128
37946 00000000 128 128
37978 00004000 128 128
37982 00000000 128 128
38014 00004000 128 128
38018 00000000 128 128
38090 00004000 128 128
38094 00000000 128 128
38126 00004000 128 128
38130 00000000 128 128
38162 00004000 128 128
38166 00000000 128 128
38198 00004000 128 128
38202 00000000 128 128
38274 00000010 128 128
38280 00000000 128 128
38302 00000010 128 128
38308 00000000 128 128
38330 00002000 128 128
38334 00000000 128 128
38466 00000010 128 128
38472 00000000 128 128
38504 00000010 128 128
38510 00000000 128 128
38542 00000080 128 128
38548 00000000 128 128
38580 00000040 128 128
38586 00000000 128 128
38618 00002000 128 128
38622 00000000 128 128
38694 00002000 128 128
38698 00000000 128 128
38730 00002000 128 128
38734 00000000 128 128
38766 00002000 128 128
38770 00000000 128 128
38802 00002000 128 128
38806 00000000 128 128
38838 00002000 128 128
38842 00000000 128 128
38874 00002000 128 128
38878 00000000 128 128
38910 00002000 128 128
38914 00000000 128 128
38946 00002000 128 128
38950 00000000 128 128
38982 00002000 128 128
38986 00000000 128 128
39018 00002000 128 128
39022 00000000 128 128
39054 00002000 128 128
39058 00000000 128 128
39090 00002000 128 128
39094 00000000 128 128
39186 00004000 128 128
39190 00000000 128 128
39222 00004000 128 128
39226 00000000 128 128
39258 00004000 128 128
39262 00000000 128 128
39294 00004000 128 128
39298 00000000 128 128
39370 00004000 128 128
39374 00000000 128 128
39406 00004000 128 128
39410 00000000 128 128
39442 00004000 128 128
39446 00000000 128 128
39478 00004000 128 128
39482 00000000 128 128
39554 00000010 128 128
39560 00000000 128 128
39582 00000010 128 128
39588 00000000 128 128
39610 00002000 128 128
39614 00000000 128 128
39746 00000010 128 128
39752 00000000 128 128
39784 00000010 128 128
39790 00000000 128 128
39822 00000080 128 128
39828 00000000 128 128
39860 00000040 128 128
39866 00000000 128 128
39898 00002000 128 128
39902 00000000 128 128
39974 00002000 128 128
39978 00000000 128 128
40010 00002000 128 128
40014 00000000 128 128
40046 00002000 128 128
40050 00000000 128 128
40082 00002000 128 128
40086 00000000 128 128
40118 00002000 128 128
40122 00000000 128 128
40154 00002000 128 128
40158 00000000 128 128
40190 00002000 128 128
40194 00000000 128 128
40226 00002000 128 128
40230 00000000 128 128
40262 00002000 128 128
40266 00000000 128 128
40298 00002000 128 128
40302 00000000 128 128
40334 00002000 128 128
40338 00000000 128 128
40370 00002000 128 128
40374 00000000 128 128
40466 00004000 128 128
40470 00000000 128 128
40502 00004000 128 128
40506 00000000 128 128
40538 00004000 128 128
40542 00000000 128 128
40574 00004000 128 128
40578 00000000 128 128
40650 00004000 128 128
40654 00000000 128 128
40686 00004000 128 128
40690 00000000 128 128
40722 00004000 128 128
40726 00000000 128 128
40758 00004000 128 128
40762 00000000 128 128
40834 00000010 128 128
40840 00000000 128 128
40862 00000010 128 128
40868 00000000 128 128
40890 00002000 128 128
40894 00000000 128 128
41026 00000010 128 128
41032 00000000 128 128
41064 00000010 128 128
41070 00000000 128 128
41102 00000080 128 128
41108 00000000 128 128
41140 00000040 128 128
41146 00000000 128 128
41178 00002000 128 128
41182 00000000 128 128
41254 00002000 128 128
41258 00000000 128 128
41290 00002000 128 128
41294 00000000 128 128
41326 00002000 128 128
41330 00000000 128 128
41362 00002000 128 128
41366 00000000 128 128
41398 00002000 128 128
41402 00000000 128 128
41434 00002000 128 128
41438 00000000 128 128
41470 00002000 128 128
41474 00000000 128 128
41506 00002000 128 128
41510 00000000 128 128
41542 00002000 128 128
41546 00000000 128 128
41578 00002000 128 128
41582 00000000 128 128
41614 00002000 128 128
41618 00000000 128 128
41650 00002000 128 128
41654 00000000 128 128
41946 00004000 128 128
41950 00000000 128 128
41982 00004000 128 128
41986 00000000 128 128
42018 00004000 128 128
42022 00000000 128 128
42054 00004000 128 128
42058 00000000 128 128
42090 00004000 128 128
42094 00000000 128 128
42126 00004000 128 128
42130 00000000 128 128
42162 00004000 128 128
42166 00000000 128 128
42198 00004000 128 128
42202 00000000 128 128
42234 00004000 128 128
42238 00000000 128 128
42270 00004000 128 128
42274 00000000 128 128
42306 00004000 128 128
42310 00000000 128 128
42342 00004000 128 128
42346 00000000 128 128
42378 00004000 128 128
42382 00000000 128 128
42414 00004000 128 128
42418 00000000 128 128
42450 00004000 128 128
42454 00000000 128 128
42486 00004000 128 128
42490 00000000 128 128
42522 00004000 128 128
42526 00000000 128 128
42558 00004000 128 128
42562 00000000 128 128
42594 00004000 128 128
42598 00000000 128 128
42630 00004000 128 128
42634 00000000 128 128
42666 00004000 128 128
42670 00000000 128 128
42702 00004000 128 128
42706 00000000 128 128
42738 00004000 128 128
42742 00000000 128 128
42774 00004000 128 128
42778 00000000 128 128
42810 00004000 128 128
42814 00000000 128 128
42846 00004000 128 128
42850 00000000 128 128
42882 00004000 128 128
42886 00000000 128 128
42918 00004000 128 128
42922 00000000 128 128
42954 00004000 128 128
42958 00000000 128 128
42990 00004000 128 128
42994 00000000 128 128
43026 00004000 128 128
43030 00000000 128 128
43062 00004000 128 128
43066 00000000 128 128
43098 00004000 128 128
43102 00000000 128 128
43134 00004000 128 128
43138 00000000 128 128
43170 00004000 128 128
43174 00000000 128 128
43206 00004000 128 128
43210 00000000 128 128
43242 00004000 128 128
43246 00000000 128 128
43278 00004000 128 128
43282 00000000 128 128
43314 00004000 128 128
43318 00000000 128 128
43350 00004000 128 128
43354 00000000 128 128
43386 00004000 128 128
43390 00000000 128 128
43422 00004000 128 128
43426 00000000 128 128
43458 00004000 128 128
43462 00000000 128 128
43494 00004000 128 128
43498 00000000 128 128
43530 00004000 128 128
43534 00000000 128 128
43566 00004000 128 128
43570 00000000 128 128
43602 00004000 128 128
43606 00000000 128 128
43638 00004000 128 128
43642 00000000 128 128
43674 00004000 128 128
43678 00000000 128 128
43710 00004000 128 128
43714 00000000 128 128
43746 00004000 128 128
43750 00000000 128 128
43782 00004000 128 128
43786 00000000 128 128
43818 00004000 128 128
43822 00000000 128 128
43854 00004000 128 128
43858 00000000 128 128
43890 00004000 128 128
43894 00000000 128 128
43926 00004000 128 128
43930 00000000 128 128
43962 00004000 128 128
43966 00000000 128 128
43998 00004000 128 128
44002 00000000 128 128
44034 00004000 128 128
44038 00000000 128 128
44070 00004000 128 128
44074 00000000 128 128
44106 00004000 128 128
44110 00000000 128 128
44142 00004000 128 128
44146 00000000 128 128
44178 00004000 128 128
44182 00000000 128 128
44214 00004000 128 128
44218 00000000 128 128
44250 00004000 128 128
44254 00000000 128 128
44286 00004000 128 128
44290 00000000 128 128
44322 00004000 128 128
44326 00000000 128 128
44358 00004000 128 128
44362 00000000 128 128
44394 00004000 128 128
44398 00000000 128 128
44430 00004000 128 128
44434 00000000 128 128
44466 00004000 128 128
44470 00000000 128 128
44502 00004000 128 128
44506 00000000 128 128
44538 00004000 128 128
44542 00000000 128 128
44574 00004000 128 128
44578 00000000 128 128
44610 00004000 128 128
44614 00000000 128 128
44646 00004000 128 128
44650 00000000 128 128
44682 00004000 128 128
44686 00000000 128 128
44718 00004000 128 128
44722 00000000 128 128
44754 00004000 128 128
44758 00000000 128 128
44790 00004000 128 128
44794 00000000 128 128
44826 00004000 128 128
44830 00000000 128 128
44862 00004000 128 128
44866 00000000 128 128
44898 00004000 128 128
44902 00000000 128 128
44934 00004000 128 128
44938 00000000 128 128
44970 00004000 128 128
44974 00000000 128 128
45006 00004000 128 128
45010 00000000 128 128
45042 00004000 128 128
45046 00000000 128 128
45078 00004000 128 128
45082 00000000 128 128
45114 00004000 128 128
45118 00000000 128 128
45150 00004000 128 128
45154 00000000 128 128
45186 00004000 128 128
45190 00000000 128 128
45222 00004000 128 128
45226 00000000 128 128
45258 00004000 128 128
45262 00000000 128 128
45294 00004000 128 128
45298 00000000 128 128
45330 00004000 128 128
45334 00000000 128 128
45366 00004000 128 128
45370 00000000 128 128
45402 00004000 128 128
45406 00000000 128 128
45438 00004000 128 128
45442 00000000 128 128
45474 00004000 128 128
45478 00000000 128 128
45510 00004000 128 128
45514 00000000 128 128
45546 00004000 128 128
45550 00000000 128 128
45582 00004000 128 128
45586 00000000 128 128
45618 00004000 128 128
45622 00000000 128 128
45654 00004000 128 128
45658 00000000 128 128
45690 00004000 128 128
45694 00000000 128 128
45726 00004000 128 128
45730 00000000 128 128
45762 00004000 128 128
45766 00000000 128 128
45798 00004000 128 128
45802 00000000 128 128
45834 00004000 128 128
45838 00000000 128 128
45870 00004000 128 128
45874 00000000 128 128
45906 00004000 128 128
45910 00000000 128 128
45942 00004000 128 128
45946 00000000 128 128
45978 00004000 128 128
45982 00000000 128 128
46014 00004000 128 128
46018 00000000 128 128
46050 00004000 128 128
46054 00000000 128 128
46086 00004000 128 128
46090 00000000 128 128
46122 00004000 128 128
46126 00000000 128 128
46158 00004000 128 128
46162 00000000 128 128
46194 00004000 128 128
46198 00000000 128 128
46230 00004000 128 128
46234 00000000 128 128
46266 00004000 128 128
46270 00000000 128 128
46302 00004000 128 128
46306 00000000 128 128
46338 00004000 128 128
46342 00000000 128 128
46374 00004000 128 128
46378 00000000 128 128
46410 00004000 128 128
46414 00000000 128 128
46446 00004000 128 128
46450 00000000 128 128
46482 00004000 128 128
46486 00000000 128 128
46518 00004000 128 128
46522 00000000 128 128
46554 00004000 128 128
46558 00000000 128 128
46590 00004000 128 128
46594 00000000 128 128
46626 00004000 128 128
46630 00000000 128 128
46662 00004000 128 128
46666 00000000 128 128
46698 00004000 128 128
46702 00000000 128 128
46734 00004000 128 128
46738 00000000 128 128
46770 00004000 128 128
46774 00000000 128 128
46806 00004000 128 128
46810 00000000 128 128
46842 00004000 128 128
46846 00000000 128 128
46878 00004000 128 128
46882 00000000 128 128
46914 00004000 128 128
46918 00000000 128 128
46950 00004000 128 128
46954 00000000 128 128
46986 00004000 128 128
46990 00000000 128 128
47022 00004000 128 128
47026 00000000 128 128
47058 00004000 128 128
47062 00000000 128 128
47094 00004000 128 128
47098 00000000 128 128
47130 00004000 128 128
47134 00000000 128 128
47166 00004000 128 128
47170 00000000 128 128
47202 00004000 128 128
47206 00000000 128 128
47238 00004000 128 128
47242 00000000 128 128
47274 00004000 128 128
47278 00000000 128 128
47310 00004000 128 128
47314 00000000 128 128
47346 00004000 128 128
47350 00000000 128 128
47382 00004000 128 128
47386 00000000 128 128
47418 00004000 128 128
47422 00000000 128 128
47454 00004000 128 128
47458 00000000 128 128
47490 00004000 128 128
47494 00000000 128 128
47526 00004000 128 128
47530 00000000 128 128
47562 00004000 128 128
47566 00000000 128 128
47598 00004000 128 128
47602 00000000 128 128
47634 00004000 128 128
47638 00000000 128 128
47670 00004000 128 128
47674 00000000 128 128
47706 00004000 128 128
47710 00000000 128 128
47742 00004000 128 128
47746 00000000 128 128
47778 00004000 128 128
47782 00000000 128 128
47814 00004000 128 128
47818 00000000 128 128
47850 00004000 128 128
47854 00000000 128 128
47886 00004000 128 128
47890 00000000 128 128
47922 00004000 128 128
47926 00000000 128 128
47958 00004000 128 128
47962 00000000 128 128
47994 00004000 128 128
47998 00000000 128 128
48030 00004000 128 128
48034 00000000 128 128
48066 00004000 128 128
48070 00000000 128 128
48102 00004000 128 128
48106 00000000 128 128
48138 00004000 128 128
48142 00000000 128 128
48174 00004000 128 128
48178 00000000 128 128
48210 00004000 128 128
48214 00000000 128 128
48246 00004000 128 128
48250 00000000 128 128
48282 00004000 128 128
48286 00000000 128 128
48318 00004000 128 128
48322 00000000 128 128
48354 00004000 128 128
48358 00000000 128 128
48390 00004000 128 128
48394 00000000 128 128
48426 00004000 128 128
48430 00000000 128 128
48462 00004000 128 128
48466 00000000 128 128
48498 00004000 128 128
48502 00000000 128 128
48534 00004000 128 128
48538 00000000 128 128
48570 00004000 128 128
48574 00000000 128 128
48606 00004000 128 128
48610 00000000 128 128
48642 00004000 128 128
48646 00000000 128 128
48678 00004000 128 128
48682 00000000 128 128
48714 00004000 128 128
48718 00000000 128 128
48750 00004000 128 128
48754 00000000 128 128
48786 00004000 128 128
48790 00000000 128 128
48822 00004000 128 128
48826 00000000 128 128
48858 00004000 128 128
48862 00000000 128 128
48894 00004000 128 128
48898 00000000 128 128
48930 00004000 128 128
48934 00000000 128 128
48966 00004000 128 128
48970 00000000 128 128
49002 00004000 128 128
49006 00000000 128 128
49038 00004000 128 128
49042 00000000 128 128
49074 00004000 128 128
49078 00000000 128 128
49110 00004000 128 128
49114 00000000 128 128
49546 00001000 128 128
49550 00000000 128 128
49652 00000010 128 128
49658 00000000 128 128
49680 00000010 128 128
49686 00000000 128 128
49708 00000010 128 128
49714 00000000 128 128
49736 00000020 128 128
49742 00000000 128 128
49774 00002000 128 128
49778 00000000 128 128
50190 00002000 128 128
50194 00000000 128 128
50406 00002000 128 128
50410 00000000 128 128
50622 00002000 128 128
50626 00000000 128 128
50838 00002000 128 128
50842 00000000 128 128
51054 00002000 128 128
51058 00000000 128 128
51330 00000000 128 128
