0 00000000 128 128
150 00000008 128 128
152 00000000 128 128
300 00000008 128 128
302 00000000 128 128
450 00002000 128 128
452 00000000 128 128
1200 00000080 128 128
1620 00000000 128 128
1650 00002000 128 128
1654 00000000 128 128
1684 00002000 128 128
1688 00000000 128 128
1718 00002000 128 128
1722 00000000 128 128
1752 00002000 128 128
1756 00000000 128 128
1786 00002000 128 128
1790 00000000 128 128
1820 00002000 128 128
1824 00000000 128 128
1854 00002000 128 128
1858 00000000 128 128
1888 00002000 128 128
1892 00000000 128 128
1922 00002000 128 128
1926 00000000 128 128
1956 00002000 128 128
1960 00000000 128 128
1990 00002000 128 128
1994 00000000 128 128
2024 00002000 128 128
2028 00000000 128 128
2088 00000080 128 128
2508 00000000 128 128
2538 00002000 128 128
2542 00000000 128 128
2572 00002000 128 128
2576 00000000 128 128
2606 00002000 128 128
2610 00000000 128 128
2640 00002000 128 128
2644 00000000 128 128
2674 00002000 128 128
2678 00000000 128 128
2708 00002000 128 128
2712 00000000 128 128
2742 00002000 128 128
2746 00000000 128 128
2776 00002000 128 128
2780 00000000 128 128
2810 00002000 128 128
2814 00000000 128 128
2844 00002000 128 128
2848 00000000 128 128
2878 00002000 128 128
2882 00000000 128 128
2912 00002000 128 128
2916 00000000 128 128
2976 00000080 128 128
3396 00000000 128 128
3426 00002000 128 128
3430 00000000 128 128
3460 00002000 128 128
3464 00000000 128 128
3494 00002000 128 128
3498 00000000 128 128
3528 00002000 128 128
3532 00000000 128 128
3562 00002000 128 128
3566 00000000 128 128
3596 00002000 128 128
3600 00000000 128 128
3630 00002000 128 128
3634 00000000 128 128
3664 00002000 128 128
3668 00000000 128 128
3698 00002000 128 128
3702 00000000 128 128
3732 00002000 128 128
3736 00000000 128 128
3766 00002000 128 128
3770 00000000 128 128
3800 00002000 128 128
3804 00000000 128 128
3864 00000080 128 128
4284 00000000 128 128
4314 00002000 128 128
4318 00000000 128 128
4348 00002000 128 128
4352 00000000 128 128
4382 00002000 128 128
4386 00000000 128 128
4416 00002000 128 128
4420 00000000 128 128
4450 00002000 128 128
4454 00000000 128 128
4484 00002000 128 128
4488 00000000 128 128
4518 00002000 128 128
4522 00000000 128 128
4552 00002000 128 128
4556 00000000 128 128
4586 00002000 128 128
4590 00000000 128 128
4620 00002000 128 128
4624 00000000 128 128
4654 00002000 128 128
4658 00000000 128 128
4688 00002000 128 128
4692 00000000 128 128
4752 00000080 128 128
5172 00000000 128 128
5202 00002000 128 128
5206 00000000 128 128
5236 00002000 128 128
5240 00000000 128 128
5270 00002000 128 128
5274 00000000 128 128
5304 00002000 128 128
5308 00000000 128 128
5338 00002000 128 128
5342 00000000 128 128
5372 00002000 128 128
5376 00000000 128 128
5406 00002000 128 128
5410 00000000 128 128
5440 00002000 128 128
5444 00000000 128 128
5474 00002000 128 128
5478 00000000 128 128
5508 00002000 128 128
5512 00000000 128 128
5542 00002000 128 128
5546 00000000 128 128
5576 00002000 128 128
5580 00000000 128 128
5640 00000080 128 128
6060 00000000 128 128
6090 00002000 128 128
6094 00000000 128 128
6124 00002000 128 128
6128 00000000 128 128
6158 00002000 128 128
6162 00000000 128 128
6192 00002000 128 128
6196 00000000 128 128
6226 00002000 128 128
6230 00000000 128 128
6260 00002000 128 128
6264 00000000 128 128
6294 00002000 128 128
6298 00000000 128 128
6328 00002000 128 128
6332 00000000 128 128
6362 00002000 128 128
6366 00000000 128 128
6396 00002000 128 128
6400 00000000 128 128
6430 00002000 128 128
6434 00000000 128 128
6464 00002000 128 128
6468 00000000 128 128
6528 00000000 128 128
