0 00000000 128 128
150 00000008 128 128
152 00000000 128 128
300 00000008 128 128
302 00000000 128 128
450 00002000 128 128
452 00000000 128 128
700 00000080 128 128
708 00000000 128 128
710 00000040 128 128
758 00000000 128 128
760 00000080 128 128
792 00000000 128 128
794 00000010 128 128
810 00000000 128 128
812 00000080 128 128
868 00000000 128 128
870 00000040 128 128
886 00000000 128 128
888 00000080 128 128
896 00000000 128 128
898 00000010 128 128
906 00000000 128 128
1088 00001000 128 128
1092 00000000 128 128
1194 00000010 128 128
1200 00000000 128 128
1222 00000010 128 128
1228 00000000 128 128
1250 00000010 128 128
1256 00000000 128 128
1278 00000020 128 128
1284 00000000 128 128
1316 00002000 128 128
1320 00000000 128 128
1732 00002000 128 128
1736 00000000 128 128
1948 00002000 128 128
1952 00000000 128 128
2164 00002000 128 128
2168 00000000 128 128
2380 00002000 128 128
2384 00000000 128 128
2596 00002000 128 128
2600 00000000 128 128
2872 00000000 128 128
