0 00000000 128 128
150 00000008 128 128
152 00000000 128 128
300 00000008 128 128
302 00000000 128 128
450 00002000 128 128
452 00000000 128 128
2200 00004000 128 128
2204 00000000 128 128
2236 00004000 128 128
2240 00000000 128 128
2272 00004000 128 128
2276 00000000 128 128
2308 00004000 128 128
2312 00000000 128 128
2344 00004000 128 128
2348 00000000 128 128
2380 00004000 128 128
2384 00000000 128 128
2616 00000080 128 128
2632 00000000 128 128
2694 00000020 128 128
2710 00000000 128 128
2772 00000010 128 128
2788 00000000 128 128
2850 00000040 128 128
2866 00000000 128 128
2928 00000020 128 128
2960 00000000 128 128
3022 00000080 128 128
3054 00000000 128 128
3956 00000000 128 128
