0 00000000 128 128
150 00000008 128 128
152 00000000 128 128
300 00000008 128 128
302 00000000 128 128
450 00002000 128 128
452 00000000 128 128
2200 00004000 128 128
2204 00000000 128 128
2236 00004000 128 128
2240 00000000 128 128
2272 00004000 128 128
2276 00000000 128 128
2308 00004000 128 128
2312 00000000 128 128
2344 00004000 128 128
2348 00000000 128 128
2380 00004000 128 128
2384 00000000 128 128
2616 00000010 128 128
2624 00000000 128 128
3226 00002000 128 128
3230 00000000 128 128
4142 00002000 128 128
4146 00000000 128 128
4178 00002000 128 128
4182 00000000 128 128
4214 00002000 128 128
4218 00000000 128 128
4250 00002000 128 128
4254 00000000 128 128
4286 00002000 128 128
4290 00000000 128 128
4322 00002000 128 128
4326 00000000 128 128
4358 00002000 128 128
4362 00000000 128 128
4394 00002000 128 128
4398 00000000 128 128
4430 00002000 128 128
4434 00000000 128 128
4466 00002000 128 128
4470 00000000 128 128
4502 00002000 128 128
4506 00000000 128 128
4538 00002000 128 128
4542 00000000 128 128
4574 00002000 128 128
4578 00000000 128 128
4610 00002000 128 128
4614 00000000 128 128
4646 00002000 128 128
4650 00000000 128 128
4682 00002000 128 128
4686 00000000 128 128
4718 00002000 128 128
4722 00000000 128 128
4754 00002000 128 128
4758 00000000 128 128
4790 00002000 128 128
4794 00000000 128 128
4826 00002000 128 128
4830 00000000 128 128
7562 00004000 128 128
7566 00000000 128 128
7598 00004000 128 128
7602 00000000 128 128
7634 00004000 128 128
7638 00000000 128 128
7670 00004000 128 128
7674 00000000 128 128
7746 00004000 128 128
7750 00000000 128 128
7782 00004000 128 128
7786 00000000 128 128
7818 00004000 128 128
7822 00000000 128 128
7854 00004000 128 128
7858 00000000 128 128
7930 00000010 128 128
7936 00000000 128 128
7958 00000010 128 128
7964 00000000 128 128
7986 00002000 128 128
7990 00000000 128 128
8122 00000010 128 128
8128 00000000 128 128
8160 00000010 128 128
8166 00000000 128 128
8198 00000080 128 128
8204 00000000 128 128
8236 00000040 128 128
8242 00000000 128 128
8274 00002000 128 128
8278 00000000 128 128
8350 00002000 128 128
8354 00000000 128 128
8386 00002000 128 128
8390 00000000 128 128
8422 00002000 128 128
8426 00000000 128 128
8458 00002000 128 128
8462 00000000 128 128
8494 00002000 128 128
8498 00000000 128 128
8530 00002000 128 128
8534 00000000 128 128
8566 00002000 128 128
8570 00000000 128 128
8602 00002000 128 128
8606 00000000 128 128
8638 00002000 128 128
8642 00000000 128 128
8674 00002000 128 128
8678 00000000 128 128
8710 00002000 128 128
8714 00000000 128 128
8746 00002000 128 128
8750 00000000 128 128
9442 00004000 128 128
9446 00000000 128 128
9478 00004000 128 128
9482 00000000 128 128
9514 00004000 128 128
9518 00000000 128 128
9550 00004000 128 128
9554 00000000 128 128
9626 00004000 128 128
9630 00000000 128 128
9662 00004000 128 128
9666 00000000 128 128
9698 00004000 128 128
9702 00000000 128 128
9734 00004000 128 128
9738 00000000 128 128
9810 00000010 128 128
9816 00000000 128 128
9838 00000010 128 128
9844 00000000 128 128
9866 00002000 128 128
9870 00000000 128 128
10002 00000010 128 128
10008 00000000 128 128
10040 00000010 128 128
10046 00000000 128 128
10078 00000080 128 128
10084 00000000 128 128
10116 00000040 128 128
10122 00000000 128 128
10154 00002000 128 128
10158 00000000 128 128
10230 00002000 128 128
10234 00000000 128 128
10266 00002000 128 128
10270 00000000 128 128
10302 00002000 128 128
10306 00000000 128 128
10338 00002000 128 128
10342 00000000 128 128
10374 00002000 128 128
10378 00000000 128 128
10410 00002000 128 128
10414 00000000 128 128
10446 00002000 128 128
10450 00000000 128 128
10482 00002000 128 128
10486 00000000 128 128
10518 00002000 128 128
10522 00000000 128 128
10554 00002000 128 128
10558 00000000 128 128
10590 00002000 128 128
10594 00000000 128 128
10626 00002000 128 128
10630 00000000 128 128
11322 00004000 128 128
11326 00000000 128 128
11358 00004000 128 128
11362 00000000 128 128
11394 00004000 128 128
11398 00000000 128 128
11430 00004000 128 128
11434 00000000 128 128
11506 00004000 128 128
11510 00000000 128 128
11542 00004000 128 128
11546 00000000 128 128
11578 00004000 128 128
11582 00000000 128 128
11614 00004000 128 128
11618 00000000 128 128
11690 00000010 128 128
11696 00000000 128 128
11718 00000010 128 128
11724 00000000 128 128
11746 00002000 128 128
11750 00000000 128 128
11882 00000010 128 128
11888 00000000 128 128
11920 00000010 128 128
11926 00000000 128 128
11958 00000080 128 128
11964 00000000 128 128
11996 00000040 128 128
12002 00000000 128 128
12034 00002000 128 128
12038 00000000 128 128
12110 00002000 128 128
12114 00000000 128 128
12146 00002000 128 128
12150 00000000 128 128
12182 00002000 128 128
12186 00000000 128 128
12218 00002000 128 128
12222 00000000 128 128
12254 00002000 128 128
12258 00000000 128 128
12290 00002000 128 128
12294 00000000 128 128
12326 00002000 128 128
12330 00000000 128 128
12362 00002000 128 128
12366 00000000 128 128
12398 00002000 128 128
12402 00000000 128 128
12434 00002000 128 128
12438 00000000 128 128
12470 00002000 128 128
12474 00000000 128 128
12506 00002000 128 128
12510 00000000 128 128
13202 00004000 128 128
13206 00000000 128 128
13238 00004000 128 128
13242 00000000 128 128
13274 00004000 128 128
13278 00000000 128 128
13310 00004000 128 128
13314 00000000 128 128
13386 00004000 128 128
13390 00000000 128 128
13422 00004000 128 128
13426 00000000 128 128
13458 00004000 128 128
13462 00000000 128 128
13494 00004000 128 128
13498 00000000 128 128
13570 00000010 128 128
13576 00000000 128 128
13598 00000010 128 128
13604 00000000 128 128
13626 00002000 128 128
13630 00000000 128 128
13762 00000010 128 128
13768 00000000 128 128
13800 00000010 128 128
13806 00000000 128 128
13838 00000080 128 128
13844 00000000 128 128
13876 00000040 128 128
13882 00000000 128 128
13914 00002000 128 128
13918 00000000 128 128
13990 00002000 128 128
13994 00000000 128 128
14026 00002000 128 128
14030 00000000 128 128
14062 00002000 128 128
14066 00000000 128 128
14098 00002000 128 128
14102 00000000 128 128
14134 00002000 128 128
14138 00000000 128 128
14170 00002000 128 128
14174 00000000 128 128
14206 00002000 128 128
14210 00000000 128 128
14242 00002000 128 128
14246 00000000 128 128
14278 00002000 128 128
14282 00000000 128 128
14314 00002000 128 128
14318 00000000 128 128
14350 00002000 128 128
14354 00000000 128 128
14386 00002000 128 128
14390 00000000 128 128
15082 00004000 128 128
15086 00000000 128 128
15118 00004000 128 128
15122 00000000 128 128
15154 00004000 128 128
15158 00000000 128 128
15190 00004000 128 128
15194 00000000 128 128
15266 00004000 128 128
15270 00000000 128 128
15302 00004000 128 128
15306 00000000 128 128
15338 00004000 128 128
15342 00000000 128 128
15374 00004000 128 128
15378 00000000 128 128
15450 00000010 128 128
15456 00000000 128 128
15478 00000010 128 128
15484 00000000 128 128
15506 00002000 128 128
15510 00000000 128 128
15642 00000010 128 128
15648 00000000 128 128
15680 00000010 128 128
15686 00000000 128 128
15718 00000080 128 128
15724 00000000 128 128
15756 00000040 128 128
15762 00000000 128 128
15794 00002000 128 128
15798 00000000 128 128
15870 00002000 128 128
15874 00000000 128 128
15906 00002000 128 128
15910 00000000 128 128
15942 00002000 128 128
15946 00000000 128 128
15978 00002000 128 128
15982 00000000 128 128
16014 00002000 128 128
16018 00000000 128 128
16050 00002000 128 128
16054 00000000 128 128
16086 00002000 128 128
16090 00000000 128 128
16122 00002000 128 128
16126 00000000 128 128
16158 00002000 128 128
16162 00000000 128 128
16194 00002000 128 128
16198 00000000 128 128
16230 00002000 128 128
16234 00000000 128 128
16266 00002000 128 128
16270 00000000 128 128
16962 00004000 128 128
16966 00000000 128 128
16998 00004000 128 128
17002 00000000 128 128
17034 00004000 128 128
17038 00000000 128 128
17070 00004000 128 128
17074 00000000 128 128
17146 00004000 128 128
17150 00000000 128 128
17182 00004000 128 128
17186 00000000 128 128
17218 00004000 128 128
17222 00000000 128 128
17254 00004000 128 128
17258 00000000 128 128
17330 00000010 128 128
17336 00000000 128 128
17358 00000010 128 128
17364 00000000 128 128
17386 00002000 128 128
17390 00000000 128 128
17522 00000010 128 128
17528 00000000 128 128
17560 00000010 128 128
17566 00000000 128 128
17598 00000080 128 128
17604 00000000 128 128
17636 00000040 128 128
17642 00000000 128 128
17674 00002000 128 128
17678 00000000 128 128
17750 00002000 128 128
17754 00000000 128 128
17786 00002000 128 128
17790 00000000 128 128
17822 00002000 128 128
17826 00000000 128 128
17858 00002000 128 128
17862 00000000 128 128
17894 00002000 128 128
17898 00000000 128 128
17930 00002000 128 128
17934 00000000 128 128
17966 00002000 128 128
17970 00000000 128 128
18002 00002000 128 128
18006 00000000 128 128
18038 00002000 128 128
18042 00000000 128 128
18074 00002000 128 128
18078 00000000 128 128
18110 00002000 128 128
18114 00000000 128 128
18146 00002000 128 128
18150 00000000 128 128
18842 00002000 128 128
18846 00000000 128 128
18878 00002000 128 128
18882 00000000 128 128
18914 00002000 128 128
18918 00000000 128 128
18950 00002000 128 128
18954 00000000 128 128
18986 00002000 128 128
18990 00000000 128 128
19022 00002000 128 128
19026 00000000 128 128
19058 00002000 128 128
19062 00000000 128 128
19094 00002000 128 128
19098 00000000 128 128
19130 00002000 128 128
19134 00000000 128 128
19166 00002000 128 128
19170 00000000 128 128
19202 00002000 128 128
19206 00000000 128 128
19238 00002000 128 128
19242 00000000 128 128
19274 00002000 128 128
19278 00000000 128 128
19310 00002000 128 128
19314 00000000 128 128
19346 00002000 128 128
19350 00000000 128 128
19382 00002000 128 128
19386 00000000 128 128
19418 00002000 128 128
19422 00000000 128 128
19454 00002000 128 128
19458 00000000 128 128
19490 00002000 128 128
19494 00000000 128 128
19526 00002000 128 128
19530 00000000 128 128
19562 00002000 128 128
19566 00000000 128 128
19598 00002000 128 128
19602 00000000 128 128
19634 00002000 128 128
19638 00000000 128 128
19670 00002000 128 128
19674 00000000 128 128
19706 00002000 128 128
19710 00000000 128 128
19742 00002000 128 128
19746 00000000 128 128
19778 00002000 128 128
19782 00000000 128 128
19814 00002000 128 128
19818 00000000 128 128
19850 00002000 128 128
19854 00000000 128 128
19886 00002000 128 128
19890 00000000 128 128
21422 00002000 128 128
21426 00000000 128 128
21458 00002000 128 128
21462 00000000 128 128
21494 00002000 128 128
21498 00000000 128 128
21530 00002000 128 128
21534 00000000 128 128
21566 00002000 128 128
21570 00000000 128 128
21602 00002000 128 128
21606 00000000 128 128
21638 00002000 128 128
21642 00000000 128 128
21674 00002000 128 128
21678 00000000 128 128
21710 00002000 128 128
21714 00000000 128 128
21746 00002000 128 128
21750 00000000 128 128
21782 00002000 128 128
21786 00000000 128 128
21818 00002000 128 128
21822 00000000 128 128
21854 00002000 128 128
21858 00000000 128 128
21890 00002000 128 128
21894 00000000 128 128
21926 00002000 128 128
21930 00000000 128 128
21962 00002000 128 128
21966 00000000 128 128
21998 00002000 128 128
22002 00000000 128 128
22034 00002000 128 128
22038 00000000 128 128
22070 00002000 128 128
22074 00000000 128 128
22106 00002000 128 128
22110 00000000 128 128
22142 00002000 128 128
22146 00000000 128 128
22178 00002000 128 128
22182 00000000 128 128
22214 00002000 128 128
22218 00000000 128 128
22250 00002000 128 128
22254 00000000 128 128
22286 00002000 128 128
22290 00000000 128 128
22322 00002000 128 128
22326 00000000 128 128
22358 00002000 128 128
22362 00000000 128 128
22394 00002000 128 128
22398 00000000 128 128
22430 00002000 128 128
22434 00000000 128 128
22466 00002000 128 128
22470 00000000 128 128
22502 00002000 128 128
22506 00000000 128 128
22538 00002000 128 128
22542 00000000 128 128
22574 00002000 128 128
22578 00000000 128 128
22610 00002000 128 128
22614 00000000 128 128
22646 00002000 128 128
22650 00000000 128 128
22682 00002000 128 128
22686 00000000 128 128
22718 00002000 128 128
22722 00000000 128 128
22754 00002000 128 128
22758 00000000 128 128
22790 00002000 128 128
22794 00000000 128 128
22826 00002000 128 128
22830 00000000 128 128
24362 00002000 128 128
24366 00000000 128 128
25878 00002000 128 128
25882 00000000 128 128
25914 00002000 128 128
25918 00000000 128 128
25950 00002000 128 128
25954 00000000 128 128
25986 00002000 128 128
25990 00000000 128 128
26022 00002000 128 128
26026 00000000 128 128
26058 00002000 128 128
26062 00000000 128 128
26094 00002000 128 128
26098 00000000 128 128
26130 00002000 128 128
26134 00000000 128 128
26166 00002000 128 128
26170 00000000 128 128
26202 00002000 128 128
26206 00000000 128 128
26238 00002000 128 128
26242 00000000 128 128
26274 00002000 128 128
26278 00000000 128 128
26310 00002000 128 128
26314 00000000 128 128
26346 00002000 128 128
26350 00000000 128 128
26382 00002000 128 128
26386 00000000 128 128
26418 00002000 128 128
26422 00000000 128 128
26454 00002000 128 128
26458 00000000 128 128
26490 00002000 128 128
26494 00000000 128 128
26526 00002000 128 128
26530 00000000 128 128
26562 00002000 128 128
26566 00000000 128 128
26598 00002000 128 128
26602 00000000 128 128
26634 00002000 128 128
26638 00000000 128 128
26670 00002000 128 128
26674 00000000 128 128
26706 00002000 128 128
26710 00000000 128 128
26742 00002000 128 128
26746 00000000 128 128
26778 00002000 128 128
26782 00000000 128 128
26814 00002000 128 128
26818 00000000 128 128
26850 00002000 128 128
26854 00000000 128 128
26886 00002000 128 128
26890 00000000 128 128
26922 00002000 128 128
26926 00000000 128 128
28958 00000000 128 128
