0 00000000 128 128
150 00000008 128 128
152 00000000 128 128
300 00000008 128 128
302 00000000 128 128
450 00002000 128 128
452 00000000 128 128
700 00000020 128 128
780 00000000 128 128
782 00000040 128 128
790 00000000 128 128
1092 00002000 128 128
1096 00000000 128 128
1128 00002000 128 128
1132 00000000 128 128
1164 00002000 128 128
1168 00000000 128 128
1200 00002000 128 128
1204 00000000 128 128
1236 00002000 128 128
1240 00000000 128 128
1272 00002000 128 128
1276 00000000 128 128
1308 00002000 128 128
1312 00000000 128 128
1344 00002000 128 128
1348 00000000 128 128
1380 00002000 128 128
1384 00000000 128 128
1416 00002000 128 128
1420 00000000 128 128
1452 00002000 128 128
1456 00000000 128 128
1488 00002000 128 128
1492 00000000 128 128
1524 00002000 128 128
1528 00000000 128 128
1560 00002000 128 128
1564 00000000 128 128
1596 00002000 128 128
1600 00000000 128 128
1632 00002000 128 128
1636 00000000 128 128
1668 00002000 128 128
1672 00000000 128 128
1704 00002000 128 128
1708 00000000 128 128
1740 00002000 128 128
1744 00000000 128 128
1776 00002000 128 128
1780 00000000 128 128
1812 00002000 128 128
1816 00000000 128 128
1848 00002000 128 128
1852 00000000 128 128
1884 00002000 128 128
1888 00000000 128 128
1920 00002000 128 128
1924 00000000 128 128
1956 00002000 128 128
1960 00000000 128 128
1992 00002000 128 128
1996 00000000 128 128
2028 00002000 128 128
2032 00000000 128 128
2064 00002000 128 128
2068 00000000 128 128
2100 00002000 128 128
2104 00000000 128 128
2136 00002000 128 128
2140 00000000 128 128
2172 00002000 128 128
2176 00000000 128 128
2208 00002000 128 128
2212 00000000 128 128
2244 00002000 128 128
2248 00000000 128 128
2280 00002000 128 128
2284 00000000 128 128
2316 00002000 128 128
2320 00000000 128 128
2352 00002000 128 128
2356 00000000 128 128
2388 00002000 128 128
2392 00000000 128 128
2424 00002000 128 128
2428 00000000 128 128
2460 00002000 128 128
2464 00000000 128 128
2496 00002000 128 128
2500 00000000 128 128
2532 00002000 128 128
2536 00000000 128 128
2568 00002000 128 128
2572 00000000 128 128
2604 00002000 128 128
2608 00000000 128 128
2640 00002000 128 128
2644 00000000 128 128
2676 00002000 128 128
2680 00000000 128 128
2712 00002000 128 128
2716 00000000 128 128
2748 00002000 128 128
2752 00000000 128 128
2784 00002000 128 128
2788 00000000 128 128
2820 00002000 128 128
2824 00000000 128 128
2856 00002000 128 128
2860 00000000 128 128
2892 00002000 128 128
2896 00000000 128 128
2928 00002000 128 128
2932 00000000 128 128
2964 00002000 128 128
2968 00000000 128 128
3000 00002000 128 128
3004 00000000 128 128
3036 00002000 128 128
3040 00000000 128 128
3072 00002000 128 128
3076 00000000 128 128
3108 00002000 128 128
3112 00000000 128 128
3144 00002000 128 128
3148 00000000 128 128
3180 00002000 128 128
3184 00000000 128 128
3216 00002000 128 128
3220 00000000 128 128
3252 00002000 128 128
3256 00000000 128 128
3288 00002000 128 128
3292 00000000 128 128
3324 00002000 128 128
3328 00000000 128 128
3360 00002000 128 128
3364 00000000 128 128
3396 00002000 128 128
3400 00000000 128 128
3432 00002000 128 128
3436 00000000 128 128
3468 00002000 128 128
3472 00000000 128 128
3504 00002000 128 128
3508 00000000 128 128
3540 00002000 128 128
3544 00000000 128 128
3576 00002000 128 128
3580 00000000 128 128
3612 00002000 128 128
3616 00000000 128 128
3648 00002000 128 128
3652 00000000 128 128
3684 00002000 128 128
3688 00000000 128 128
3720 00002000 128 128
3724 00000000 128 128
3756 00002000 128 128
3760 00000000 128 128
3792 00002000 128 128
3796 00000000 128 128
3828 00002000 128 128
3832 00000000 128 128
3864 00002000 128 128
3868 00000000 128 128
3900 00002000 128 128
3904 00000000 128 128
3936 00002000 128 128
3940 00000000 128 128
3972 00002000 128 128
3976 00000000 128 128
4008 00002000 128 128
4012 00000000 128 128
4044 00002000 128 128
4048 00000000 128 128
4080 00002000 128 128
4084 00000000 128 128
4116 00002000 128 128
4120 00000000 128 128
4152 00002000 128 128
4156 00000000 128 128
4188 00002000 128 128
4192 00000000 128 128
4224 00002000 128 128
4228 00000000 128 128
4260 00002000 128 128
4264 00000000 128 128
4296 00002000 128 128
4300 00000000 128 128
4332 00002000 128 128
4336 00000000 128 128
4368 00002000 128 128
4372 00000000 128 128
4404 00002000 128 128
4408 00000000 128 128
4440 00002000 128 128
4444 00000000 128 128
4476 00002000 128 128
4480 00000000 128 128
4512 00002000 128 128
4516 00000000 128 128
4548 00002000 128 128
4552 00000000 128 128
4584 00002000 128 128
4588 00000000 128 128
4620 00002000 128 128
4624 00000000 128 128
4656 00002000 128 128
4660 00000000 128 128
4692 00002000 128 128
4696 00000000 128 128
4728 00002000 128 128
4732 00000000 128 128
4764 00002000 128 128
4768 00000000 128 128
4800 00002000 128 128
4804 00000000 128 128
4836 00002000 128 128
4840 00000000 128 128
4872 00002000 128 128
4876 00000000 128 128
4908 00002000 128 128
4912 00000000 128 128
4944 00002000 128 128
4948 00000000 128 128
4980 00002000 128 128
4984 00000000 128 128
5016 00002000 128 128
5020 00000000 128 128
5052 00002000 128 128
5056 00000000 128 128
5088 00002000 128 128
5092 00000000 128 128
5124 00002000 128 128
5128 00000000 128 128
5160 00002000 128 128
5164 00000000 128 128
5196 00002000 128 128
5200 00000000 128 128
5232 00002000 128 128
5236 00000000 128 128
5268 00002000 128 128
5272 00000000 128 128
5304 00002000 128 128
5308 00000000 128 128
5340 00002000 128 128
5344 00000000 128 128
5376 00002000 128 128
5380 00000000 128 128
5412 00002000 128 128
5416 00000000 128 128
5448 00002000 128 128
5452 00000000 128 128
5484 00002000 128 128
5488 00000000 128 128
5520 00002000 128 128
5524 00000000 128 128
5556 00002000 128 128
5560 00000000 128 128
5592 00002000 128 128
5596 00000000 128 128
5628 00002000 128 128
5632 00000000 128 128
5664 00002000 128 128
5668 00000000 128 128
5700 00002000 128 128
5704 00000000 128 128
5736 00002000 128 128
5740 00000000 128 128
5772 00002000 128 128
5776 00000000 128 128
5808 00002000 128 128
5812 00000000 128 128
5844 00002000 128 128
5848 00000000 128 128
5880 00002000 128 128
5884 00000000 128 128
5916 00002000 128 128
5920 00000000 128 128
5952 00002000 128 128
5956 00000000 128 128
5988 00002000 128 128
5992 00000000 128 128
6024 00002000 128 128
6028 00000000 128 128
6060 00002000 128 128
6064 00000000 128 128
6096 00002000 128 128
6100 00000000 128 128
6132 00002000 128 128
6136 00000000 128 128
6168 00002000 128 128
6172 00000000 128 128
6204 00002000 128 128
6208 00000000 128 128
6240 00002000 128 128
6244 00000000 128 128
6276 00002000 128 128
6280 00000000 128 128
6312 00002000 128 128
6316 00000000 128 128
6348 00002000 128 128
6352 00000000 128 128
6384 00002000 128 128
6388 00000000 128 128
6420 00002000 128 128
6424 00000000 128 128
6456 00002000 128 128
6460 00000000 128 128
6492 00002000 128 128
6496 00000000 128 128
6528 00002000 128 128
6532 00000000 128 128
6564 00002000 128 128
6568 00000000 128 128
6600 00002000 128 128
6604 00000000 128 128
6636 00002000 128 128
6640 00000000 128 128
6672 00002000 128 128
6676 00000000 128 128
6708 00002000 128 128
6712 00000000 128 128
6744 00002000 128 128
6748 00000000 128 128
6780 00002000 128 128
6784 00000000 128 128
6816 00002000 128 128
6820 00000000 128 128
6852 00002000 128 128
6856 00000000 128 128
6888 00002000 128 128
6892 00000000 128 128
6924 00002000 128 128
6928 00000000 128 128
6960 00002000 128 128
6964 00000000 128 128
6996 00002000 128 128
7000 00000000 128 128
7032 00002000 128 128
7036 00000000 128 128
7068 00002000 128 128
7072 00000000 128 128
7104 00002000 128 128
7108 00000000 128 128
7140 00002000 128 128
7144 00000000 128 128
7176 00002000 128 128
7180 00000000 128 128
7212 00002000 128 128
7216 00000000 128 128
7248 00002000 128 128
7252 00000000 128 128
7284 00002000 128 128
7288 00000000 128 128
7320 00002000 128 128
7324 00000000 128 128
7356 00002000 128 128
7360 00000000 128 128
7392 00002000 128 128
7396 00000000 128 128
7428 00002000 128 128
7432 00000000 128 128
7464 00002000 128 128
7468 00000000 128 128
7500 00002000 128 128
7504 00000000 128 128
7536 00002000 128 128
7540 00000000 128 128
7572 00002000 128 128
7576 00000000 128 128
7608 00002000 128 128
7612 00000000 128 128
7644 00002000 128 128
7648 00000000 128 128
7680 00002000 128 128
7684 00000000 128 128
7716 00002000 128 128
7720 00000000 128 128
7752 00002000 128 128
7756 00000000 128 128
7788 00002000 128 128
7792 00000000 128 128
7824 00002000 128 128
7828 00000000 128 128
7860 00002000 128 128
7864 00000000 128 128
7896 00002000 128 128
7900 00000000 128 128
7932 00002000 128 128
7936 00000000 128 128
7968 00002000 128 128
7972 00000000 128 128
8004 00002000 128 128
8008 00000000 128 128
8040 00002000 128 128
8044 00000000 128 128
8076 00002000 128 128
8080 00000000 128 128
8112 00002000 128 128
8116 00000000 128 128
8148 00002000 128 128
8152 00000000 128 128
8184 00002000 128 128
8188 00000000 128 128
8220 00002000 128 128
8224 00000000 128 128
8256 00002000 128 128
8260 00000000 128 128
8292 00002000 128 128
8296 00000000 128 128
8328 00002000 128 128
8332 00000000 128 128
8364 00002000 128 128
8368 00000000 128 128
8400 00002000 128 128
8404 00000000 128 128
8436 00002000 128 128
8440 00000000 128 128
8472 00002000 128 128
8476 00000000 128 128
8508 00002000 128 128
8512 00000000 128 128
8544 00002000 128 128
8548 00000000 128 128
8580 00002000 128 128
8584 00000000 128 128
8616 00002000 128 128
8620 00000000 128 128
8652 00002000 128 128
8656 00000000 128 128
8688 00002000 128 128
8692 00000000 128 128
8724 00002000 128 128
8728 00000000 128 128
8760 00002000 128 128
8764 00000000 128 128
8796 00002000 128 128
8800 00000000 128 128
8832 00002000 128 128
8836 00000000 128 128
8868 00002000 128 128
8872 00000000 128 128
8904 00002000 128 128
8908 00000000 128 128
8940 00002000 128 128
8944 00000000 128 128
8976 00002000 128 128
8980 00000000 128 128
9012 00002000 128 128
9016 00000000 128 128
9048 00002000 128 128
9052 00000000 128 128
9084 00002000 128 128
9088 00000000 128 128
9120 00002000 128 128
9124 00000000 128 128
9156 00002000 128 128
9160 00000000 128 128
9192 00002000 128 128
9196 00000000 128 128
9228 00002000 128 128
9232 00000000 128 128
9264 00002000 128 128
9268 00000000 128 128
9300 00002000 128 128
9304 00000000 128 128
9336 00002000 128 128
9340 00000000 128 128
9372 00002000 128 128
9376 00000000 128 128
9408 00002000 128 128
9412 00000000 128 128
9444 00002000 128 128
9448 00000000 128 128
9480 00002000 128 128
9484 00000000 128 128
9516 00002000 128 128
9520 00000000 128 128
9552 00002000 128 128
9556 00000000 128 128
9588 00002000 128 128
9592 00000000 128 128
9624 00002000 128 128
9628 00000000 128 128
9660 00002000 128 128
9664 00000000 128 128
9696 00002000 128 128
9700 00000000 128 128
9732 00002000 128 128
9736 00000000 128 128
9768 00002000 128 128
9772 00000000 128 128
9804 00002000 128 128
9808 00000000 128 128
9840 00002000 128 128
9844 00000000 128 128
9876 00002000 128 128
9880 00000000 128 128
9912 00002000 128 128
9916 00000000 128 128
9948 00002000 128 128
9952 00000000 128 128
9984 00002000 128 128
9988 00000000 128 128
10020 00002000 128 128
10024 00000000 128 128
10056 00002000 128 128
10060 00000000 128 128
10092 00002000 128 128
10096 00000000 128 128
10128 00002000 128 128
10132 00000000 128 128
10164 00002000 128 128
10168 00000000 128 128
10200 00002000 128 128
10204 00000000 128 128
10236 00002000 128 128
10240 00000000 128 128
10272 00002000 128 128
10276 00000000 128 128
10308 00002000 128 128
10312 00000000 128 128
10344 00002000 128 128
10348 00000000 128 128
10380 00002000 128 128
10384 00000000 128 128
10416 00002000 128 128
10420 00000000 128 128
10452 00002000 128 128
10456 00000000 128 128
10488 00002000 128 128
10492 00000000 128 128
10524 00002000 128 128
10528 00000000 128 128
10560 00002000 128 128
10564 00000000 128 128
10596 00002000 128 128
10600 00000000 128 128
10632 00002000 128 128
10636 00000000 128 128
10668 00002000 128 128
10672 00000000 128 128
10704 00002000 128 128
10708 00000000 128 128
10740 00002000 128 128
10744 00000000 128 128
10776 00002000 128 128
10780 00000000 128 128
10812 00002000 128 128
10816 00000000 128 128
10848 00002000 128 128
10852 00000000 128 128
10884 00002000 128 128
10888 00000000 128 128
10920 00002000 128 128
10924 00000000 128 128
10956 00002000 128 128
10960 00000000 128 128
10992 00002000 128 128
10996 00000000 128 128
11028 00002000 128 128
11032 00000000 128 128
11064 00002000 128 128
11068 00000000 128 128
11100 00002000 128 128
11104 00000000 128 128
11136 00002000 128 128
11140 00000000 128 128
11172 00002000 128 128
11176 00000000 128 128
11208 00002000 128 128
11212 00000000 128 128
11244 00002000 128 128
11248 00000000 128 128
11280 00002000 128 128
11284 00000000 128 128
11316 00002000 128 128
11320 00000000 128 128
11352 00002000 128 128
11356 00000000 128 128
11388 00002000 128 128
11392 00000000 128 128
11424 00002000 128 128
11428 00000000 128 128
11460 00002000 128 128
11464 00000000 128 128
11496 00002000 128 128
11500 00000000 128 128
11532 00002000 128 128
11536 00000000 128 128
11568 00002000 128 128
11572 00000000 128 128
11604 00002000 128 128
11608 00000000 128 128
11640 00002000 128 128
11644 00000000 128 128
11676 00002000 128 128
11680 00000000 128 128
11712 00002000 128 128
11716 00000000 128 128
11748 00002000 128 128
11752 00000000 128 128
11784 00002000 128 128
11788 00000000 128 128
11820 00002000 128 128
11824 00000000 128 128
11856 00002000 128 128
11860 00000000 128 128
11952 00004000 128 128
11956 00000000 128 128
11988 00004000 128 128
11992 00000000 128 128
12024 00004000 128 128
12028 00000000 128 128
12060 00004000 128 128
12064 00000000 128 128
12096 00004000 128 128
12100 00000000 128 128
12132 00004000 128 128
12136 00000000 128 128
12168 00004000 128 128
12172 00000000 128 128
12204 00004000 128 128
12208 00000000 128 128
12240 00004000 128 128
12244 00000000 128 128
12276 00004000 128 128
12280 00000000 128 128
12312 00004000 128 128
12316 00000000 128 128
12348 00004000 128 128
12352 00000000 128 128
12384 00004000 128 128
12388 00000000 128 128
12420 00004000 128 128
12424 00000000 128 128
12456 00004000 128 128
12460 00000000 128 128
12492 00004000 128 128
12496 00000000 128 128
12528 00004000 128 128
12532 00000000 128 128
12564 00004000 128 128
12568 00000000 128 128
12600 00004000 128 128
12604 00000000 128 128
12636 00004000 128 128
12640 00000000 128 128
12672 00004000 128 128
12676 00000000 128 128
12708 00004000 128 128
12712 00000000 128 128
12744 00004000 128 128
12748 00000000 128 128
12780 00004000 128 128
12784 00000000 128 128
12816 00004000 128 128
12820 00000000 128 128
12852 00004000 128 128
12856 00000000 128 128
12888 00004000 128 128
12892 00000000 128 128
12924 00004000 128 128
12928 00000000 128 128
12960 00004000 128 128
12964 00000000 128 128
12996 00004000 128 128
13000 00000000 128 128
13032 00004000 128 128
13036 00000000 128 128
13068 00004000 128 128
13072 00000000 128 128
13104 00004000 128 128
13108 00000000 128 128
13140 00004000 128 128
13144 00000000 128 128
13176 00004000 128 128
13180 00000000 128 128
13212 00004000 128 128
13216 00000000 128 128
13248 00004000 128 128
13252 00000000 128 128
13284 00004000 128 128
13288 00000000 128 128
13320 00004000 128 128
13324 00000000 128 128
13356 00004000 128 128
13360 00000000 128 128
13452 00000040 128 128
13460 00000000 128 128
13582 00002000 128 128
13586 00000000 128 128
13618 00002000 128 128
13622 00000000 128 128
13654 00002000 128 128
13658 00000000 128 128
13690 00002000 128 128
13694 00000000 128 128
13726 00002000 128 128
13730 00000000 128 128
13762 00002000 128 128
13766 00000000 128 128
13798 00002000 128 128
13802 00000000 128 128
13834 00002000 128 128
13838 00000000 128 128
13870 00002000 128 128
13874 00000000 128 128
13906 00002000 128 128
13910 00000000 128 128
13942 00002000 128 128
13946 00000000 128 128
13978 00002000 128 128
13982 00000000 128 128
14014 00002000 128 128
14018 00000000 128 128
14050 00002000 128 128
14054 00000000 128 128
14086 00002000 128 128
14090 00000000 128 128
14122 00002000 128 128
14126 00000000 128 128
14158 00002000 128 128
14162 00000000 128 128
14194 00002000 128 128
14198 00000000 128 128
14230 00002000 128 128
14234 00000000 128 128
14266 00002000 128 128
14270 00000000 128 128
14302 00002000 128 128
14306 00000000 128 128
14338 00002000 128 128
14342 00000000 128 128
14374 00002000 128 128
14378 00000000 128 128
14410 00002000 128 128
14414 00000000 128 128
14446 00002000 128 128
14450 00000000 128 128
14482 00002000 128 128
14486 00000000 128 128
14518 00002000 128 128
14522 00000000 128 128
14554 00002000 128 128
14558 00000000 128 128
14590 00002000 128 128
14594 00000000 128 128
14626 00002000 128 128
14630 00000000 128 128
14662 00002000 128 128
14666 00000000 128 128
14698 00002000 128 128
14702 00000000 128 128
14734 00002000 128 128
14738 00000000 128 128
14770 00002000 128 128
14774 00000000 128 128
14806 00002000 128 128
14810 00000000 128 128
14842 00002000 128 128
14846 00000000 128 128
14878 00002000 128 128
14882 00000000 128 128
14914 00002000 128 128
14918 00000000 128 128
14950 00002000 128 128
14954 00000000 128 128
14986 00002000 128 128
14990 00000000 128 128
15022 00002000 128 128
15026 00000000 128 128
15058 00002000 128 128
15062 00000000 128 128
15094 00002000 128 128
15098 00000000 128 128
15130 00002000 128 128
15134 00000000 128 128
15166 00002000 128 128
15170 00000000 128 128
15202 00002000 128 128
15206 00000000 128 128
15238 00002000 128 128
15242 00000000 128 128
15274 00002000 128 128
15278 00000000 128 128
15310 00002000 128 128
15314 00000000 128 128
15346 00002000 128 128
15350 00000000 128 128
15382 00002000 128 128
15386 00000000 128 128
15418 00002000 128 128
15422 00000000 128 128
15454 00002000 128 128
15458 00000000 128 128
15490 00002000 128 128
15494 00000000 128 128
15526 00002000 128 128
15530 00000000 128 128
15562 00002000 128 128
15566 00000000 128 128
15598 00002000 128 128
15602 00000000 128 128
15634 00002000 128 128
15638 00000000 128 128
15670 00002000 128 128
15674 00000000 128 128
15706 00002000 128 128
15710 00000000 128 128
15742 00002000 128 128
15746 00000000 128 128
15778 00002000 128 128
15782 00000000 128 128
15814 00002000 128 128
15818 00000000 128 128
15850 00002000 128 128
15854 00000000 128 128
15886 00002000 128 128
15890 00000000 128 128
15922 00002000 128 128
15926 00000000 128 128
15958 00002000 128 128
15962 00000000 128 128
15994 00002000 128 128
15998 00000000 128 128
16030 00002000 128 128
16034 00000000 128 128
16066 00002000 128 128
16070 00000000 128 128
16102 00002000 128 128
16106 00000000 128 128
16138 00002000 128 128
16142 00000000 128 128
16174 00002000 128 128
16178 00000000 128 128
16210 00002000 128 128
16214 00000000 128 128
16246 00002000 128 128
16250 00000000 128 128
16282 00002000 128 128
16286 00000000 128 128
16318 00002000 128 128
16322 00000000 128 128
16354 00002000 128 128
16358 00000000 128 128
16390 00002000 128 128
16394 00000000 128 128
16426 00002000 128 128
16430 00000000 128 128
16462 00002000 128 128
16466 00000000 128 128
16498 00002000 128 128
16502 00000000 128 128
16534 00002000 128 128
16538 00000000 128 128
16570 00002000 128 128
16574 00000000 128 128
16606 00002000 128 128
16610 00000000 128 128
16642 00002000 128 128
16646 00000000 128 128
16678 00002000 128 128
16682 00000000 128 128
16714 00002000 128 128
16718 00000000 128 128
16750 00002000 128 128
16754 00000000 128 128
16786 00002000 128 128
16790 00000000 128 128
16822 00002000 128 128
16826 00000000 128 128
16858 00002000 128 128
16862 00000000 128 128
16894 00002000 128 128
16898 00000000 128 128
16930 00002000 128 128
16934 00000000 128 128
16966 00002000 128 128
16970 00000000 128 128
17002 00002000 128 128
17006 00000000 128 128
17038 00002000 128 128
17042 00000000 128 128
17074 00002000 128 128
17078 00000000 128 128
17110 00002000 128 128
17114 00000000 128 128
17146 00002000 128 128
17150 00000000 128 128
17182 00002000 128 128
17186 00000000 128 128
17218 00002000 128 128
17222 00000000 128 128
17254 00002000 128 128
17258 00000000 128 128
17290 00002000 128 128
17294 00000000 128 128
17326 00002000 128 128
17330 00000000 128 128
17362 00002000 128 128
17366 00000000 128 128
17398 00002000 128 128
17402 00000000 128 128
17434 00002000 128 128
17438 00000000 128 128
17470 00002000 128 128
17474 00000000 128 128
17506 00002000 128 128
17510 00000000 128 128
17542 00002000 128 128
17546 00000000 128 128
17578 00002000 128 128
17582 00000000 128 128
17614 00002000 128 128
17618 00000000 128 128
17650 00002000 128 128
17654 00000000 128 128
17686 00002000 128 128
17690 00000000 128 128
17722 00002000 128 128
17726 00000000 128 128
17758 00002000 128 128
17762 00000000 128 128
17794 00002000 128 128
17798 00000000 128 128
17830 00002000 128 128
17834 00000000 128 128
17866 00002000 128 128
17870 00000000 128 128
17902 00002000 128 128
17906 00000000 128 128
17938 00002000 128 128
17942 00000000 128 128
17974 00002000 128 128
17978 00000000 128 128
18010 00002000 128 128
18014 00000000 128 128
18046 00002000 128 128
18050 00000000 128 128
18082 00002000 128 128
18086 00000000 128 128
18118 00002000 128 128
18122 00000000 128 128
18154 00002000 128 128
18158 00000000 128 128
18190 00002000 128 128
18194 00000000 128 128
18226 00002000 128 128
18230 00000000 128 128
18262 00002000 128 128
18266 00000000 128 128
18298 00002000 128 128
18302 00000000 128 128
18334 00002000 128 128
18338 00000000 128 128
18370 00002000 128 128
18374 00000000 128 128
18406 00002000 128 128
18410 00000000 128 128
18442 00002000 128 128
18446 00000000 128 128
18478 00002000 128 128
18482 00000000 128 128
18514 00002000 128 128
18518 00000000 128 128
18550 00002000 128 128
18554 00000000 128 128
18586 00002000 128 128
18590 00000000 128 128
18622 00002000 128 128
18626 00000000 128 128
18658 00002000 128 128
18662 00000000 128 128
18694 00002000 128 128
18698 00000000 128 128
18730 00002000 128 128
18734 00000000 128 128
18766 00002000 128 128
18770 00000000 128 128
18802 00002000 128 128
18806 00000000 128 128
18838 00002000 128 128
18842 00000000 128 128
18874 00002000 128 128
18878 00000000 128 128
18910 00002000 128 128
18914 00000000 128 128
18946 00002000 128 128
18950 00000000 128 128
18982 00002000 128 128
18986 00000000 128 128
19018 00002000 128 128
19022 00000000 128 128
19054 00002000 128 128
19058 00000000 128 128
19090 00002000 128 128
19094 00000000 128 128
19126 00002000 128 128
19130 00000000 128 128
19162 00002000 128 128
19166 00000000 128 128
19198 00002000 128 128
19202 00000000 128 128
19234 00002000 128 128
19238 00000000 128 128
19270 00002000 128 128
19274 00000000 128 128
19306 00002000 128 128
19310 00000000 128 128
19342 00002000 128 128
19346 00000000 128 128
19378 00002000 128 128
19382 00000000 128 128
19414 00002000 128 128
19418 00000000 128 128
19450 00002000 128 128
19454 00000000 128 128
19486 00002000 128 128
19490 00000000 128 128
19522 00002000 128 128
19526 00000000 128 128
19558 00002000 128 128
19562 00000000 128 128
19594 00002000 128 128
19598 00000000 128 128
19630 00002000 128 128
19634 00000000 128 128
19666 00002000 128 128
19670 00000000 128 128
19702 00002000 128 128
19706 00000000 128 128
19738 00002000 128 128
19742 00000000 128 128
19774 00002000 128 128
19778 00000000 128 128
19810 00002000 128 128
19814 00000000 128 128
19846 00002000 128 128
19850 00000000 128 128
19882 00002000 128 128
19886 00000000 128 128
19918 00002000 128 128
19922 00000000 128 128
19954 00002000 128 128
19958 00000000 128 128
19990 00002000 128 128
19994 00000000 128 128
20026 00002000 128 128
20030 00000000 128 128
20062 00002000 128 128
20066 00000000 128 128
20098 00002000 128 128
20102 00000000 128 128
20134 00002000 128 128
20138 00000000 128 128
20170 00002000 128 128
20174 00000000 128 128
20206 00002000 128 128
20210 00000000 128 128
20242 00002000 128 128
20246 00000000 128 128
20278 00002000 128 128
20282 00000000 128 128
20314 00002000 128 128
20318 00000000 128 128
20350 00002000 128 128
20354 00000000 128 128
20386 00002000 128 128
20390 00000000 128 128
20422 00002000 128 128
20426 00000000 128 128
20458 00002000 128 128
20462 00000000 128 128
20494 00002000 128 128
20498 00000000 128 128
20530 00002000 128 128
20534 00000000 128 128
20566 00002000 128 128
20570 00000000 128 128
20602 00002000 128 128
20606 00000000 128 128
20638 00002000 128 128
20642 00000000 128 128
20674 00002000 128 128
20678 00000000 128 128
20710 00002000 128 128
20714 00000000 128 128
20746 00002000 128 128
20750 00000000 128 128
20782 00002000 128 128
20786 00000000 128 128
20818 00002000 128 128
20822 00000000 128 128
20854 00002000 128 128
20858 00000000 128 128
20890 00002000 128 128
20894 00000000 128 128
20926 00002000 128 128
20930 00000000 128 128
20962 00002000 128 128
20966 00000000 128 128
20998 00002000 128 128
21002 00000000 128 128
21034 00002000 128 128
21038 00000000 128 128
21070 00002000 128 128
21074 00000000 128 128
21106 00002000 128 128
21110 00000000 128 128
21142 00002000 128 128
21146 00000000 128 128
21178 00002000 128 128
21182 00000000 128 128
21214 00002000 128 128
21218 00000000 128 128
21250 00002000 128 128
21254 00000000 128 128
21286 00002000 128 128
21290 00000000 128 128
21322 00002000 128 128
21326 00000000 128 128
21358 00002000 128 128
21362 00000000 128 128
21394 00002000 128 128
21398 00000000 128 128
21430 00002000 128 128
21434 00000000 128 128
21466 00002000 128 128
21470 00000000 128 128
21502 00002000 128 128
21506 00000000 128 128
21538 00002000 128 128
21542 00000000 128 128
21574 00002000 128 128
21578 00000000 128 128
21610 00002000 128 128
21614 00000000 128 128
21646 00002000 128 128
21650 00000000 128 128
21682 00002000 128 128
21686 00000000 128 128
21718 00002000 128 128
21722 00000000 128 128
21754 00002000 128 128
21758 00000000 128 128
21790 00002000 128 128
21794 00000000 128 128
21826 00002000 128 128
21830 00000000 128 128
21862 00002000 128 128
21866 00000000 128 128
21898 00002000 128 128
21902 00000000 128 128
21934 00002000 128 128
21938 00000000 128 128
21970 00002000 128 128
21974 00000000 128 128
22006 00002000 128 128
22010 00000000 128 128
22042 00002000 128 128
22046 00000000 128 128
22078 00002000 128 128
22082 00000000 128 128
22114 00002000 128 128
22118 00000000 128 128
22150 00002000 128 128
22154 00000000 128 128
22186 00002000 128 128
22190 00000000 128 128
22222 00002000 128 128
22226 00000000 128 128
22258 00002000 128 128
22262 00000000 128 128
22294 00002000 128 128
22298 00000000 128 128
22330 00002000 128 128
22334 00000000 128 128
22366 00002000 128 128
22370 00000000 128 128
22402 00002000 128 128
22406 00000000 128 128
22438 00002000 128 128
22442 00000000 128 128
22474 00002000 128 128
22478 00000000 128 128
22510 00002000 128 128
22514 00000000 128 128
22546 00002000 128 128
22550 00000000 128 128
22582 00002000 128 128
22586 00000000 128 128
22618 00002000 128 128
22622 00000000 128 128
22654 00002000 128 128
22658 00000000 128 128
22690 00002000 128 128
22694 00000000 128 128
22726 00002000 128 128
22730 00000000 128 128
22762 00002000 128 128
22766 00000000 128 128
22798 00002000 128 128
22802 00000000 128 128
22834 00002000 128 128
22838 00000000 128 128
22870 00002000 128 128
22874 00000000 128 128
22906 00002000 128 128
22910 00000000 128 128
22942 00002000 128 128
22946 00000000 128 128
22978 00002000 128 128
22982 00000000 128 128
23014 00002000 128 128
23018 00000000 128 128
23050 00002000 128 128
23054 00000000 128 128
23086 00002000 128 128
23090 00000000 128 128
23122 00002000 128 128
23126 00000000 128 128
23158 00002000 128 128
23162 00000000 128 128
23194 00002000 128 128
23198 00000000 128 128
23230 00002000 128 128
23234 00000000 128 128
23266 00002000 128 128
23270 00000000 128 128
23302 00002000 128 128
23306 00000000 128 128
23338 00002000 128 128
23342 00000000 128 128
23374 00002000 128 128
23378 00000000 128 128
23410 00002000 128 128
23414 00000000 128 128
23446 00002000 128 128
23450 00000000 128 128
23482 00002000 128 128
23486 00000000 128 128
23518 00002000 128 128
23522 00000000 128 128
23554 00002000 128 128
23558 00000000 128 128
23590 00002000 128 128
23594 00000000 128 128
23626 00002000 128 128
23630 00000000 128 128
23662 00002000 128 128
23666 00000000 128 128
23698 00002000 128 128
23702 00000000 128 128
23734 00002000 128 128
23738 00000000 128 128
23770 00002000 128 128
23774 00000000 128 128
23806 00002000 128 128
23810 00000000 128 128
23842 00002000 128 128
23846 00000000 128 128
23878 00002000 128 128
23882 00000000 128 128
23914 00002000 128 128
23918 00000000 128 128
23950 00002000 128 128
23954 00000000 128 128
23986 00002000 128 128
23990 00000000 128 128
24022 00002000 128 128
24026 00000000 128 128
24058 00002000 128 128
24062 00000000 128 128
24094 00002000 128 128
24098 00000000 128 128
24130 00002000 128 128
24134 00000000 128 128
24166 00002000 128 128
24170 00000000 128 128
24202 00002000 128 128
24206 00000000 128 128
24238 00002000 128 128
24242 00000000 128 128
24274 00002000 128 128
24278 00000000 128 128
24310 00002000 128 128
24314 00000000 128 128
24346 00002000 128 128
24350 00000000 128 128
24502 00004000 128 128
24506 00000000 128 128
24538 00004000 128 128
24542 00000000 128 128
24574 00004000 128 128
24578 00000000 128 128
24610 00004000 128 128
24614 00000000 128 128
24646 00004000 128 128
24650 00000000 128 128
24682 00004000 128 128
24686 00000000 128 128
24718 00004000 128 128
24722 00000000 128 128
24754 00004000 128 128
24758 00000000 128 128
24790 00004000 128 128
24794 00000000 128 128
24826 00004000 128 128
24830 00000000 128 128
24862 00004000 128 128
24866 00000000 128 128
24898 00004000 128 128
24902 00000000 128 128
24934 00004000 128 128
24938 00000000 128 128
24970 00004000 128 128
24974 00000000 128 128
25006 00004000 128 128
25010 00000000 128 128
25042 00004000 128 128
25046 00000000 128 128
25078 00004000 128 128
25082 00000000 128 128
25114 00004000 128 128
25118 00000000 128 128
25150 00004000 128 128
25154 00000000 128 128
25186 00004000 128 128
25190 00000000 128 128
25222 00004000 128 128
25226 00000000 128 128
25258 00004000 128 128
25262 00000000 128 128
25294 00004000 128 128
25298 00000000 128 128
25330 00004000 128 128
25334 00000000 128 128
25366 00004000 128 128
25370 00000000 128 128
25402 00004000 128 128
25406 00000000 128 128
25438 00004000 128 128
25442 00000000 128 128
25474 00004000 128 128
25478 00000000 128 128
25510 00004000 128 128
25514 00000000 128 128
25546 00004000 128 128
25550 00000000 128 128
25582 00004000 128 128
25586 00000000 128 128
25618 00004000 128 128
25622 00000000 128 128
25654 00004000 128 128
25658 00000000 128 128
25690 00004000 128 128
25694 00000000 128 128
25726 00004000 128 128
25730 00000000 128 128
25762 00004000 128 128
25766 00000000 128 128
25798 00004000 128 128
25802 00000000 128 128
25834 00004000 128 128
25838 00000000 128 128
25870 00004000 128 128
25874 00000000 128 128
25906 00004000 128 128
25910 00000000 128 128
26002 00000020 128 128
26034 00000000 128 128
26036 00000010 128 128
26084 00000000 128 128
26086 00000010 128 128
26102 00000000 128 128
26284 00001000 128 128
26288 00000000 128 128
26390 00000010 128 128
26396 00000000 128 128
26418 00000010 128 128
26424 00000000 128 128
26446 00000010 128 128
26452 00000000 128 128
26474 00000020 128 128
26480 00000000 128 128
26512 00002000 128 128
26516 00000000 128 128
26928 00002000 128 128
26932 00000000 128 128
27144 00002000 128 128
27148 00000000 128 128
27360 00002000 128 128
27364 00000000 128 128
27576 00002000 128 128
27580 00000000 128 128
27792 00002000 128 128
27796 00000000 128 128
28068 00000000 128 128
