0 00000000 128 128
150 00000008 128 128
152 00000000 128 128
300 00000008 128 128
302 00000000 128 128
450 00002000 128 128
452 00000000 128 128
2200 00004000 128 128
2204 00000000 128 128
2236 00004000 128 128
2240 00000000 128 128
2272 00004000 128 128
2276 00000000 128 128
2308 00004000 128 128
2312 00000000 128 128
2344 00004000 128 128
2348 00000000 128 128
2380 00004000 128 128
2384 00000000 128 128
2616 00000040 128 128
2624 00000000 128 128
2686 00000010 128 128
2694 00000000 128 128
2756 00000010 128 128
2764 00000000 128 128
2826 00000010 128 128
2834 00000000 128 128
3236 00002000 128 128
3240 00000000 128 128
3952 00002000 128 128
3956 00000000 128 128
4368 00002000 128 128
4372 00000000 128 128
4784 00002000 128 128
4788 00000000 128 128
5200 00002000 128 128
5204 00000000 128 128
6116 00000020 128 128
6122 00000000 128 128
6324 00002000 128 128
6328 00000000 128 128
6840 00002000 128 128
6844 00000000 128 128
7356 00002000 128 128
7360 00000000 128 128
8272 00002000 128 128
8276 00000000 128 128
8688 00002000 128 128
8692 00000000 128 128
9604 00000000 128 128
