0 00000000 128 128
150 00000008 128 128
152 00000000 128 128
300 00000008 128 128
302 00000000 128 128
450 00002000 128 128
452 00000000 128 128
700 00000080 128 128
732 00000000 128 128
734 00000010 128 128
774 00000000 128 128
776 00000080 128 128
784 00000000 128 128
786 00000010 128 128
1686 00000000 128 128
1688 00000020 128 128
1696 00000000 128 128
1698 00000010 128 128
1714 00000000 128 128
1716 00000020 128 128
1732 00000000 128 128
1734 00000010 128 128
2634 00000000 128 128
2636 00000020 128 128
2660 00000000 128 128
2662 00000010 128 128
2670 00000000 128 128
2672 00000080 128 128
2688 00000000 128 128
2690 00000010 128 128
3590 00000000 128 128
3652 00000010 128 128
4552 00000000 128 128
4614 00000010 128 128
5514 00000000 128 128
5576 00000000 128 128
