0 00000000 128 128
150 00000008 128 128
152 00000000 128 128
300 00000008 128 128
302 00000000 128 128
450 00002000 128 128
452 00000000 128 128
700 00000010 128 128
772 00000000 128 128
834 00000010 128 128
842 00000000 128 128
1744 00001000 128 128
1748 00000000 128 128
1850 00000010 128 128
1856 00000000 128 128
1878 00000010 128 128
1884 00000000 128 128
1906 00000010 128 128
1912 00000000 128 128
1934 00000020 128 128
1940 00000000 128 128
1972 00002000 128 128
1976 00000000 128 128
2388 00002000 128 128
2392 00000000 128 128
2604 00002000 128 128
2608 00000000 128 128
2820 00002000 128 128
2824 00000000 128 128
3036 00002000 128 128
3040 00000000 128 128
3252 00002000 128 128
3256 00000000 128 128
3528 00000000 128 128
