0 00000000 128 128
150 00000008 128 128
152 00000000 128 128
300 00000008 128 128
302 00000000 128 128
450 00002000 128 128
452 00000000 128 128
1900 00004000 128 128
1904 00000000 128 128
1936 00004000 128 128
1940 00000000 128 128
1972 00004000 128 128
1976 00000000 128 128
2008 00004000 128 128
2012 00000000 128 128
2044 00004000 128 128
2048 00000000 128 128
2080 00004000 128 128
2084 00000000 128 128
2116 00004000 128 128
2120 00000000 128 128
2152 00004000 128 128
2156 00000000 128 128
2188 00004000 128 128
2192 00000000 128 128
2224 00004000 128 128
2228 00000000 128 128
2560 00000080 128 128
2600 00000000 128 128
2642 00000010 128 128
2650 00000000 128 128
2692 00000080 128 128
2700 00000000 128 128
2762 00002000 128 128
2766 00000000 128 128
3178 00002000 128 128
3182 00000000 128 128
3494 00002000 128 128
3498 00000000 128 128
3810 00002000 128 128
3814 00000000 128 128
4126 00002000 128 128
4130 00000000 128 128
4442 00002000 128 128
4446 00000000 128 128
4758 00002000 128 128
4762 00000000 128 128
5074 00002000 128 128
5078 00000000 128 128
5390 00002000 128 128
5394 00000000 128 128
5706 00002000 128 128
5710 00000000 128 128
6022 00002000 128 128
6026 00000000 128 128
6338 00002000 128 128
6342 00000000 128 128
6654 00002000 128 128
6658 00000000 128 128
8670 00000080 128 128
8710 00000000 128 128
8752 00000020 128 128
8792 00000000 128 128
8834 00000080 128 128
8874 00000000 128 128
8916 00000020 128 128
8956 00000000 128 128
8998 00000010 128 128
9038 00000000 128 128
9080 00000040 128 128
9120 00000000 128 128
9162 00000080 128 128
9202 00000000 128 128
9244 00000010 128 128
9284 00000000 128 128
9326 00000080 128 128
9366 00000000 128 128
9408 00000040 128 128
9448 00000000 128 128
11010 00000040 128 128
11016 00000000 128 128
11048 00000080 128 128
11054 00000000 128 128
11086 00002000 128 128
11090 00000000 128 128
12002 00002000 128 128
12006 00000000 128 128
12038 00002000 128 128
12042 00000000 128 128
12074 00002000 128 128
12078 00000000 128 128
12110 00002000 128 128
12114 00000000 128 128
12146 00002000 128 128
12150 00000000 128 128
12182 00002000 128 128
12186 00000000 128 128
12878 00000040 128 128
12884 00000000 128 128
12916 00000080 128 128
12922 00000000 128 128
12954 00002000 128 128
12958 00000000 128 128
13870 00002000 128 128
13874 00000000 128 128
13906 00002000 128 128
13910 00000000 128 128
13942 00002000 128 128
13946 00000000 128 128
13978 00002000 128 128
13982 00000000 128 128
14014 00002000 128 128
14018 00000000 128 128
14050 00002000 128 128
14054 00000000 128 128
14746 00000040 128 128
14752 00000000 128 128
14784 00000080 128 128
14790 00000000 128 128
14822 00002000 128 128
14826 00000000 128 128
15738 00002000 128 128
15742 00000000 128 128
15774 00002000 128 128
15778 00000000 128 128
15810 00002000 128 128
15814 00000000 128 128
15846 00002000 128 128
15850 00000000 128 128
15882 00002000 128 128
15886 00000000 128 128
15918 00002000 128 128
15922 00000000 128 128
16614 00000040 128 128
16620 00000000 128 128
16652 00000080 128 128
16658 00000000 128 128
16690 00002000 128 128
16694 00000000 128 128
17606 00002000 128 128
17610 00000000 128 128
17642 00002000 128 128
17646 00000000 128 128
17678 00002000 128 128
17682 00000000 128 128
17714 00002000 128 128
17718 00000000 128 128
17750 00002000 128 128
17754 00000000 128 128
17786 00002000 128 128
17790 00000000 128 128
19922 00000000 128 128
