0 00000000 128 128
150 00000008 128 128
152 00000000 128 128
300 00000008 128 128
302 00000000 128 128
450 00002000 128 128
452 00000000 128 128
820 00000040 128 128
876 00000000 128 128
1278 00004000 128 128
1282 00000000 128 128
1314 00004000 128 128
1318 00000000 128 128
1350 00004000 128 128
1354 00000000 128 128
1386 00004000 128 128
1390 00000000 128 128
1422 00004000 128 128
1426 00000000 128 128
1458 00004000 128 128
1462 00000000 128 128
1494 00004000 128 128
1498 00000000 128 128
1530 00004000 128 128
1534 00000000 128 128
1566 00004000 128 128
1570 00000000 128 128
1602 00004000 128 128
1606 00000000 128 128
1698 00000040 128 128
1706 00000000 128 128
1738 00000080 128 128
1778 00000000 128 128
1840 00000000 128 128
