0 00000000 128 128
150 00000008 128 128
152 00000000 128 128
300 00000008 128 128
302 00000000 128 128
450 00002000 128 128
452 00000000 128 128
760 00000020 128 128
808 00000000 128 128
830 00000080 128 128
870 00000000 128 128
892 00000020 128 128
940 00000000 128 128
1862 00004000 128 128
1866 00000000 128 128
1898 00004000 128 128
1902 00000000 128 128
1934 00004000 128 128
1938 00000000 128 128
1970 00004000 128 128
1974 00000000 128 128
2006 00004000 128 128
2010 00000000 128 128
2042 00004000 128 128
2046 00000000 128 128
2078 00004000 128 128
2082 00000000 128 128
2114 00004000 128 128
2118 00000000 128 128
2150 00004000 128 128
2154 00000000 128 128
2186 00004000 128 128
2190 00000000 128 128
2222 00004000 128 128
2226 00000000 128 128
2258 00004000 128 128
2262 00000000 128 128
2594 00000040 128 128
2600 00000000 128 128
2642 00000080 128 128
2648 00000000 128 128
2690 00002000 128 128
2694 00000000 128 128
3006 00000020 128 128
3012 00000000 128 128
3054 00002000 128 128
3058 00000000 128 128
3370 00002000 128 128
3374 00000000 128 128
3686 00002000 128 128
3690 00000000 128 128
4702 00000040 128 128
4708 00000000 128 128
4750 00000080 128 128
4756 00000000 128 128
4798 00002000 128 128
4802 00000000 128 128
5114 00000020 128 128
5120 00000000 128 128
5162 00002000 128 128
5166 00000000 128 128
5478 00002000 128 128
5482 00000000 128 128
5794 00002000 128 128
5798 00000000 128 128
6810 00000040 128 128
6816 00000000 128 128
6858 00000080 128 128
6864 00000000 128 128
6906 00002000 128 128
6910 00000000 128 128
7222 00000020 128 128
7228 00000000 128 128
7270 00002000 128 128
7274 00000000 128 128
7586 00002000 128 128
7590 00000000 128 128
7902 00002000 128 128
7906 00000000 128 128
8918 00000040 128 128
8924 00000000 128 128
8966 00000080 128 128
8972 00000000 128 128
9014 00002000 128 128
9018 00000000 128 128
9330 00000020 128 128
9336 00000000 128 128
9378 00002000 128 128
9382 00000000 128 128
9694 00002000 128 128
9698 00000000 128 128
10010 00002000 128 128
10014 00000000 128 128
11526 00002000 128 128
11530 00000000 128 128
12142 00000000 128 128
