0 00000000 128 128
150 00000008 128 128
154 00000000 128 128
300 00000008 128 128
304 00000000 128 128
450 00000008 128 128
454 00000000 128 128
600 00002000 128 128
604 00000000 128 128
634 00002000 128 128
638 00000000 128 128
668 00002000 128 128
672 00000000 128 128
702 00002000 128 128
706 00000000 128 128
736 00002000 128 128
740 00000000 128 128
770 00002000 128 128
774 00000000 128 128
804 00002000 128 128
808 00000000 128 128
838 00002000 128 128
842 00000000 128 128
872 00002000 128 128
876 00000000 128 128
906 00002000 128 128
910 00000000 128 128
940 00002000 128 128
944 00000000 128 128
974 00002000 128 128
978 00000000 128 128
1008 00002000 128 128
1012 00000000 128 128
1042 00002000 128 128
1046 00000000 128 128
1076 00002000 128 128
1080 00000000 128 128
1110 00002000 128 128
1114 00000000 128 128
1144 00002000 128 128
1148 00000000 128 128
1178 00002000 128 128
1182 00000000 128 128
1212 00002000 128 128
1216 00000000 128 128
1246 00002000 128 128
1250 00000000 128 128
1280 00002000 128 128
1284 00000000 128 128
1314 00002000 128 128
1318 00000000 128 128
1348 00002000 128 128
1352 00000000 128 128
1382 00002000 128 128
1386 00000000 128 128
1416 00002000 128 128
1420 00000000 128 128
1450 00002000 128 128
1454 00000000 128 128
1484 00002000 128 128
1488 00000000 128 128
1518 00002000 128 128
1522 00000000 128 128
1552 00002000 128 128
1556 00000000 128 128
1586 00002000 128 128
1590 00000000 128 128
1720 00000200 128 128
1724 00000000 128 128
1750 00000020 128 128
1778 00000000 128 128
1780 00000040 128 128
1804 00000000 128 128
1810 00004000 128 128
1818 00000000 128 128
1960 00004000 128 128
1968 00000000 128 128
2110 00004000 128 128
2118 00000000 128 128
2260 00004000 128 128
2268 00000000 128 128
2410 00004000 128 128
2418 00000000 128 128
2560 00004000 128 128
2568 00000000 128 128
2710 00004000 128 128
2718 00000000 128 128
2860 00004000 128 128
2868 00000000 128 128
3010 00004000 128 128
3018 00000000 128 128
3160 00004000 128 128
3168 00000000 128 128
3310 00004000 128 128
3318 00000000 128 128
3460 00004000 128 128
3468 00000000 128 128
3610 00004000 128 128
3618 00000000 128 128
3760 00004000 128 128
3768 00000000 128 128
3910 00004000 128 128
3918 00000000 128 128
4060 00004000 128 128
4068 00000000 128 128
4210 00004000 128 128
4218 00000000 128 128
4360 00004000 128 128
4368 00000000 128 128
4510 00004000 128 128
4518 00000000 128 128
4660 00004000 128 128
4668 00000000 128 128
4810 00004000 128 128
4818 00000000 128 128
4960 00004000 128 128
4968 00000000 128 128
5110 00004000 128 128
5118 00000000 128 128
5260 00004000 128 128
5268 00000000 128 128
5410 00004000 128 128
5418 00000000 128 128
5560 00004000 128 128
5568 00000000 128 128
5710 00004000 128 128
5718 00000000 128 128
5860 00004000 128 128
5868 00000000 128 128
6010 00004000 128 128
6018 00000000 128 128
6160 00004000 128 128
6168 00000000 128 128
6310 00004000 128 128
6318 00000000 128 128
6460 00004000 128 128
6468 00000000 128 128
6610 00004000 128 128
6618 00000000 128 128
6760 00004000 128 128
6768 00000000 128 128
6910 00004000 128 128
6918 00000000 128 128
7060 00004000 128 128
7068 00000000 128 128
7210 00004000 128 128
7218 00000000 128 128
7360 00004000 128 128
7368 00000000 128 128
7510 00004000 128 128
7518 00000000 128 128
7660 00004000 128 128
7668 00000000 128 128
7810 00000200 128 128
7814 00000000 128 128
7840 00002000 128 128
7844 00000000 128 128
7874 00002000 128 128
7878 00000000 128 128
7908 00002000 128 128
7912 00000000 128 128
7942 00002000 128 128
7946 00000000 128 128
7976 00002000 128 128
7980 00000000 128 128
8010 00002000 128 128
8014 00000000 128 128
8044 00002000 128 128
8048 00000000 128 128
8078 00002000 128 128
8082 00000000 128 128
8112 00002000 128 128
8116 00000000 128 128
8146 00002000 128 128
8150 00000000 128 128
8180 00002000 128 128
8184 00000000 128 128
8214 00002000 128 128
8218 00000000 128 128
8248 00002000 128 128
8252 00000000 128 128
8282 00002000 128 128
8286 00000000 128 128
8316 00002000 128 128
8320 00000000 128 128
8350 00002000 128 128
8354 00000000 128 128
8384 00002000 128 128
8388 00000000 128 128
8418 00002000 128 128
8422 00000000 128 128
8452 00002000 128 128
8456 00000000 128 128
8486 00002000 128 128
8490 00000000 128 128
8520 00002000 128 128
8524 00000000 128 128
8554 00002000 128 128
8558 00000000 128 128
8588 00002000 128 128
8592 00000000 128 128
8622 00002000 128 128
8626 00000000 128 128
8656 00002000 128 128
8660 00000000 128 128
8690 00002000 128 128
8694 00000000 128 128
8724 00002000 128 128
8728 00000000 128 128
8758 00002000 128 128
8762 00000000 128 128
8792 00002000 128 128
8796 00000000 128 128
8826 00002000 128 128
8830 00000000 128 128
8860 00002000 128 128
8864 00000000 128 128
8894 00002000 128 128
8898 00000000 128 128
8928 00002000 128 128
8932 00000000 128 128
8962 00002000 128 128
8966 00000000 128 128
8996 00002000 128 128
9000 00000000 128 128
9030 00002000 128 128
9034 00000000 128 128
9064 00002000 128 128
9068 00000000 128 128
9098 00002000 128 128
9102 00000000 128 128
9132 00002000 128 128
9136 00000000 128 128
9166 00002000 128 128
9170 00000000 128 128
9200 00002000 128 128
9204 00000000 128 128
9234 00002000 128 128
9238 00000000 128 128
9268 00002000 128 128
9272 00000000 128 128
9302 00002000 128 128
9306 00000000 128 128
9336 00002000 128 128
9340 00000000 128 128
9370 00002000 128 128
9374 00000000 128 128
9404 00002000 128 128
9408 00000000 128 128
9438 00002000 128 128
9442 00000000 128 128
9472 00002000 128 128
9476 00000000 128 128
9506 00002000 128 128
9510 00000000 128 128
9540 00002000 128 128
9544 00000000 128 128
9574 00002000 128 128
9578 00000000 128 128
9608 00002000 128 128
9612 00000000 128 128
9642 00002000 128 128
9646 00000000 128 128
9676 00002000 128 128
9680 00000000 128 128
9710 00002000 128 128
9714 00000000 128 128
9744 00002000 128 128
9748 00000000 128 128
9778 00002000 128 128
9782 00000000 128 128
9812 00002000 128 128
9816 00000000 128 128
9846 00002000 128 128
9850 00000000 128 128
9880 00002000 128 128
9884 00000000 128 128
9914 00002000 128 128
9918 00000000 128 128
9948 00002000 128 128
9952 00000000 128 128
9982 00002000 128 128
9986 00000000 128 128
10016 00002000 128 128
10020 00000000 128 128
10050 00002000 128 128
10054 00000000 128 128
10084 00002000 128 128
10088 00000000 128 128
10118 00002000 128 128
10122 00000000 128 128
10152 00002000 128 128
10156 00000000 128 128
10186 00002000 128 128
10190 00000000 128 128
10220 00002000 128 128
10224 00000000 128 128
10254 00002000 128 128
10258 00000000 128 128
10288 00002000 128 128
10292 00000000 128 128
10322 00002000 128 128
10326 00000000 128 128
10356 00002000 128 128
10360 00000000 128 128
10390 00002000 128 128
10394 00000000 128 128
10424 00002000 128 128
10428 00000000 128 128
10458 00002000 128 128
10462 00000000 128 128
10492 00002000 128 128
10496 00000000 128 128
10526 00002000 128 128
10530 00000000 128 128
10560 00002000 128 128
10564 00000000 128 128
10594 00002000 128 128
10598 00000000 128 128
10628 00002000 128 128
10632 00000000 128 128
10662 00002000 128 128
10666 00000000 128 128
10696 00002000 128 128
10700 00000000 128 128
10730 00002000 128 128
10734 00000000 128 128
10764 00002000 128 128
10768 00000000 128 128
10798 00002000 128 128
10802 00000000 128 128
10832 00002000 128 128
10836 00000000 128 128
10866 00002000 128 128
10870 00000000 128 128
10900 00002000 128 128
10904 00000000 128 128
10934 00002000 128 128
10938 00000000 128 128
10968 00002000 128 128
10972 00000000 128 128
11002 00002000 128 128
11006 00000000 128 128
11036 00002000 128 128
11040 00000000 128 128
11070 00002000 128 128
11074 00000000 128 128
11104 00002000 128 128
11108 00000000 128 128
11138 00002000 128 128
11142 00000000 128 128
11172 00002000 128 128
11176 00000000 128 128
11206 00002000 128 128
11210 00000000 128 128
11240 00002000 128 128
11244 00000000 128 128
11274 00002000 128 128
11278 00000000 128 128
11308 00002000 128 128
11312 00000000 128 128
11342 00002000 128 128
11346 00000000 128 128
11376 00002000 128 128
11380 00000000 128 128
11410 00002000 128 128
11414 00000000 128 128
11444 00002000 128 128
11448 00000000 128 128
11478 00002000 128 128
11482 00000000 128 128
11512 00002000 128 128
11516 00000000 128 128
11546 00002000 128 128
11550 00000000 128 128
11580 00002000 128 128
11584 00000000 128 128
11614 00002000 128 128
11618 00000000 128 128
11648 00002000 128 128
11652 00000000 128 128
11682 00002000 128 128
11686 00000000 128 128
11716 00002000 128 128
11720 00000000 128 128
11750 00002000 128 128
11754 00000000 128 128
11784 00002000 128 128
11788 00000000 128 128
11818 00002000 128 128
11822 00000000 128 128
11852 00002000 128 128
11856 00000000 128 128
11886 00002000 128 128
11890 00000000 128 128
11920 00002000 128 128
11924 00000000 128 128
11954 00002000 128 128
11958 00000000 128 128
11988 00002000 128 128
11992 00000000 128 128
12022 00002000 128 128
12026 00000000 128 128
12056 00002000 128 128
12060 00000000 128 128
12090 00002000 128 128
12094 00000000 128 128
12124 00002000 128 128
12128 00000000 128 128
12158 00002000 128 128
12162 00000000 128 128
12192 00002000 128 128
12196 00000000 128 128
12226 00002000 128 128
12230 00000000 128 128
12260 00002000 128 128
12264 00000000 128 128
12294 00002000 128 128
12298 00000000 128 128
12328 00002000 128 128
12332 00000000 128 128
12362 00002000 128 128
12366 00000000 128 128
12396 00002000 128 128
12400 00000000 128 128
12430 00002000 128 128
12434 00000000 128 128
12464 00002000 128 128
12468 00000000 128 128
12498 00002000 128 128
12502 00000000 128 128
12532 00002000 128 128
12536 00000000 128 128
12566 00002000 128 128
12570 00000000 128 128
12600 00002000 128 128
12604 00000000 128 128
12634 00002000 128 128
12638 00000000 128 128
12668 00002000 128 128
12672 00000000 128 128
12702 00002000 128 128
12706 00000000 128 128
12736 00002000 128 128
12740 00000000 128 128
12770 00002000 128 128
12774 00000000 128 128
12804 00002000 128 128
12808 00000000 128 128
12838 00002000 128 128
12842 00000000 128 128
12872 00002000 128 128
12876 00000000 128 128
12906 00002000 128 128
12910 00000000 128 128
12940 00002000 128 128
12944 00000000 128 128
12974 00002000 128 128
12978 00000000 128 128
13008 00002000 128 128
13012 00000000 128 128
13042 00002000 128 128
13046 00000000 128 128
13076 00002000 128 128
13080 00000000 128 128
13110 00002000 128 128
13114 00000000 128 128
13144 00002000 128 128
13148 00000000 128 128
13178 00002000 128 128
13182 00000000 128 128
13212 00002000 128 128
13216 00000000 128 128
13246 00002000 128 128
13250 00000000 128 128
13280 00002000 128 128
13284 00000000 128 128
13314 00002000 128 128
13318 00000000 128 128
13348 00002000 128 128
13352 00000000 128 128
13382 00002000 128 128
13386 00000000 128 128
13416 00002000 128 128
13420 00000000 128 128
13450 00002000 128 128
13454 00000000 128 128
13484 00002000 128 128
13488 00000000 128 128
13518 00002000 128 128
13522 00000000 128 128
13552 00002000 128 128
13556 00000000 128 128
13586 00002000 128 128
13590 00000000 128 128
13620 00002000 128 128
13624 00000000 128 128
13654 00002000 128 128
13658 00000000 128 128
13688 00002000 128 128
13692 00000000 128 128
13722 00002000 128 128
13726 00000000 128 128
13756 00002000 128 128
13760 00000000 128 128
13790 00002000 128 128
13794 00000000 128 128
13824 00002000 128 128
13828 00000000 128 128
13858 00002000 128 128
13862 00000000 128 128
13892 00002000 128 128
13896 00000000 128 128
13926 00002000 128 128
13930 00000000 128 128
13960 00002000 128 128
13964 00000000 128 128
13994 00002000 128 128
13998 00000000 128 128
14028 00002000 128 128
14032 00000000 128 128
14062 00002000 128 128
14066 00000000 128 128
14096 00002000 128 128
14100 00000000 128 128
14130 00002000 128 128
14134 00000000 128 128
14164 00002000 128 128
14168 00000000 128 128
14198 00002000 128 128
14202 00000000 128 128
14232 00002000 128 128
14236 00000000 128 128
14266 00002000 128 128
14270 00000000 128 128
14300 00002000 128 128
14304 00000000 128 128
14334 00002000 128 128
14338 00000000 128 128
14368 00002000 128 128
14372 00000000 128 128
14402 00002000 128 128
14406 00000000 128 128
14436 00002000 128 128
14440 00000000 128 128
14470 00002000 128 128
14474 00000000 128 128
14504 00002000 128 128
14508 00000000 128 128
14538 00002000 128 128
14542 00000000 128 128
14572 00002000 128 128
14576 00000000 128 128
14606 00002000 128 128
14610 00000000 128 128
14640 00004000 128 128
14644 00000000 128 128
14674 00004000 128 128
14678 00000000 128 128
14708 00004000 128 128
14712 00000000 128 128
14742 00004000 128 128
14746 00000000 128 128
14776 00004000 128 128
14780 00000000 128 128
14810 00004000 128 128
14814 00000000 128 128
14844 00004000 128 128
14848 00000000 128 128
14878 00004000 128 128
14882 00000000 128 128
14912 00004000 128 128
14916 00000000 128 128
14946 00004000 128 128
14950 00000000 128 128
14980 00004000 128 128
14984 00000000 128 128
15014 00004000 128 128
15018 00000000 128 128
15048 00004000 128 128
15052 00000000 128 128
15082 00004000 128 128
15086 00000000 128 128
15116 00004000 128 128
15120 00000000 128 128
15150 00004000 128 128
15154 00000000 128 128
15184 00004000 128 128
15188 00000000 128 128
15218 00004000 128 128
15222 00000000 128 128
15252 00004000 128 128
15256 00000000 128 128
15286 00004000 128 128
15290 00000000 128 128
15320 00004000 128 128
15324 00000000 128 128
15354 00004000 128 128
15358 00000000 128 128
15388 00004000 128 128
15392 00000000 128 128
15422 00004000 128 128
15426 00000000 128 128
15456 00004000 128 128
15460 00000000 128 128
15490 00004000 128 128
15494 00000000 128 128
15524 00004000 128 128
15528 00000000 128 128
15558 00004000 128 128
15562 00000000 128 128
15592 00004000 128 128
15596 00000000 128 128
15626 00004000 128 128
15630 00000000 128 128
15660 00004000 128 128
15664 00000000 128 128
15694 00004000 128 128
15698 00000000 128 128
15728 00004000 128 128
15732 00000000 128 128
15762 00004000 128 128
15766 00000000 128 128
15796 00004000 128 128
15800 00000000 128 128
15830 00004000 128 128
15834 00000000 128 128
15864 00004000 128 128
15868 00000000 128 128
15898 00004000 128 128
15902 00000000 128 128
15932 00004000 128 128
15936 00000000 128 128
15966 00004000 128 128
15970 00000000 128 128
16000 00004000 128 128
16004 00000000 128 128
16034 00004000 128 128
16038 00000000 128 128
16068 00004000 128 128
16072 00000000 128 128
16102 00004000 128 128
16106 00000000 128 128
16136 00004000 128 128
16140 00000000 128 128
16170 00004000 128 128
16174 00000000 128 128
16204 00004000 128 128
16208 00000000 128 128
16238 00004000 128 128
16242 00000000 128 128
16272 00004000 128 128
16276 00000000 128 128
16306 00004000 128 128
16310 00000000 128 128
16340 00004000 128 128
16344 00000000 128 128
16374 00004000 128 128
16378 00000000 128 128
16408 00004000 128 128
16412 00000000 128 128
16442 00004000 128 128
16446 00000000 128 128
16476 00004000 128 128
16480 00000000 128 128
16510 00004000 128 128
16514 00000000 128 128
16544 00004000 128 128
16548 00000000 128 128
16578 00004000 128 128
16582 00000000 128 128
16612 00004000 128 128
16616 00000000 128 128
16646 00004000 128 128
16650 00000000 128 128
16680 00000000 128 128
