0 00000000 128 128
150 00000008 128 128
152 00000000 128 128
300 00000008 128 128
302 00000000 128 128
450 00002000 128 128
452 00000000 128 128
1000 00000020 128 128
1026 00000000 128 128
1086 00000010 128 128
1126 00000000 128 128
1546 00000010 128 128
1578 00000000 128 128
1638 00001000 128 128
1642 00000000 128 128
1732 00000200 128 128
1736 00000000 128 128
1746 00000080 128 128
1752 00000000 128 128
1758 00000010 128 128
1768 00000000 128 128
1778 00004000 128 128
1782 00000000 128 128
1932 00002000 128 128
1936 00000000 128 128
2116 00002000 128 128
2120 00000000 128 128
2300 00002000 128 128
2304 00000000 128 128
2804 00002000 128 128
2808 00000000 128 128
2928 00000200 128 128
2932 00000000 128 128
2962 00004000 128 128
2966 00000000 128 128
3056 00000000 128 128
