0 00000000 128 128
150 00000008 128 128
152 00000000 128 128
300 00000008 128 128
302 00000000 128 128
450 00002000 128 128
452 00000000 128 128
700 00000080 128 128
740 00000000 128 128
742 00000010 128 128
782 00000000 128 128
784 00000010 128 128
800 00000000 128 128
922 00000020 128 128
954 00000000 128 128
1016 00004000 128 128
1020 00000000 128 128
1052 00004000 128 128
1056 00000000 128 128
1088 00004000 128 128
1092 00000000 128 128
1124 00004000 128 128
1128 00000000 128 128
1160 00004000 128 128
1164 00000000 128 128
1196 00004000 128 128
1200 00000000 128 128
1232 00004000 128 128
1236 00000000 128 128
1268 00004000 128 128
1272 00000000 128 128
1304 00004000 128 128
1308 00000000 128 128
1340 00004000 128 128
1344 00000000 128 128
1376 00004000 128 128
1380 00000000 128 128
1412 00004000 128 128
1416 00000000 128 128
1448 00004000 128 128
1452 00000000 128 128
1484 00004000 128 128
1488 00000000 128 128
1520 00004000 128 128
1524 00000000 128 128
1556 00004000 128 128
1560 00000000 128 128
1592 00004000 128 128
1596 00000000 128 128
1628 00004000 128 128
1632 00000000 128 128
1664 00004000 128 128
1668 00000000 128 128
1700 00004000 128 128
1704 00000000 128 128
1796 00000010 128 128
1812 00000000 128 128
1994 00000000 128 128
