0 00000000 128 128
150 00000008 128 128
152 00000000 128 128
300 00000008 128 128
302 00000000 128 128
450 00002000 128 128
452 00000000 128 128
1200 00000020 128 128
1300 00000000 128 128
1800 00000010 128 128
1840 00000000 128 128
1900 00002000 128 128
1904 00000000 128 128
1934 00002000 128 128
1938 00000000 128 128
1968 00002000 128 128
1972 00000000 128 128
2002 00002000 128 128
2006 00000000 128 128
2036 00002000 128 128
2040 00000000 128 128
2070 00002000 128 128
2074 00000000 128 128
2104 00002000 128 128
2108 00000000 128 128
2138 00002000 128 128
2142 00000000 128 128
2172 00002000 128 128
2176 00000000 128 128
2206 00002000 128 128
2210 00000000 128 128
2240 00000080 128 128
2256 00000000 128 128
2300 00002000 128 128
2304 00000000 128 128
2334 00002000 128 128
2338 00000000 128 128
2368 00002000 128 128
2372 00000000 128 128
2402 00002000 128 128
2406 00000000 128 128
2436 00002000 128 128
2440 00000000 128 128
2470 00002000 128 128
2474 00000000 128 128
2504 00002000 128 128
2508 00000000 128 128
2538 00002000 128 128
2542 00000000 128 128
2572 00002000 128 128
2576 00000000 128 128
2606 00002000 128 128
2610 00000000 128 128
2640 00000020 128 128
2672 00000000 128 128
2700 00002000 128 128
2704 00000000 128 128
2734 00002000 128 128
2738 00000000 128 128
2768 00002000 128 128
2772 00000000 128 128
2802 00002000 128 128
2806 00000000 128 128
2836 00002000 128 128
2840 00000000 128 128
2870 00002000 128 128
2874 00000000 128 128
2904 00002000 128 128
2908 00000000 128 128
2938 00002000 128 128
2942 00000000 128 128
2972 00002000 128 128
2976 00000000 128 128
3006 00002000 128 128
3010 00000000 128 128
3040 00000000 128 128
