0 00000000 128 128
150 00000008 128 128
152 00000000 128 128
300 00000008 128 128
302 00000000 128 128
450 00002000 128 128
452 00000000 128 128
820 00001000 128 128
824 00000000 128 128
956 00000040 128 128
962 00000000 128 128
1004 00000040 128 128
1010 00000000 128 128
1052 00002000 128 128
1056 00000000 128 128
1368 00000200 128 128
1372 00000000 128 128
1444 00000020 128 128
1480 00000000 128 128
1502 00000010 128 128
1529 00000000 128 128
1551 00004000 128 128
1555 00000000 128 128
1767 00000000 128 128
