0 00000000 128 128
150 00000008 128 128
152 00000000 128 128
300 00000008 128 128
302 00000000 128 128
450 00002000 128 128
452 00000000 128 128
700 00000080 128 128
708 00000000 128 128
710 00000040 128 128
742 00000000 128 128
744 00000080 128 128
864 00000000 128 128
866 00000010 128 128
938 00000000 128 128
940 00000080 128 128
948 00000000 128 128
950 00000010 128 128
1078 00000000 128 128
1110 00004000 128 128
1114 00000000 128 128
1146 00004000 128 128
1150 00000000 128 128
1182 00004000 128 128
1186 00000000 128 128
1218 00004000 128 128
1222 00000000 128 128
1254 00004000 128 128
1258 00000000 128 128
1290 00004000 128 128
1294 00000000 128 128
1326 00004000 128 128
1330 00000000 128 128
1362 00004000 128 128
1366 00000000 128 128
1398 00004000 128 128
1402 00000000 128 128
1434 00004000 128 128
1438 00000000 128 128
1500 00000010 128 128
2400 00000000 128 128
2462 00004000 128 128
2466 00000000 128 128
2498 00004000 128 128
2502 00000000 128 128
2534 00004000 128 128
2538 00000000 128 128
2570 00004000 128 128
2574 00000000 128 128
2606 00004000 128 128
2610 00000000 128 128
2642 00004000 128 128
2646 00000000 128 128
2678 00004000 128 128
2682 00000000 128 128
2714 00004000 128 128
2718 00000000 128 128
2750 00004000 128 128
2754 00000000 128 128
2786 00004000 128 128
2790 00000000 128 128
2822 00004000 128 128
2826 00000000 128 128
2858 00004000 128 128
2862 00000000 128 128
2894 00004000 128 128
2898 00000000 128 128
2930 00004000 128 128
2934 00000000 128 128
2966 00004000 128 128
2970 00000000 128 128
3002 00004000 128 128
3006 00000000 128 128
3038 00004000 128 128
3042 00000000 128 128
3074 00004000 128 128
3078 00000000 128 128
3110 00004000 128 128
3114 00000000 128 128
3146 00004000 128 128
3150 00000000 128 128
3242 00000010 128 128
4142 00000000 128 128
4204 00000000 128 128
