0 00000000 128 128
150 00000008 128 128
152 00000000 128 128
300 00000008 128 128
302 00000000 128 128
450 00002000 128 128
452 00000000 128 128
1200 00001000 128 128
1204 00000000 128 128
1290 00000200 128 128
1294 00000000 128 128
1320 00000080 128 128
1347 00000000 128 128
1377 00000010 128 128
1384 00000000 128 128
1414 00004000 128 128
1420 00000000 128 128
2014 00000200 128 128
2018 00000000 128 128
2044 00004000 128 128
2048 00000000 128 128
2078 00004000 128 128
2082 00000000 128 128
2112 00004000 128 128
2116 00000000 128 128
2146 00004000 128 128
2150 00000000 128 128
2180 00004000 128 128
2184 00000000 128 128
2214 00004000 128 128
2218 00000000 128 128
2248 00004000 128 128
2252 00000000 128 128
2282 00004000 128 128
2286 00000000 128 128
2316 00004000 128 128
2320 00000000 128 128
2350 00004000 128 128
2354 00000000 128 128
2384 00004000 128 128
2388 00000000 128 128
2418 00004000 128 128
2422 00000000 128 128
2452 00004000 128 128
2456 00000000 128 128
2486 00004000 128 128
2490 00000000 128 128
2520 00004000 128 128
2524 00000000 128 128
2554 00004000 128 128
2558 00000000 128 128
2588 00004000 128 128
2592 00000000 128 128
2622 00004000 128 128
2626 00000000 128 128
2656 00004000 128 128
2660 00000000 128 128
2690 00004000 128 128
2694 00000000 128 128
2724 00000000 128 128
