0 00000000 128 128
150 00000008 128 128
152 00000000 128 128
300 00000008 128 128
302 00000000 128 128
450 00002000 128 128
452 00000000 128 128
2200 00004000 128 128
2204 00000000 128 128
2236 00004000 128 128
2240 00000000 128 128
2272 00004000 128 128
2276 00000000 128 128
2308 00004000 128 128
2312 00000000 128 128
2344 00004000 128 128
2348 00000000 128 128
2380 00004000 128 128
2384 00000000 128 128
2616 00000010 128 128
2624 00000000 128 128
2686 00000010 128 128
2694 00000000 128 128
3296 00002000 128 128
3300 00000000 128 128
4212 00002000 128 128
4216 00000000 128 128
4248 00002000 128 128
4252 00000000 128 128
4284 00002000 128 128
4288 00000000 128 128
4320 00002000 128 128
4324 00000000 128 128
4356 00002000 128 128
4360 00000000 128 128
4392 00002000 128 128
4396 00000000 128 128
4428 00002000 128 128
4432 00000000 128 128
4464 00002000 128 128
4468 00000000 128 128
4500 00002000 128 128
4504 00000000 128 128
4536 00002000 128 128
4540 00000000 128 128
4572 00002000 128 128
4576 00000000 128 128
4608 00002000 128 128
4612 00000000 128 128
4644 00002000 128 128
4648 00000000 128 128
4680 00002000 128 128
4684 00000000 128 128
4716 00002000 128 128
4720 00000000 128 128
4752 00002000 128 128
4756 00000000 128 128
4788 00002000 128 128
4792 00000000 128 128
4824 00002000 128 128
4828 00000000 128 128
4860 00002000 128 128
4864 00000000 128 128
4896 00002000 128 128
4900 00000000 128 128
7632 00004000 128 128
7636 00000000 128 128
7668 00004000 128 128
7672 00000000 128 128
7704 00004000 128 128
7708 00000000 128 128
7740 00004000 128 128
7744 00000000 128 128
7816 00004000 128 128
7820 00000000 128 128
7852 00004000 128 128
7856 00000000 128 128
7888 00004000 128 128
7892 00000000 128 128
7924 00004000 128 128
7928 00000000 128 128
8000 00000010 128 128
8006 00000000 128 128
8028 00000010 128 128
8034 00000000 128 128
8056 00002000 128 128
8060 00000000 128 128
8192 00000010 128 128
8198 00000000 128 128
8230 00000010 128 128
8236 00000000 128 128
8268 00000080 128 128
8274 00000000 128 128
8306 00000040 128 128
8312 00000000 128 128
8344 00002000 128 128
8348 00000000 128 128
8420 00002000 128 128
8424 00000000 128 128
8456 00002000 128 128
8460 00000000 128 128
8492 00002000 128 128
8496 00000000 128 128
8528 00002000 128 128
8532 00000000 128 128
8564 00002000 128 128
8568 00000000 128 128
8600 00002000 128 128
8604 00000000 128 128
8636 00002000 128 128
8640 00000000 128 128
8672 00002000 128 128
8676 00000000 128 128
8708 00002000 128 128
8712 00000000 128 128
8744 00002000 128 128
8748 00000000 128 128
8780 00002000 128 128
8784 00000000 128 128
8816 00002000 128 128
8820 00000000 128 128
9512 00004000 128 128
9516 00000000 128 128
9548 00004000 128 128
9552 00000000 128 128
9584 00004000 128 128
9588 00000000 128 128
9620 00004000 128 128
9624 00000000 128 128
9696 00004000 128 128
9700 00000000 128 128
9732 00004000 128 128
9736 00000000 128 128
9768 00004000 128 128
9772 00000000 128 128
9804 00004000 128 128
9808 00000000 128 128
9880 00000010 128 128
9886 00000000 128 128
9908 00000010 128 128
9914 00000000 128 128
9936 00002000 128 128
9940 00000000 128 128
10072 00000010 128 128
10078 00000000 128 128
10110 00000010 128 128
10116 00000000 128 128
10148 00000080 128 128
10154 00000000 128 128
10186 00000040 128 128
10192 00000000 128 128
10224 00002000 128 128
10228 00000000 128 128
10300 00002000 128 128
10304 00000000 128 128
10336 00002000 128 128
10340 00000000 128 128
10372 00002000 128 128
10376 00000000 128 128
10408 00002000 128 128
10412 00000000 128 128
10444 00002000 128 128
10448 00000000 128 128
10480 00002000 128 128
10484 00000000 128 128
10516 00002000 128 128
10520 00000000 128 128
10552 00002000 128 128
10556 00000000 128 128
10588 00002000 128 128
10592 00000000 128 128
10624 00002000 128 128
10628 00000000 128 128
10660 00002000 128 128
10664 00000000 128 128
10696 00002000 128 128
10700 00000000 128 128
11392 00004000 128 128
11396 00000000 128 128
11428 00004000 128 128
11432 00000000 128 128
11464 00004000 128 128
11468 00000000 128 128
11500 00004000 128 128
11504 00000000 128 128
11576 00004000 128 128
11580 00000000 128 128
11612 00004000 128 128
11616 00000000 128 128
11648 00004000 128 128
11652 00000000 128 128
11684 00004000 128 128
11688 00000000 128 128
11760 00000010 128 128
11766 00000000 128 128
11788 00000010 128 128
11794 00000000 128 128
11816 00002000 128 128
11820 00000000 128 128
11952 00000010 128 128
11958 00000000 128 128
11990 00000010 128 128
11996 00000000 128 128
12028 00000080 128 128
12034 00000000 128 128
12066 00000040 128 128
12072 00000000 128 128
12104 00002000 128 128
12108 00000000 128 128
12180 00002000 128 128
12184 00000000 128 128
12216 00002000 128 128
12220 00000000 128 128
12252 00002000 128 128
12256 00000000 128 128
12288 00002000 128 128
12292 00000000 128 128
12324 00002000 128 128
12328 00000000 128 128
12360 00002000 128 128
12364 00000000 128 128
12396 00002000 128 128
12400 00000000 128 128
12432 00002000 128 128
12436 00000000 128 128
12468 00002000 128 128
12472 00000000 128 128
12504 00002000 128 128
12508 00000000 128 128
12540 00002000 128 128
12544 00000000 128 128
12576 00002000 128 128
12580 00000000 128 128
13272 00004000 128 128
13276 00000000 128 128
13308 00004000 128 128
13312 00000000 128 128
13344 00004000 128 128
13348 00000000 128 128
13380 00004000 128 128
13384 00000000 128 128
13456 00004000 128 128
13460 00000000 128 128
13492 00004000 128 128
13496 00000000 128 128
13528 00004000 128 128
13532 00000000 128 128
13564 00004000 128 128
13568 00000000 128 128
13640 00000010 128 128
13646 00000000 128 128
13668 00000010 128 128
13674 00000000 128 128
13696 00002000 128 128
13700 00000000 128 128
13832 00000010 128 128
13838 00000000 128 128
13870 00000010 128 128
13876 00000000 128 128
13908 00000080 128 128
13914 00000000 128 128
13946 00000040 128 128
13952 00000000 128 128
13984 00002000 128 128
13988 00000000 128 128
14060 00002000 128 128
14064 00000000 128 128
14096 00002000 128 128
14100 00000000 128 128
14132 00002000 128 128
14136 00000000 128 128
14168 00002000 128 128
14172 00000000 128 128
14204 00002000 128 128
14208 00000000 128 128
14240 00002000 128 128
14244 00000000 128 128
14276 00002000 128 128
14280 00000000 128 128
14312 00002000 128 128
14316 00000000 128 128
14348 00002000 128 128
14352 00000000 128 128
14384 00002000 128 128
14388 00000000 128 128
14420 00002000 128 128
14424 00000000 128 128
14456 00002000 128 128
14460 00000000 128 128
15152 00004000 128 128
15156 00000000 128 128
15188 00004000 128 128
15192 00000000 128 128
15224 00004000 128 128
15228 00000000 128 128
15260 00004000 128 128
15264 00000000 128 128
15336 00004000 128 128
15340 00000000 128 128
15372 00004000 128 128
15376 00000000 128 128
15408 00004000 128 128
15412 00000000 128 128
15444 00004000 128 128
15448 00000000 128 128
15520 00000010 128 128
15526 00000000 128 128
15548 00000010 128 128
15554 00000000 128 128
15576 00002000 128 128
15580 00000000 128 128
15712 00000010 128 128
15718 00000000 128 128
15750 00000010 128 128
15756 00000000 128 128
15788 00000080 128 128
15794 00000000 128 128
15826 00000040 128 128
15832 00000000 128 128
15864 00002000 128 128
15868 00000000 128 128
15940 00002000 128 128
15944 00000000 128 128
15976 00002000 128 128
15980 00000000 128 128
16012 00002000 128 128
16016 00000000 128 128
16048 00002000 128 128
16052 00000000 128 128
16084 00002000 128 128
16088 00000000 128 128
16120 00002000 128 128
16124 00000000 128 128
16156 00002000 128 128
16160 00000000 128 128
16192 00002000 128 128
16196 00000000 128 128
16228 00002000 128 128
16232 00000000 128 128
16264 00002000 128 128
16268 00000000 128 128
16300 00002000 128 128
16304 00000000 128 128
16336 00002000 128 128
16340 00000000 128 128
17032 00002000 128 128
17036 00000000 128 128
17068 00002000 128 128
17072 00000000 128 128
17104 00002000 128 128
17108 00000000 128 128
17140 00002000 128 128
17144 00000000 128 128
17176 00002000 128 128
17180 00000000 128 128
17212 00002000 128 128
17216 00000000 128 128
17248 00002000 128 128
17252 00000000 128 128
17284 00002000 128 128
17288 00000000 128 128
17320 00002000 128 128
17324 00000000 128 128
17356 00002000 128 128
17360 00000000 128 128
17392 00002000 128 128
17396 00000000 128 128
17428 00002000 128 128
17432 00000000 128 128
17464 00002000 128 128
17468 00000000 128 128
17500 00002000 128 128
17504 00000000 128 128
17536 00002000 128 128
17540 00000000 128 128
17572 00002000 128 128
17576 00000000 128 128
17608 00002000 128 128
17612 00000000 128 128
17644 00002000 128 128
17648 00000000 128 128
17680 00002000 128 128
17684 00000000 128 128
17716 00002000 128 128
17720 00000000 128 128
17752 00002000 128 128
17756 00000000 128 128
17788 00002000 128 128
17792 00000000 128 128
17824 00002000 128 128
17828 00000000 128 128
17860 00002000 128 128
17864 00000000 128 128
17896 00002000 128 128
17900 00000000 128 128
17932 00002000 128 128
17936 00000000 128 128
17968 00002000 128 128
17972 00000000 128 128
18004 00002000 128 128
18008 00000000 128 128
18040 00002000 128 128
18044 00000000 128 128
18076 00002000 128 128
18080 00000000 128 128
19612 00000000 128 128
