0 00000000 128 128
150 00000008 128 128
154 00000000 128 128
300 00000008 128 128
304 00000000 128 128
450 00000008 128 128
454 00000000 128 128
900 00000040 128 128
904 00000000 128 128
940 00000040 128 128
944 00000000 128 128
980 00000040 128 128
984 00000000 128 128
1020 00002000 128 128
1024 00000000 128 128
1080 00002000 128 128
1084 00000000 128 128
1114 00002000 128 128
1118 00000000 128 128
1148 00002000 128 128
1152 00000000 128 128
1182 00002000 128 128
1186 00000000 128 128
1216 00002000 128 128
1220 00000000 128 128
1250 00002000 128 128
1254 00000000 128 128
1284 00002000 128 128
1288 00000000 128 128
1318 00002000 128 128
1322 00000000 128 128
1352 00002000 128 128
1356 00000000 128 128
1386 00002000 128 128
1390 00000000 128 128
1420 00002000 128 128
1424 00000000 128 128
1454 00002000 128 128
1458 00000000 128 128
1488 00002000 128 128
1492 00000000 128 128
1522 00002000 128 128
1526 00000000 128 128
1556 00002000 128 128
1560 00000000 128 128
1590 00002000 128 128
1594 00000000 128 128
1624 00002000 128 128
1628 00000000 128 128
1658 00002000 128 128
1662 00000000 128 128
1692 00002000 128 128
1696 00000000 128 128
1726 00002000 128 128
1730 00000000 128 128
1760 00002000 128 128
1764 00000000 128 128
1794 00002000 128 128
1798 00000000 128 128
1828 00002000 128 128
1832 00000000 128 128
1862 00002000 128 128
1866 00000000 128 128
1896 00002000 128 128
1900 00000000 128 128
1930 00002000 128 128
1934 00000000 128 128
1964 00002000 128 128
1968 00000000 128 128
1998 00002000 128 128
2002 00000000 128 128
2032 00002000 128 128
2036 00000000 128 128
2066 00002000 128 128
2070 00000000 128 128
2100 00002000 128 128
2104 00000000 128 128
2134 00002000 128 128
2138 00000000 128 128
2168 00002000 128 128
2172 00000000 128 128
2202 00002000 128 128
2206 00000000 128 128
2236 00002000 128 128
2240 00000000 128 128
2270 00002000 128 128
2274 00000000 128 128
2304 00002000 128 128
2308 00000000 128 128
2338 00002000 128 128
2342 00000000 128 128
2372 00002000 128 128
2376 00000000 128 128
2406 00002000 128 128
2410 00000000 128 128
2440 00002000 128 128
2444 00000000 128 128
2474 00002000 128 128
2478 00000000 128 128
2508 00002000 128 128
2512 00000000 128 128
2542 00002000 128 128
2546 00000000 128 128
2576 00002000 128 128
2580 00000000 128 128
2610 00002000 128 128
2614 00000000 128 128
2644 00002000 128 128
2648 00000000 128 128
2678 00002000 128 128
2682 00000000 128 128
2712 00002000 128 128
2716 00000000 128 128
2746 00002000 128 128
2750 00000000 128 128
2780 00002000 128 128
2784 00000000 128 128
2814 00002000 128 128
2818 00000000 128 128
2848 00002000 128 128
2852 00000000 128 128
2882 00002000 128 128
2886 00000000 128 128
2916 00002000 128 128
2920 00000000 128 128
2950 00002000 128 128
2954 00000000 128 128
2984 00002000 128 128
2988 00000000 128 128
3018 00002000 128 128
3022 00000000 128 128
3052 00002000 128 128
3056 00000000 128 128
3086 00002000 128 128
3090 00000000 128 128
3120 00002000 128 128
3124 00000000 128 128
3154 00002000 128 128
3158 00000000 128 128
3188 00002000 128 128
3192 00000000 128 128
3222 00002000 128 128
3226 00000000 128 128
3256 00002000 128 128
3260 00000000 128 128
3290 00002000 128 128
3294 00000000 128 128
3324 00002000 128 128
3328 00000000 128 128
3358 00002000 128 128
3362 00000000 128 128
3392 00002000 128 128
3396 00000000 128 128
3426 00002000 128 128
3430 00000000 128 128
3460 00002000 128 128
3464 00000000 128 128
3494 00002000 128 128
3498 00000000 128 128
3528 00002000 128 128
3532 00000000 128 128
3562 00002000 128 128
3566 00000000 128 128
3596 00002000 128 128
3600 00000000 128 128
3630 00002000 128 128
3634 00000000 128 128
3664 00002000 128 128
3668 00000000 128 128
3698 00002000 128 128
3702 00000000 128 128
3732 00002000 128 128
3736 00000000 128 128
3766 00002000 128 128
3770 00000000 128 128
3800 00002000 128 128
3804 00000000 128 128
3834 00002000 128 128
3838 00000000 128 128
3868 00002000 128 128
3872 00000000 128 128
3902 00002000 128 128
3906 00000000 128 128
3936 00002000 128 128
3940 00000000 128 128
3970 00002000 128 128
3974 00000000 128 128
4004 00002000 128 128
4008 00000000 128 128
4038 00002000 128 128
4042 00000000 128 128
4072 00002000 128 128
4076 00000000 128 128
4106 00002000 128 128
4110 00000000 128 128
4140 00002000 128 128
4144 00000000 128 128
4174 00002000 128 128
4178 00000000 128 128
4208 00002000 128 128
4212 00000000 128 128
4242 00002000 128 128
4246 00000000 128 128
4276 00002000 128 128
4280 00000000 128 128
4310 00002000 128 128
4314 00000000 128 128
4344 00002000 128 128
4348 00000000 128 128
4378 00002000 128 128
4382 00000000 128 128
4412 00002000 128 128
4416 00000000 128 128
4446 00002000 128 128
4450 00000000 128 128
4480 00002000 128 128
4484 00000000 128 128
4514 00002000 128 128
4518 00000000 128 128
4548 00002000 128 128
4552 00000000 128 128
4582 00002000 128 128
4586 00000000 128 128
4616 00002000 128 128
4620 00000000 128 128
4650 00002000 128 128
4654 00000000 128 128
4684 00002000 128 128
4688 00000000 128 128
4718 00002000 128 128
4722 00000000 128 128
4752 00002000 128 128
4756 00000000 128 128
4786 00002000 128 128
4790 00000000 128 128
4820 00002000 128 128
4824 00000000 128 128
4854 00002000 128 128
4858 00000000 128 128
4888 00002000 128 128
4892 00000000 128 128
4922 00002000 128 128
4926 00000000 128 128
4956 00002000 128 128
4960 00000000 128 128
4990 00002000 128 128
4994 00000000 128 128
5024 00002000 128 128
5028 00000000 128 128
5058 00002000 128 128
5062 00000000 128 128
5092 00002000 128 128
5096 00000000 128 128
5126 00002000 128 128
5130 00000000 128 128
5160 00002000 128 128
5164 00000000 128 128
5194 00002000 128 128
5198 00000000 128 128
5228 00002000 128 128
5232 00000000 128 128
5262 00002000 128 128
5266 00000000 128 128
5296 00002000 128 128
5300 00000000 128 128
5330 00002000 128 128
5334 00000000 128 128
5364 00002000 128 128
5368 00000000 128 128
5398 00002000 128 128
5402 00000000 128 128
5432 00002000 128 128
5436 00000000 128 128
5466 00002000 128 128
5470 00000000 128 128
5500 00002000 128 128
5504 00000000 128 128
5534 00002000 128 128
5538 00000000 128 128
5568 00002000 128 128
5572 00000000 128 128
5602 00002000 128 128
5606 00000000 128 128
5636 00002000 128 128
5640 00000000 128 128
5670 00002000 128 128
5674 00000000 128 128
5704 00002000 128 128
5708 00000000 128 128
5738 00002000 128 128
5742 00000000 128 128
5772 00002000 128 128
5776 00000000 128 128
5806 00002000 128 128
5810 00000000 128 128
5840 00002000 128 128
5844 00000000 128 128
5874 00002000 128 128
5878 00000000 128 128
5908 00002000 128 128
5912 00000000 128 128
5942 00002000 128 128
5946 00000000 128 128
5976 00002000 128 128
5980 00000000 128 128
6010 00002000 128 128
6014 00000000 128 128
6044 00002000 128 128
6048 00000000 128 128
6078 00002000 128 128
6082 00000000 128 128
6112 00002000 128 128
6116 00000000 128 128
6146 00002000 128 128
6150 00000000 128 128
6180 00002000 128 128
6184 00000000 128 128
6214 00002000 128 128
6218 00000000 128 128
6248 00002000 128 128
6252 00000000 128 128
6282 00002000 128 128
6286 00000000 128 128
6316 00002000 128 128
6320 00000000 128 128
6350 00002000 128 128
6354 00000000 128 128
6384 00002000 128 128
6388 00000000 128 128
6418 00002000 128 128
6422 00000000 128 128
6452 00002000 128 128
6456 00000000 128 128
6486 00002000 128 128
6490 00000000 128 128
6520 00002000 128 128
6524 00000000 128 128
6554 00002000 128 128
6558 00000000 128 128
6588 00002000 128 128
6592 00000000 128 128
6622 00002000 128 128
6626 00000000 128 128
6656 00002000 128 128
6660 00000000 128 128
6690 00002000 128 128
6694 00000000 128 128
6724 00002000 128 128
6728 00000000 128 128
6758 00002000 128 128
6762 00000000 128 128
6792 00002000 128 128
6796 00000000 128 128
6826 00002000 128 128
6830 00000000 128 128
6860 00002000 128 128
6864 00000000 128 128
6894 00002000 128 128
6898 00000000 128 128
6928 00002000 128 128
6932 00000000 128 128
6962 00002000 128 128
6966 00000000 128 128
6996 00002000 128 128
7000 00000000 128 128
7030 00002000 128 128
7034 00000000 128 128
7064 00002000 128 128
7068 00000000 128 128
7098 00002000 128 128
7102 00000000 128 128
7132 00002000 128 128
7136 00000000 128 128
7166 00002000 128 128
7170 00000000 128 128
7200 00002000 128 128
7204 00000000 128 128
7234 00002000 128 128
7238 00000000 128 128
7268 00002000 128 128
7272 00000000 128 128
7302 00002000 128 128
7306 00000000 128 128
7336 00002000 128 128
7340 00000000 128 128
7370 00002000 128 128
7374 00000000 128 128
7404 00002000 128 128
7408 00000000 128 128
7438 00002000 128 128
7442 00000000 128 128
7472 00002000 128 128
7476 00000000 128 128
7506 00002000 128 128
7510 00000000 128 128
7540 00002000 128 128
7544 00000000 128 128
7574 00002000 128 128
7578 00000000 128 128
7608 00002000 128 128
7612 00000000 128 128
7642 00002000 128 128
7646 00000000 128 128
7676 00002000 128 128
7680 00000000 128 128
7710 00002000 128 128
7714 00000000 128 128
7744 00002000 128 128
7748 00000000 128 128
7778 00002000 128 128
7782 00000000 128 128
7812 00002000 128 128
7816 00000000 128 128
7846 00002000 128 128
7850 00000000 128 128
7880 00002000 128 128
7884 00000000 128 128
7914 00002000 128 128
7918 00000000 128 128
7948 00002000 128 128
7952 00000000 128 128
7982 00002000 128 128
7986 00000000 128 128
8016 00002000 128 128
8020 00000000 128 128
8050 00002000 128 128
8054 00000000 128 128
8084 00002000 128 128
8088 00000000 128 128
8118 00002000 128 128
8122 00000000 128 128
8152 00002000 128 128
8156 00000000 128 128
8186 00002000 128 128
8190 00000000 128 128
8220 00002000 128 128
8224 00000000 128 128
8254 00002000 128 128
8258 00000000 128 128
8288 00002000 128 128
8292 00000000 128 128
8322 00002000 128 128
8326 00000000 128 128
8356 00002000 128 128
8360 00000000 128 128
8390 00002000 128 128
8394 00000000 128 128
8424 00002000 128 128
8428 00000000 128 128
8458 00002000 128 128
8462 00000000 128 128
8492 00002000 128 128
8496 00000000 128 128
8526 00002000 128 128
8530 00000000 128 128
8560 00002000 128 128
8564 00000000 128 128
8594 00002000 128 128
8598 00000000 128 128
8628 00002000 128 128
8632 00000000 128 128
8662 00002000 128 128
8666 00000000 128 128
8696 00002000 128 128
8700 00000000 128 128
8730 00002000 128 128
8734 00000000 128 128
8764 00002000 128 128
8768 00000000 128 128
8798 00002000 128 128
8802 00000000 128 128
8832 00002000 128 128
8836 00000000 128 128
8866 00002000 128 128
8870 00000000 128 128
8900 00002000 128 128
8904 00000000 128 128
8934 00002000 128 128
8938 00000000 128 128
8968 00002000 128 128
8972 00000000 128 128
9002 00002000 128 128
9006 00000000 128 128
9036 00002000 128 128
9040 00000000 128 128
9070 00002000 128 128
9074 00000000 128 128
9104 00002000 128 128
9108 00000000 128 128
9138 00002000 128 128
9142 00000000 128 128
9172 00002000 128 128
9176 00000000 128 128
9206 00002000 128 128
9210 00000000 128 128
9240 00004000 128 128
9244 00000000 128 128
9274 00004000 128 128
9278 00000000 128 128
9308 00004000 128 128
9312 00000000 128 128
9342 00004000 128 128
9346 00000000 128 128
9376 00004000 128 128
9380 00000000 128 128
9410 00004000 128 128
9414 00000000 128 128
9444 00004000 128 128
9448 00000000 128 128
9478 00004000 128 128
9482 00000000 128 128
9512 00004000 128 128
9516 00000000 128 128
9546 00004000 128 128
9550 00000000 128 128
9580 00004000 128 128
9584 00000000 128 128
9614 00004000 128 128
9618 00000000 128 128
9648 00004000 128 128
9652 00000000 128 128
9682 00004000 128 128
9686 00000000 128 128
9716 00004000 128 128
9720 00000000 128 128
9750 00004000 128 128
9754 00000000 128 128
9784 00004000 128 128
9788 00000000 128 128
9818 00004000 128 128
9822 00000000 128 128
9852 00004000 128 128
9856 00000000 128 128
9886 00004000 128 128
9890 00000000 128 128
9920 00004000 128 128
9924 00000000 128 128
9954 00004000 128 128
9958 00000000 128 128
9988 00004000 128 128
9992 00000000 128 128
10022 00004000 128 128
10026 00000000 128 128
10056 00004000 128 128
10060 00000000 128 128
10090 00004000 128 128
10094 00000000 128 128
10124 00004000 128 128
10128 00000000 128 128
10158 00004000 128 128
10162 00000000 128 128
10192 00004000 128 128
10196 00000000 128 128
10226 00004000 128 128
10230 00000000 128 128
10260 00004000 128 128
10264 00000000 128 128
10294 00004000 128 128
10298 00000000 128 128
10328 00004000 128 128
10332 00000000 128 128
10362 00004000 128 128
10366 00000000 128 128
10396 00004000 128 128
10400 00000000 128 128
10430 00004000 128 128
10434 00000000 128 128
10464 00004000 128 128
10468 00000000 128 128
10498 00004000 128 128
10502 00000000 128 128
10532 00004000 128 128
10536 00000000 128 128
10566 00004000 128 128
10570 00000000 128 128
10600 00004000 128 128
10604 00000000 128 128
10634 00004000 128 128
10638 00000000 128 128
10668 00004000 128 128
10672 00000000 128 128
10702 00004000 128 128
10706 00000000 128 128
10736 00004000 128 128
10740 00000000 128 128
10770 00004000 128 128
10774 00000000 128 128
10804 00004000 128 128
10808 00000000 128 128
10838 00004000 128 128
10842 00000000 128 128
10872 00004000 128 128
10876 00000000 128 128
10906 00004000 128 128
10910 00000000 128 128
10940 00004000 128 128
10944 00000000 128 128
10974 00004000 128 128
10978 00000000 128 128
11008 00004000 128 128
11012 00000000 128 128
11042 00004000 128 128
11046 00000000 128 128
11076 00004000 128 128
11080 00000000 128 128
11110 00004000 128 128
11114 00000000 128 128
11144 00004000 128 128
11148 00000000 128 128
11178 00004000 128 128
11182 00000000 128 128
11212 00004000 128 128
11216 00000000 128 128
11246 00004000 128 128
11250 00000000 128 128
11280 00000000 128 128
