0 00000000 128 128
150 00000008 128 128
152 00000000 128 128
300 00000008 128 128
302 00000000 128 128
450 00002000 128 128
452 00000000 128 128
900 00004000 128 128
904 00000000 128 128
936 00004000 128 128
940 00000000 128 128
972 00004000 128 128
976 00000000 128 128
1008 00004000 128 128
1012 00000000 128 128
1144 00000020 128 128
1168 00000000 128 128
1210 00000010 128 128
1218 00000000 128 128
1280 00002000 128 128
1284 00000000 128 128
1596 00002000 128 128
1600 00000000 128 128
1912 00002000 128 128
1916 00000000 128 128
2228 00002000 128 128
2232 00000000 128 128
2444 00002000 128 128
2448 00000000 128 128
3360 00000020 128 128
3366 00000000 128 128
3568 00002000 128 128
3572 00000000 128 128
3984 00002000 128 128
3988 00000000 128 128
4500 00002000 128 128
4504 00000000 128 128
5416 00004000 128 128
5420 00000000 128 128
5932 00000040 128 128
5938 00000000 128 128
6000 00002000 128 128
6004 00000000 128 128
6916 00000020 128 128
6922 00000000 128 128
6984 00002000 128 128
6988 00000000 128 128
7900 00000000 128 128
