0 00000000 128 128
150 00000008 128 128
152 00000000 128 128
300 00000008 128 128
302 00000000 128 128
450 00002000 128 128
452 00000000 128 128
760 00000020 128 128
800 00000000 128 128
822 00000080 128 128
862 00000000 128 128
884 00000020 128 128
924 00000000 128 128
946 00000080 128 128
986 00000000 128 128
1008 00000020 128 128
1048 00000000 128 128
1070 00000080 128 128
1110 00000000 128 128
1132 00000020 128 128
1172 00000000 128 128
1194 00000080 128 128
1234 00000000 128 128
1256 00000020 128 128
1296 00000000 128 128
1318 00000080 128 128
1358 00000000 128 128
1380 00000020 128 128
1420 00000000 128 128
1442 00000080 128 128
1482 00000000 128 128
2404 00004000 128 128
2408 00000000 128 128
2440 00004000 128 128
2444 00000000 128 128
2476 00004000 128 128
2480 00000000 128 128
2512 00004000 128 128
2516 00000000 128 128
2548 00004000 128 128
2552 00000000 128 128
2584 00004000 128 128
2588 00000000 128 128
2620 00004000 128 128
2624 00000000 128 128
2656 00004000 128 128
2660 00000000 128 128
2692 00004000 128 128
2696 00000000 128 128
2728 00004000 128 128
2732 00000000 128 128
2764 00004000 128 128
2768 00000000 128 128
2800 00004000 128 128
2804 00000000 128 128
3136 00004000 128 128
3140 00000000 128 128
3172 00004000 128 128
3176 00000000 128 128
3208 00004000 128 128
3212 00000000 128 128
3244 00004000 128 128
3248 00000000 128 128
3320 00004000 128 128
3324 00000000 128 128
3356 00004000 128 128
3360 00000000 128 128
3392 00004000 128 128
3396 00000000 128 128
3428 00004000 128 128
3432 00000000 128 128
3504 00000010 128 128
3510 00000000 128 128
3532 00000010 128 128
3538 00000000 128 128
3560 00002000 128 128
3564 00000000 128 128
3696 00000010 128 128
3702 00000000 128 128
3734 00000010 128 128
3740 00000000 128 128
3772 00000080 128 128
3778 00000000 128 128
3810 00000040 128 128
3816 00000000 128 128
3848 00002000 128 128
3852 00000000 128 128
5424 00000000 128 128
