0 00000000 128 128
150 00000008 128 128
152 00000000 128 128
300 00000008 128 128
302 00000000 128 128
450 00002000 128 128
452 00000000 128 128
2200 00004000 128 128
2204 00000000 128 128
2236 00004000 128 128
2240 00000000 128 128
2272 00004000 128 128
2276 00000000 128 128
2308 00004000 128 128
2312 00000000 128 128
2344 00004000 128 128
2348 00000000 128 128
2380 00004000 128 128
2384 00000000 128 128
2616 00000080 128 128
2624 00000000 128 128
2746 00000080 128 128
2754 00000000 128 128
2876 00000020 128 128
2884 00000000 128 128
3006 00000020 128 128
3014 00000000 128 128
3136 00000020 128 128
3144 00000000 128 128
3266 00000080 128 128
3274 00000000 128 128
3396 00000040 128 128
3404 00000000 128 128
3526 00000040 128 128
3534 00000000 128 128
3656 00000010 128 128
3664 00000000 128 128
3786 00000010 128 128
3794 00000000 128 128
4196 00000000 128 128
