0 00000000 128 128
150 00000008 128 128
152 00000000 128 128
300 00000008 128 128
302 00000000 128 128
450 00002000 128 128
452 00000000 128 128
1000 00000020 128 128
1040 00000000 128 128
1100 00000080 128 128
1110 00000000 128 128
1150 00000080 128 128
1160 00000000 128 128
1200 00000010 128 128
1260 00000000 128 128
1660 00000010 128 128
1800 00000000 128 128
1830 00000080 128 128
1920 00000000 128 128
1950 00000010 128 128
2010 00000000 128 128
2040 00002000 128 128
2044 00000000 128 128
2114 00002000 128 128
2118 00000000 128 128
2188 00002000 128 128
2192 00000000 128 128
2262 00002000 128 128
2266 00000000 128 128
2336 00002000 128 128
2340 00000000 128 128
2410 00002000 128 128
2414 00000000 128 128
2484 00002000 128 128
2488 00000000 128 128
2558 00002000 128 128
2562 00000000 128 128
2632 00002000 128 128
2636 00000000 128 128
2706 00002000 128 128
2710 00000000 128 128
2780 00002000 128 128
2784 00000000 128 128
2854 00002000 128 128
2858 00000000 128 128
2928 00000000 128 128
