0 00000000 128 128
150 00000008 128 128
152 00000000 128 128
300 00000008 128 128
302 00000000 128 128
450 00002000 128 128
452 00000000 128 128
700 00000020 128 128
1600 00000000 128 128
1602 00000040 128 128
1650 00000000 128 128
1652 00000020 128 128
2552 00000000 128 128
2554 00000040 128 128
3454 00000000 128 128
3456 00000020 128 128
4356 00000000 128 128
4358 00000040 128 128
5258 00000000 128 128
5260 00000020 128 128
6160 00000000 128 128
6162 00000010 128 128
7062 00000000 128 128
7064 00000020 128 128
7964 00000000 128 128
7966 00000010 128 128
8866 00000000 128 128
8868 00000020 128 128
9768 00000000 128 128
9770 00000080 128 128
9834 00000000 128 128
9836 00000010 128 128
9860 00000000 128 128
9922 00002000 128 128
9926 00000000 128 128
9958 00002000 128 128
9962 00000000 128 128
9994 00002000 128 128
9998 00000000 128 128
10030 00002000 128 128
10034 00000000 128 128
10066 00002000 128 128
10070 00000000 128 128
10102 00002000 128 128
10106 00000000 128 128
10138 00002000 128 128
10142 00000000 128 128
10174 00002000 128 128
10178 00000000 128 128
10210 00002000 128 128
10214 00000000 128 128
10246 00002000 128 128
10250 00000000 128 128
10282 00002000 128 128
10286 00000000 128 128
10318 00002000 128 128
10322 00000000 128 128
10354 00002000 128 128
10358 00000000 128 128
10390 00002000 128 128
10394 00000000 128 128
10426 00002000 128 128
10430 00000000 128 128
10462 00002000 128 128
10466 00000000 128 128
10498 00002000 128 128
10502 00000000 128 128
10534 00002000 128 128
10538 00000000 128 128
10570 00002000 128 128
10574 00000000 128 128
10606 00002000 128 128
10610 00000000 128 128
10642 00002000 128 128
10646 00000000 128 128
10678 00002000 128 128
10682 00000000 128 128
10714 00002000 128 128
10718 00000000 128 128
10750 00002000 128 128
10754 00000000 128 128
10786 00002000 128 128
10790 00000000 128 128
10822 00002000 128 128
10826 00000000 128 128
10858 00002000 128 128
10862 00000000 128 128
10894 00002000 128 128
10898 00000000 128 128
10930 00002000 128 128
10934 00000000 128 128
10966 00002000 128 128
10970 00000000 128 128
11002 00002000 128 128
11006 00000000 128 128
11038 00002000 128 128
11042 00000000 128 128
11074 00002000 128 128
11078 00000000 128 128
11110 00002000 128 128
11114 00000000 128 128
11146 00002000 128 128
11150 00000000 128 128
11182 00002000 128 128
11186 00000000 128 128
11218 00002000 128 128
11222 00000000 128 128
11254 00002000 128 128
11258 00000000 128 128
11290 00002000 128 128
11294 00000000 128 128
11326 00002000 128 128
11330 00000000 128 128
11362 00002000 128 128
11366 00000000 128 128
11398 00002000 128 128
11402 00000000 128 128
11434 00002000 128 128
11438 00000000 128 128
11470 00002000 128 128
11474 00000000 128 128
11506 00002000 128 128
11510 00000000 128 128
11542 00002000 128 128
11546 00000000 128 128
11578 00002000 128 128
11582 00000000 128 128
11614 00002000 128 128
11618 00000000 128 128
11650 00002000 128 128
11654 00000000 128 128
11686 00002000 128 128
11690 00000000 128 128
11722 00002000 128 128
11726 00000000 128 128
11758 00002000 128 128
11762 00000000 128 128
11794 00002000 128 128
11798 00000000 128 128
11830 00002000 128 128
11834 00000000 128 128
11866 00002000 128 128
11870 00000000 128 128
11902 00002000 128 128
11906 00000000 128 128
11938 00002000 128 128
11942 00000000 128 128
11974 00002000 128 128
11978 00000000 128 128
12010 00002000 128 128
12014 00000000 128 128
12046 00002000 128 128
12050 00000000 128 128
12082 00002000 128 128
12086 00000000 128 128
12118 00002000 128 128
12122 00000000 128 128
12154 00002000 128 128
12158 00000000 128 128
12190 00002000 128 128
12194 00000000 128 128
12226 00002000 128 128
12230 00000000 128 128
12262 00002000 128 128
12266 00000000 128 128
12298 00002000 128 128
12302 00000000 128 128
12334 00002000 128 128
12338 00000000 128 128
12370 00002000 128 128
12374 00000000 128 128
12406 00002000 128 128
12410 00000000 128 128
12442 00002000 128 128
12446 00000000 128 128
12478 00002000 128 128
12482 00000000 128 128
12514 00002000 128 128
12518 00000000 128 128
12550 00002000 128 128
12554 00000000 128 128
12586 00002000 128 128
12590 00000000 128 128
12622 00002000 128 128
12626 00000000 128 128
12658 00002000 128 128
12662 00000000 128 128
12694 00002000 128 128
12698 00000000 128 128
12730 00002000 128 128
12734 00000000 128 128
12766 00002000 128 128
12770 00000000 128 128
12802 00002000 128 128
12806 00000000 128 128
12838 00002000 128 128
12842 00000000 128 128
12874 00002000 128 128
12878 00000000 128 128
12910 00002000 128 128
12914 00000000 128 128
12946 00002000 128 128
12950 00000000 128 128
12982 00002000 128 128
12986 00000000 128 128
13018 00002000 128 128
13022 00000000 128 128
13054 00002000 128 128
13058 00000000 128 128
13090 00002000 128 128
13094 00000000 128 128
13126 00002000 128 128
13130 00000000 128 128
13162 00002000 128 128
13166 00000000 128 128
13198 00002000 128 128
13202 00000000 128 128
13234 00002000 128 128
13238 00000000 128 128
13270 00002000 128 128
13274 00000000 128 128
13306 00002000 128 128
13310 00000000 128 128
13342 00002000 128 128
13346 00000000 128 128
13378 00002000 128 128
13382 00000000 128 128
13414 00002000 128 128
13418 00000000 128 128
13450 00002000 128 128
13454 00000000 128 128
13486 00002000 128 128
13490 00000000 128 128
13522 00002000 128 128
13526 00000000 128 128
13558 00002000 128 128
13562 00000000 128 128
13594 00002000 128 128
13598 00000000 128 128
13630 00002000 128 128
13634 00000000 128 128
13666 00002000 128 128
13670 00000000 128 128
13702 00002000 128 128
13706 00000000 128 128
13738 00002000 128 128
13742 00000000 128 128
13774 00002000 128 128
13778 00000000 128 128
13810 00002000 128 128
13814 00000000 128 128
13846 00002000 128 128
13850 00000000 128 128
13882 00002000 128 128
13886 00000000 128 128
13918 00002000 128 128
13922 00000000 128 128
13954 00002000 128 128
13958 00000000 128 128
13990 00002000 128 128
13994 00000000 128 128
14026 00002000 128 128
14030 00000000 128 128
14062 00002000 128 128
14066 00000000 128 128
14098 00002000 128 128
14102 00000000 128 128
14134 00002000 128 128
14138 00000000 128 128
14170 00002000 128 128
14174 00000000 128 128
14206 00002000 128 128
14210 00000000 128 128
14242 00002000 128 128
14246 00000000 128 128
14278 00002000 128 128
14282 00000000 128 128
14314 00002000 128 128
14318 00000000 128 128
14350 00002000 128 128
14354 00000000 128 128
14386 00002000 128 128
14390 00000000 128 128
14422 00002000 128 128
14426 00000000 128 128
14458 00002000 128 128
14462 00000000 128 128
14494 00002000 128 128
14498 00000000 128 128
14530 00002000 128 128
14534 00000000 128 128
14566 00002000 128 128
14570 00000000 128 128
14602 00002000 128 128
14606 00000000 128 128
14638 00002000 128 128
14642 00000000 128 128
14674 00002000 128 128
14678 00000000 128 128
14710 00002000 128 128
14714 00000000 128 128
14746 00002000 128 128
14750 00000000 128 128
14782 00002000 128 128
14786 00000000 128 128
14818 00002000 128 128
14822 00000000 128 128
14854 00002000 128 128
14858 00000000 128 128
14890 00002000 128 128
14894 00000000 128 128
14926 00002000 128 128
14930 00000000 128 128
14962 00002000 128 128
14966 00000000 128 128
14998 00002000 128 128
15002 00000000 128 128
15034 00002000 128 128
15038 00000000 128 128
15070 00002000 128 128
15074 00000000 128 128
15106 00002000 128 128
15110 00000000 128 128
15142 00002000 128 128
15146 00000000 128 128
15178 00002000 128 128
15182 00000000 128 128
15214 00002000 128 128
15218 00000000 128 128
15250 00002000 128 128
15254 00000000 128 128
15286 00002000 128 128
15290 00000000 128 128
15442 00004000 128 128
15446 00000000 128 128
15478 00004000 128 128
15482 00000000 128 128
15514 00004000 128 128
15518 00000000 128 128
15550 00004000 128 128
15554 00000000 128 128
15586 00004000 128 128
15590 00000000 128 128
15622 00004000 128 128
15626 00000000 128 128
15658 00004000 128 128
15662 00000000 128 128
15694 00004000 128 128
15698 00000000 128 128
15730 00004000 128 128
15734 00000000 128 128
15766 00004000 128 128
15770 00000000 128 128
15802 00004000 128 128
15806 00000000 128 128
15838 00004000 128 128
15842 00000000 128 128
15874 00004000 128 128
15878 00000000 128 128
15910 00004000 128 128
15914 00000000 128 128
15946 00004000 128 128
15950 00000000 128 128
15982 00004000 128 128
15986 00000000 128 128
16018 00004000 128 128
16022 00000000 128 128
16054 00004000 128 128
16058 00000000 128 128
16090 00004000 128 128
16094 00000000 128 128
16126 00004000 128 128
16130 00000000 128 128
16222 00001000 128 128
16226 00000000 128 128
16328 00000010 128 128
16334 00000000 128 128
16356 00000010 128 128
16362 00000000 128 128
16384 00000010 128 128
16390 00000000 128 128
16412 00000020 128 128
16418 00000000 128 128
16450 00002000 128 128
16454 00000000 128 128
16866 00002000 128 128
16870 00000000 128 128
17082 00002000 128 128
17086 00000000 128 128
17298 00002000 128 128
17302 00000000 128 128
17514 00002000 128 128
17518 00000000 128 128
17730 00002000 128 128
17734 00000000 128 128
18006 00000000 128 128
