0 00000000 128 128
150 00000008 128 128
152 00000000 128 128
300 00000008 128 128
302 00000000 128 128
450 00002000 128 128
452 00000000 128 128
700 00000080 128 128
708 00000000 128 128
710 00000040 128 128
742 00000000 128 128
744 00000080 128 128
864 00000000 128 128
866 00000010 128 128
938 00000000 128 128
970 00004000 128 128
974 00000000 128 128
1006 00004000 128 128
1010 00000000 128 128
1042 00004000 128 128
1046 00000000 128 128
1078 00004000 128 128
1082 00000000 128 128
1114 00004000 128 128
1118 00000000 128 128
1150 00004000 128 128
1154 00000000 128 128
1186 00004000 128 128
1190 00000000 128 128
1222 00004000 128 128
1226 00000000 128 128
1258 00004000 128 128
1262 00000000 128 128
1294 00004000 128 128
1298 00000000 128 128
1360 00000080 128 128
1432 00000000 128 128
1434 00000010 128 128
1482 00000000 128 128
1484 00000010 128 128
1508 00000000 128 128
1630 00000010 128 128
1830 00000000 128 128
1892 00004000 128 128
1896 00000000 128 128
1928 00004000 128 128
1932 00000000 128 128
1964 00004000 128 128
1968 00000000 128 128
2000 00004000 128 128
2004 00000000 128 128
2036 00004000 128 128
2040 00000000 128 128
2072 00004000 128 128
2076 00000000 128 128
2108 00004000 128 128
2112 00000000 128 128
2144 00004000 128 128
2148 00000000 128 128
2180 00004000 128 128
2184 00000000 128 128
2216 00004000 128 128
2220 00000000 128 128
2252 00004000 128 128
2256 00000000 128 128
2288 00004000 128 128
2292 00000000 128 128
2324 00004000 128 128
2328 00000000 128 128
2360 00004000 128 128
2364 00000000 128 128
2396 00004000 128 128
2400 00000000 128 128
2432 00004000 128 128
2436 00000000 128 128
2468 00004000 128 128
2472 00000000 128 128
2504 00004000 128 128
2508 00000000 128 128
2540 00004000 128 128
2544 00000000 128 128
2576 00004000 128 128
2580 00000000 128 128
2672 00000010 128 128
2688 00000000 128 128
3090 00004000 128 128
3094 00000000 128 128
3126 00004000 128 128
3130 00000000 128 128
3162 00004000 128 128
3166 00000000 128 128
3198 00004000 128 128
3202 00000000 128 128
3234 00004000 128 128
3238 00000000 128 128
3270 00004000 128 128
3274 00000000 128 128
3306 00004000 128 128
3310 00000000 128 128
3342 00004000 128 128
3346 00000000 128 128
3378 00004000 128 128
3382 00000000 128 128
3414 00004000 128 128
3418 00000000 128 128
3450 00004000 128 128
3454 00000000 128 128
3486 00004000 128 128
3490 00000000 128 128
3522 00004000 128 128
3526 00000000 128 128
3558 00004000 128 128
3562 00000000 128 128
3594 00004000 128 128
3598 00000000 128 128
3630 00004000 128 128
3634 00000000 128 128
3666 00004000 128 128
3670 00000000 128 128
3702 00004000 128 128
3706 00000000 128 128
3738 00004000 128 128
3742 00000000 128 128
3774 00004000 128 128
3778 00000000 128 128
3810 00004000 128 128
3814 00000000 128 128
3846 00004000 128 128
3850 00000000 128 128
3882 00004000 128 128
3886 00000000 128 128
3918 00004000 128 128
3922 00000000 128 128
3954 00004000 128 128
3958 00000000 128 128
3990 00004000 128 128
3994 00000000 128 128
4026 00004000 128 128
4030 00000000 128 128
4062 00004000 128 128
4066 00000000 128 128
4098 00004000 128 128
4102 00000000 128 128
4134 00004000 128 128
4138 00000000 128 128
4170 00004000 128 128
4174 00000000 128 128
4206 00004000 128 128
4210 00000000 128 128
4242 00004000 128 128
4246 00000000 128 128
4278 00004000 128 128
4282 00000000 128 128
4314 00004000 128 128
4318 00000000 128 128
4350 00004000 128 128
4354 00000000 128 128
4386 00004000 128 128
4390 00000000 128 128
4422 00004000 128 128
4426 00000000 128 128
4458 00004000 128 128
4462 00000000 128 128
4494 00004000 128 128
4498 00000000 128 128
4650 00000000 128 128
