0 00000000 128 128
150 00000008 128 128
152 00000000 128 128
300 00000008 128 128
302 00000000 128 128
450 00002000 128 128
452 00000000 128 128
700 00000010 128 128
708 00000000 128 128
710 00000080 128 128
718 00000000 128 128
720 00000010 128 128
744 00000000 128 128
746 00000010 128 128
754 00000000 128 128
1056 00004000 128 128
1060 00000000 128 128
1092 00004000 128 128
1096 00000000 128 128
1128 00004000 128 128
1132 00000000 128 128
1164 00004000 128 128
1168 00000000 128 128
1200 00004000 128 128
1204 00000000 128 128
1236 00004000 128 128
1240 00000000 128 128
1272 00004000 128 128
1276 00000000 128 128
1308 00004000 128 128
1312 00000000 128 128
1344 00004000 128 128
1348 00000000 128 128
1380 00004000 128 128
1384 00000000 128 128
1416 00004000 128 128
1420 00000000 128 128
1452 00004000 128 128
1456 00000000 128 128
1488 00004000 128 128
1492 00000000 128 128
1524 00004000 128 128
1528 00000000 128 128
1560 00004000 128 128
1564 00000000 128 128
1596 00004000 128 128
1600 00000000 128 128
1632 00004000 128 128
1636 00000000 128 128
1668 00004000 128 128
1672 00000000 128 128
1704 00004000 128 128
1708 00000000 128 128
1740 00004000 128 128
1744 00000000 128 128
1776 00004000 128 128
1780 00000000 128 128
1812 00004000 128 128
1816 00000000 128 128
1848 00004000 128 128
1852 00000000 128 128
1884 00004000 128 128
1888 00000000 128 128
1920 00004000 128 128
1924 00000000 128 128
1956 00004000 128 128
1960 00000000 128 128
1992 00004000 128 128
1996 00000000 128 128
2028 00004000 128 128
2032 00000000 128 128
2064 00004000 128 128
2068 00000000 128 128
2100 00004000 128 128
2104 00000000 128 128
2136 00004000 128 128
2140 00000000 128 128
2172 00004000 128 128
2176 00000000 128 128
2208 00004000 128 128
2212 00000000 128 128
2244 00004000 128 128
2248 00000000 128 128
2280 00004000 128 128
2284 00000000 128 128
2316 00004000 128 128
2320 00000000 128 128
2352 00004000 128 128
2356 00000000 128 128
2388 00004000 128 128
2392 00000000 128 128
2424 00004000 128 128
2428 00000000 128 128
2460 00004000 128 128
2464 00000000 128 128
2496 00004000 128 128
2500 00000000 128 128
2532 00004000 128 128
2536 00000000 128 128
2568 00004000 128 128
2572 00000000 128 128
2604 00004000 128 128
2608 00000000 128 128
2640 00004000 128 128
2644 00000000 128 128
2676 00004000 128 128
2680 00000000 128 128
2712 00004000 128 128
2716 00000000 128 128
2748 00004000 128 128
2752 00000000 128 128
2784 00004000 128 128
2788 00000000 128 128
2820 00004000 128 128
2824 00000000 128 128
2856 00004000 128 128
2860 00000000 128 128
2892 00004000 128 128
2896 00000000 128 128
2928 00004000 128 128
2932 00000000 128 128
2964 00004000 128 128
2968 00000000 128 128
3000 00004000 128 128
3004 00000000 128 128
3036 00004000 128 128
3040 00000000 128 128
3072 00004000 128 128
3076 00000000 128 128
3108 00004000 128 128
3112 00000000 128 128
3144 00004000 128 128
3148 00000000 128 128
3180 00004000 128 128
3184 00000000 128 128
3216 00004000 128 128
3220 00000000 128 128
3252 00004000 128 128
3256 00000000 128 128
3288 00004000 128 128
3292 00000000 128 128
3324 00004000 128 128
3328 00000000 128 128
3360 00004000 128 128
3364 00000000 128 128
3396 00004000 128 128
3400 00000000 128 128
3432 00004000 128 128
3436 00000000 128 128
3468 00004000 128 128
3472 00000000 128 128
3504 00004000 128 128
3508 00000000 128 128
3540 00004000 128 128
3544 00000000 128 128
3576 00004000 128 128
3580 00000000 128 128
3612 00004000 128 128
3616 00000000 128 128
3648 00004000 128 128
3652 00000000 128 128
3684 00004000 128 128
3688 00000000 128 128
3720 00004000 128 128
3724 00000000 128 128
3756 00004000 128 128
3760 00000000 128 128
3792 00004000 128 128
3796 00000000 128 128
3828 00004000 128 128
3832 00000000 128 128
3864 00004000 128 128
3868 00000000 128 128
3900 00004000 128 128
3904 00000000 128 128
3936 00004000 128 128
3940 00000000 128 128
3972 00004000 128 128
3976 00000000 128 128
4008 00004000 128 128
4012 00000000 128 128
4044 00004000 128 128
4048 00000000 128 128
4080 00004000 128 128
4084 00000000 128 128
4116 00004000 128 128
4120 00000000 128 128
4152 00004000 128 128
4156 00000000 128 128
4188 00004000 128 128
4192 00000000 128 128
4224 00004000 128 128
4228 00000000 128 128
4260 00004000 128 128
4264 00000000 128 128
4296 00004000 128 128
4300 00000000 128 128
4332 00004000 128 128
4336 00000000 128 128
4368 00004000 128 128
4372 00000000 128 128
4404 00004000 128 128
4408 00000000 128 128
4440 00004000 128 128
4444 00000000 128 128
4476 00004000 128 128
4480 00000000 128 128
4512 00004000 128 128
4516 00000000 128 128
4548 00004000 128 128
4552 00000000 128 128
4584 00004000 128 128
4588 00000000 128 128
4620 00004000 128 128
4624 00000000 128 128
4776 00000010 128 128
4808 00000000 128 128
4810 00000080 128 128
4818 00000000 128 128
4820 00000010 128 128
4844 00000000 128 128
4906 00002000 128 128
4910 00000000 128 128
5012 00004000 128 128
5016 00000000 128 128
5048 00004000 128 128
5052 00000000 128 128
5084 00004000 128 128
5088 00000000 128 128
5120 00004000 128 128
5124 00000000 128 128
5186 00004000 128 128
5190 00000000 128 128
5222 00004000 128 128
5226 00000000 128 128
5258 00004000 128 128
5262 00000000 128 128
5294 00004000 128 128
5298 00000000 128 128
5360 00002000 128 128
5364 00000000 128 128
5436 00000040 128 128
5442 00000000 128 128
5464 00002000 128 128
5468 00000000 128 128
6080 00004000 128 128
6084 00000000 128 128
6116 00004000 128 128
6120 00000000 128 128
6152 00004000 128 128
6156 00000000 128 128
6188 00004000 128 128
6192 00000000 128 128
6254 00004000 128 128
6258 00000000 128 128
6290 00004000 128 128
6294 00000000 128 128
6326 00004000 128 128
6330 00000000 128 128
6362 00004000 128 128
6366 00000000 128 128
6428 00002000 128 128
6432 00000000 128 128
6504 00000040 128 128
6510 00000000 128 128
6532 00002000 128 128
6536 00000000 128 128
7148 00004000 128 128
7152 00000000 128 128
7184 00004000 128 128
7188 00000000 128 128
7220 00004000 128 128
7224 00000000 128 128
7256 00004000 128 128
7260 00000000 128 128
7322 00004000 128 128
7326 00000000 128 128
7358 00004000 128 128
7362 00000000 128 128
7394 00004000 128 128
7398 00000000 128 128
7430 00004000 128 128
7434 00000000 128 128
7496 00002000 128 128
7500 00000000 128 128
7572 00000040 128 128
7578 00000000 128 128
7600 00002000 128 128
7604 00000000 128 128
8216 00004000 128 128
8220 00000000 128 128
8252 00004000 128 128
8256 00000000 128 128
8288 00004000 128 128
8292 00000000 128 128
8324 00004000 128 128
8328 00000000 128 128
8390 00004000 128 128
8394 00000000 128 128
8426 00004000 128 128
8430 00000000 128 128
8462 00004000 128 128
8466 00000000 128 128
8498 00004000 128 128
8502 00000000 128 128
8564 00002000 128 128
8568 00000000 128 128
8640 00000040 128 128
8646 00000000 128 128
8668 00002000 128 128
8672 00000000 128 128
9284 00004000 128 128
9288 00000000 128 128
9320 00004000 128 128
9324 00000000 128 128
9356 00004000 128 128
9360 00000000 128 128
9392 00004000 128 128
9396 00000000 128 128
9458 00004000 128 128
9462 00000000 128 128
9494 00004000 128 128
9498 00000000 128 128
9530 00004000 128 128
9534 00000000 128 128
9566 00004000 128 128
9570 00000000 128 128
9632 00002000 128 128
9636 00000000 128 128
9708 00000040 128 128
9714 00000000 128 128
9736 00002000 128 128
9740 00000000 128 128
10352 00004000 128 128
10356 00000000 128 128
10388 00004000 128 128
10392 00000000 128 128
10424 00004000 128 128
10428 00000000 128 128
10460 00004000 128 128
10464 00000000 128 128
10526 00004000 128 128
10530 00000000 128 128
10562 00004000 128 128
10566 00000000 128 128
10598 00004000 128 128
10602 00000000 128 128
10634 00004000 128 128
10638 00000000 128 128
10700 00002000 128 128
10704 00000000 128 128
10776 00000040 128 128
10782 00000000 128 128
10804 00002000 128 128
10808 00000000 128 128
11420 00004000 128 128
11424 00000000 128 128
11456 00004000 128 128
11460 00000000 128 128
11492 00004000 128 128
11496 00000000 128 128
11528 00004000 128 128
11532 00000000 128 128
11594 00004000 128 128
11598 00000000 128 128
11630 00004000 128 128
11634 00000000 128 128
11666 00004000 128 128
11670 00000000 128 128
11702 00004000 128 128
11706 00000000 128 128
11768 00002000 128 128
11772 00000000 128 128
11844 00000040 128 128
11850 00000000 128 128
11872 00002000 128 128
11876 00000000 128 128
12488 00004000 128 128
12492 00000000 128 128
12524 00004000 128 128
12528 00000000 128 128
12560 00004000 128 128
12564 00000000 128 128
12596 00004000 128 128
12600 00000000 128 128
12662 00004000 128 128
12666 00000000 128 128
12698 00004000 128 128
12702 00000000 128 128
12734 00004000 128 128
12738 00000000 128 128
12770 00004000 128 128
12774 00000000 128 128
12836 00002000 128 128
12840 00000000 128 128
12912 00000040 128 128
12918 00000000 128 128
12940 00002000 128 128
12944 00000000 128 128
13556 00004000 128 128
13560 00000000 128 128
13592 00004000 128 128
13596 00000000 128 128
13628 00004000 128 128
13632 00000000 128 128
13664 00004000 128 128
13668 00000000 128 128
13730 00004000 128 128
13734 00000000 128 128
13766 00004000 128 128
13770 00000000 128 128
13802 00004000 128 128
13806 00000000 128 128
13838 00004000 128 128
13842 00000000 128 128
13904 00002000 128 128
13908 00000000 128 128
13980 00000040 128 128
13986 00000000 128 128
14008 00002000 128 128
14012 00000000 128 128
14624 00004000 128 128
14628 00000000 128 128
14660 00004000 128 128
14664 00000000 128 128
14696 00004000 128 128
14700 00000000 128 128
14732 00004000 128 128
14736 00000000 128 128
14798 00004000 128 128
14802 00000000 128 128
14834 00004000 128 128
14838 00000000 128 128
14870 00004000 128 128
14874 00000000 128 128
14906 00004000 128 128
14910 00000000 128 128
14972 00002000 128 128
14976 00000000 128 128
15048 00000040 128 128
15054 00000000 128 128
15076 00002000 128 128
15080 00000000 128 128
15692 00004000 128 128
15696 00000000 128 128
15728 00004000 128 128
15732 00000000 128 128
15764 00004000 128 128
15768 00000000 128 128
15800 00004000 128 128
15804 00000000 128 128
15866 00004000 128 128
15870 00000000 128 128
15902 00004000 128 128
15906 00000000 128 128
15938 00004000 128 128
15942 00000000 128 128
15974 00004000 128 128
15978 00000000 128 128
16040 00002000 128 128
16044 00000000 128 128
16116 00000040 128 128
16122 00000000 128 128
16144 00002000 128 128
16148 00000000 128 128
16760 00004000 128 128
16764 00000000 128 128
16796 00004000 128 128
16800 00000000 128 128
16832 00004000 128 128
16836 00000000 128 128
16868 00004000 128 128
16872 00000000 128 128
16934 00004000 128 128
16938 00000000 128 128
16970 00004000 128 128
16974 00000000 128 128
17006 00004000 128 128
17010 00000000 128 128
17042 00004000 128 128
17046 00000000 128 128
17108 00002000 128 128
17112 00000000 128 128
17184 00000040 128 128
17190 00000000 128 128
17212 00002000 128 128
17216 00000000 128 128
17828 00004000 128 128
17832 00000000 128 128
17864 00004000 128 128
17868 00000000 128 128
17900 00004000 128 128
17904 00000000 128 128
17936 00004000 128 128
17940 00000000 128 128
18002 00004000 128 128
18006 00000000 128 128
18038 00004000 128 128
18042 00000000 128 128
18074 00004000 128 128
18078 00000000 128 128
18110 00004000 128 128
18114 00000000 128 128
18176 00002000 128 128
18180 00000000 128 128
18252 00000040 128 128
18258 00000000 128 128
18280 00002000 128 128
18284 00000000 128 128
18896 00004000 128 128
18900 00000000 128 128
18932 00004000 128 128
18936 00000000 128 128
18968 00004000 128 128
18972 00000000 128 128
19004 00004000 128 128
19008 00000000 128 128
19070 00004000 128 128
19074 00000000 128 128
19106 00004000 128 128
19110 00000000 128 128
19142 00004000 128 128
19146 00000000 128 128
19178 00004000 128 128
19182 00000000 128 128
19244 00002000 128 128
19248 00000000 128 128
19320 00000040 128 128
19326 00000000 128 128
19348 00002000 128 128
19352 00000000 128 128
19964 00004000 128 128
19968 00000000 128 128
20000 00004000 128 128
20004 00000000 128 128
20036 00004000 128 128
20040 00000000 128 128
20072 00004000 128 128
20076 00000000 128 128
20138 00004000 128 128
20142 00000000 128 128
20174 00004000 128 128
20178 00000000 128 128
20210 00004000 128 128
20214 00000000 128 128
20246 00004000 128 128
20250 00000000 128 128
20312 00002000 128 128
20316 00000000 128 128
20388 00000040 128 128
20394 00000000 128 128
20416 00002000 128 128
20420 00000000 128 128
21032 00004000 128 128
21036 00000000 128 128
21068 00004000 128 128
21072 00000000 128 128
21104 00004000 128 128
21108 00000000 128 128
21140 00004000 128 128
21144 00000000 128 128
21206 00004000 128 128
21210 00000000 128 128
21242 00004000 128 128
21246 00000000 128 128
21278 00004000 128 128
21282 00000000 128 128
21314 00004000 128 128
21318 00000000 128 128
21380 00002000 128 128
21384 00000000 128 128
21456 00000040 128 128
21462 00000000 128 128
21484 00002000 128 128
21488 00000000 128 128
22100 00004000 128 128
22104 00000000 128 128
22136 00004000 128 128
22140 00000000 128 128
22172 00004000 128 128
22176 00000000 128 128
22208 00004000 128 128
22212 00000000 128 128
22274 00004000 128 128
22278 00000000 128 128
22310 00004000 128 128
22314 00000000 128 128
22346 00004000 128 128
22350 00000000 128 128
22382 00004000 128 128
22386 00000000 128 128
22448 00002000 128 128
22452 00000000 128 128
22524 00000040 128 128
22530 00000000 128 128
22552 00002000 128 128
22556 00000000 128 128
23168 00004000 128 128
23172 00000000 128 128
23204 00004000 128 128
23208 00000000 128 128
23240 00004000 128 128
23244 00000000 128 128
23276 00004000 128 128
23280 00000000 128 128
23342 00004000 128 128
23346 00000000 128 128
23378 00004000 128 128
23382 00000000 128 128
23414 00004000 128 128
23418 00000000 128 128
23450 00004000 128 128
23454 00000000 128 128
23516 00002000 128 128
23520 00000000 128 128
23592 00000040 128 128
23598 00000000 128 128
23620 00002000 128 128
23624 00000000 128 128
24236 00004000 128 128
24240 00000000 128 128
24272 00004000 128 128
24276 00000000 128 128
24308 00004000 128 128
24312 00000000 128 128
24344 00004000 128 128
24348 00000000 128 128
24410 00004000 128 128
24414 00000000 128 128
24446 00004000 128 128
24450 00000000 128 128
24482 00004000 128 128
24486 00000000 128 128
24518 00004000 128 128
24522 00000000 128 128
24584 00002000 128 128
24588 00000000 128 128
24660 00000040 128 128
24666 00000000 128 128
24688 00002000 128 128
24692 00000000 128 128
25304 00004000 128 128
25308 00000000 128 128
25340 00004000 128 128
25344 00000000 128 128
25376 00004000 128 128
25380 00000000 128 128
25412 00004000 128 128
25416 00000000 128 128
25478 00004000 128 128
25482 00000000 128 128
25514 00004000 128 128
25518 00000000 128 128
25550 00004000 128 128
25554 00000000 128 128
25586 00004000 128 128
25590 00000000 128 128
25652 00002000 128 128
25656 00000000 128 128
25728 00000040 128 128
25734 00000000 128 128
25756 00002000 128 128
25760 00000000 128 128
26372 00004000 128 128
26376 00000000 128 128
26408 00004000 128 128
26412 00000000 128 128
26444 00004000 128 128
26448 00000000 128 128
26480 00004000 128 128
26484 00000000 128 128
26546 00004000 128 128
26550 00000000 128 128
26582 00004000 128 128
26586 00000000 128 128
26618 00004000 128 128
26622 00000000 128 128
26654 00004000 128 128
26658 00000000 128 128
26720 00002000 128 128
26724 00000000 128 128
26796 00000040 128 128
26802 00000000 128 128
26824 00002000 128 128
26828 00000000 128 128
27440 00004000 128 128
27444 00000000 128 128
27476 00004000 128 128
27480 00000000 128 128
27512 00004000 128 128
27516 00000000 128 128
27548 00004000 128 128
27552 00000000 128 128
27614 00004000 128 128
27618 00000000 128 128
27650 00004000 128 128
27654 00000000 128 128
27686 00004000 128 128
27690 00000000 128 128
27722 00004000 128 128
27726 00000000 128 128
27788 00002000 128 128
27792 00000000 128 128
27864 00000040 128 128
27870 00000000 128 128
27892 00002000 128 128
27896 00000000 128 128
28628 00004000 128 128
28632 00000000 128 128
28664 00004000 128 128
28668 00000000 128 128
28700 00004000 128 128
28704 00000000 128 128
28736 00004000 128 128
28740 00000000 128 128
28772 00004000 128 128
28776 00000000 128 128
28808 00004000 128 128
28812 00000000 128 128
28844 00004000 128 128
28848 00000000 128 128
28880 00004000 128 128
28884 00000000 128 128
28916 00004000 128 128
28920 00000000 128 128
28952 00004000 128 128
28956 00000000 128 128
28988 00004000 128 128
28992 00000000 128 128
29024 00004000 128 128
29028 00000000 128 128
29060 00004000 128 128
29064 00000000 128 128
29096 00004000 128 128
29100 00000000 128 128
29132 00004000 128 128
29136 00000000 128 128
29168 00004000 128 128
29172 00000000 128 128
29204 00004000 128 128
29208 00000000 128 128
29240 00004000 128 128
29244 00000000 128 128
29276 00004000 128 128
29280 00000000 128 128
29312 00004000 128 128
29316 00000000 128 128
29348 00004000 128 128
29352 00000000 128 128
29384 00004000 128 128
29388 00000000 128 128
29420 00004000 128 128
29424 00000000 128 128
29456 00004000 128 128
29460 00000000 128 128
29492 00004000 128 128
29496 00000000 128 128
29528 00004000 128 128
29532 00000000 128 128
29564 00004000 128 128
29568 00000000 128 128
29600 00004000 128 128
29604 00000000 128 128
29636 00004000 128 128
29640 00000000 128 128
29672 00004000 128 128
29676 00000000 128 128
29708 00004000 128 128
29712 00000000 128 128
29744 00004000 128 128
29748 00000000 128 128
29780 00004000 128 128
29784 00000000 128 128
29816 00004000 128 128
29820 00000000 128 128
29852 00004000 128 128
29856 00000000 128 128
29888 00004000 128 128
29892 00000000 128 128
29924 00004000 128 128
29928 00000000 128 128
29960 00004000 128 128
29964 00000000 128 128
29996 00004000 128 128
30000 00000000 128 128
30032 00004000 128 128
30036 00000000 128 128
30068 00004000 128 128
30072 00000000 128 128
30104 00004000 128 128
30108 00000000 128 128
30140 00004000 128 128
30144 00000000 128 128
30176 00004000 128 128
30180 00000000 128 128
30212 00004000 128 128
30216 00000000 128 128
30248 00004000 128 128
30252 00000000 128 128
30284 00004000 128 128
30288 00000000 128 128
30320 00004000 128 128
30324 00000000 128 128
30356 00004000 128 128
30360 00000000 128 128
30392 00004000 128 128
30396 00000000 128 128
30428 00004000 128 128
30432 00000000 128 128
30464 00004000 128 128
30468 00000000 128 128
30500 00004000 128 128
30504 00000000 128 128
30536 00004000 128 128
30540 00000000 128 128
30572 00004000 128 128
30576 00000000 128 128
30608 00004000 128 128
30612 00000000 128 128
30644 00004000 128 128
30648 00000000 128 128
30680 00004000 128 128
30684 00000000 128 128
30716 00004000 128 128
30720 00000000 128 128
30752 00004000 128 128
30756 00000000 128 128
30848 00001000 128 128
30852 00000000 128 128
30954 00000010 128 128
30960 00000000 128 128
30982 00000010 128 128
30988 00000000 128 128
31010 00000010 128 128
31016 00000000 128 128
31038 00000020 128 128
31044 00000000 128 128
31076 00002000 128 128
31080 00000000 128 128
31492 00002000 128 128
31496 00000000 128 128
31708 00002000 128 128
31712 00000000 128 128
31924 00002000 128 128
31928 00000000 128 128
32140 00002000 128 128
32144 00000000 128 128
32356 00002000 128 128
32360 00000000 128 128
32632 00000000 128 128
