0 00000000 128 128
150 00000008 128 128
152 00000000 128 128
300 00000008 128 128
302 00000000 128 128
450 00002000 128 128
452 00000000 128 128
700 00000080 128 128
740 00000000 128 128
742 00000010 128 128
782 00000000 128 128
784 00000010 128 128
800 00000000 128 128
922 00000020 128 128
1002 00000000 128 128
1004 00000010 128 128
1904 00000000 128 128
1936 00000020 128 128
2836 00000000 128 128
2868 00000040 128 128
3768 00000000 128 128
3800 00000080 128 128
4700 00000000 128 128
4732 00000000 128 128
