0 00000000 128 128
150 00000008 128 128
152 00000000 128 128
300 00000008 128 128
302 00000000 128 128
450 00002000 128 128
452 00000000 128 128
700 00000080 128 128
764 00000000 128 128
1366 00002000 128 128
1370 00000000 128 128
1402 00002000 128 128
1406 00000000 128 128
1438 00002000 128 128
1442 00000000 128 128
1474 00002000 128 128
1478 00000000 128 128
1510 00002000 128 128
1514 00000000 128 128
1546 00002000 128 128
1550 00000000 128 128
1582 00002000 128 128
1586 00000000 128 128
1618 00002000 128 128
1622 00000000 128 128
1654 00002000 128 128
1658 00000000 128 128
1690 00002000 128 128
1694 00000000 128 128
1726 00002000 128 128
1730 00000000 128 128
1762 00002000 128 128
1766 00000000 128 128
1798 00002000 128 128
1802 00000000 128 128
1834 00002000 128 128
1838 00000000 128 128
1870 00002000 128 128
1874 00000000 128 128
1906 00002000 128 128
1910 00000000 128 128
1942 00002000 128 128
1946 00000000 128 128
1978 00002000 128 128
1982 00000000 128 128
2014 00002000 128 128
2018 00000000 128 128
2050 00002000 128 128
2054 00000000 128 128
2086 00002000 128 128
2090 00000000 128 128
2122 00002000 128 128
2126 00000000 128 128
2158 00002000 128 128
2162 00000000 128 128
2194 00002000 128 128
2198 00000000 128 128
2230 00002000 128 128
2234 00000000 128 128
2266 00002000 128 128
2270 00000000 128 128
2302 00002000 128 128
2306 00000000 128 128
2338 00002000 128 128
2342 00000000 128 128
2374 00002000 128 128
2378 00000000 128 128
2410 00002000 128 128
2414 00000000 128 128
2446 00002000 128 128
2450 00000000 128 128
2482 00002000 128 128
2486 00000000 128 128
2518 00002000 128 128
2522 00000000 128 128
2554 00002000 128 128
2558 00000000 128 128
2590 00002000 128 128
2594 00000000 128 128
2626 00002000 128 128
2630 00000000 128 128
2662 00002000 128 128
2666 00000000 128 128
2698 00002000 128 128
2702 00000000 128 128
2734 00002000 128 128
2738 00000000 128 128
2770 00002000 128 128
2774 00000000 128 128
2806 00002000 128 128
2810 00000000 128 128
2842 00002000 128 128
2846 00000000 128 128
2878 00002000 128 128
2882 00000000 128 128
2914 00002000 128 128
2918 00000000 128 128
2950 00002000 128 128
2954 00000000 128 128
2986 00002000 128 128
2990 00000000 128 128
3022 00002000 128 128
3026 00000000 128 128
3058 00002000 128 128
3062 00000000 128 128
3094 00002000 128 128
3098 00000000 128 128
3130 00002000 128 128
3134 00000000 128 128
3166 00002000 128 128
3170 00000000 128 128
3202 00002000 128 128
3206 00000000 128 128
3238 00002000 128 128
3242 00000000 128 128
3274 00002000 128 128
3278 00000000 128 128
3310 00002000 128 128
3314 00000000 128 128
3346 00002000 128 128
3350 00000000 128 128
3382 00002000 128 128
3386 00000000 128 128
3418 00002000 128 128
3422 00000000 128 128
3454 00002000 128 128
3458 00000000 128 128
3490 00002000 128 128
3494 00000000 128 128
3526 00002000 128 128
3530 00000000 128 128
3562 00002000 128 128
3566 00000000 128 128
3598 00002000 128 128
3602 00000000 128 128
3634 00002000 128 128
3638 00000000 128 128
3670 00002000 128 128
3674 00000000 128 128
3706 00002000 128 128
3710 00000000 128 128
3742 00002000 128 128
3746 00000000 128 128
3778 00002000 128 128
3782 00000000 128 128
3814 00002000 128 128
3818 00000000 128 128
3850 00002000 128 128
3854 00000000 128 128
3886 00002000 128 128
3890 00000000 128 128
3922 00002000 128 128
3926 00000000 128 128
3958 00002000 128 128
3962 00000000 128 128
3994 00002000 128 128
3998 00000000 128 128
4030 00002000 128 128
4034 00000000 128 128
4066 00002000 128 128
4070 00000000 128 128
4102 00002000 128 128
4106 00000000 128 128
4138 00002000 128 128
4142 00000000 128 128
4174 00002000 128 128
4178 00000000 128 128
4210 00002000 128 128
4214 00000000 128 128
4246 00002000 128 128
4250 00000000 128 128
4282 00002000 128 128
4286 00000000 128 128
4318 00002000 128 128
4322 00000000 128 128
4354 00002000 128 128
4358 00000000 128 128
4390 00002000 128 128
4394 00000000 128 128
4426 00002000 128 128
4430 00000000 128 128
4462 00002000 128 128
4466 00000000 128 128
4498 00002000 128 128
4502 00000000 128 128
4534 00002000 128 128
4538 00000000 128 128
4570 00002000 128 128
4574 00000000 128 128
4606 00002000 128 128
4610 00000000 128 128
4642 00002000 128 128
4646 00000000 128 128
4678 00002000 128 128
4682 00000000 128 128
4714 00002000 128 128
4718 00000000 128 128
4750 00002000 128 128
4754 00000000 128 128
4786 00002000 128 128
4790 00000000 128 128
4822 00002000 128 128
4826 00000000 128 128
4858 00002000 128 128
4862 00000000 128 128
4894 00002000 128 128
4898 00000000 128 128
4930 00002000 128 128
4934 00000000 128 128
4966 00002000 128 128
4970 00000000 128 128
5002 00002000 128 128
5006 00000000 128 128
5038 00002000 128 128
5042 00000000 128 128
5074 00002000 128 128
5078 00000000 128 128
5110 00002000 128 128
5114 00000000 128 128
5146 00002000 128 128
5150 00000000 128 128
5182 00002000 128 128
5186 00000000 128 128
5218 00002000 128 128
5222 00000000 128 128
5254 00002000 128 128
5258 00000000 128 128
5290 00002000 128 128
5294 00000000 128 128
5326 00002000 128 128
5330 00000000 128 128
5362 00002000 128 128
5366 00000000 128 128
5398 00002000 128 128
5402 00000000 128 128
5434 00002000 128 128
5438 00000000 128 128
5470 00002000 128 128
5474 00000000 128 128
5506 00002000 128 128
5510 00000000 128 128
5542 00002000 128 128
5546 00000000 128 128
5578 00002000 128 128
5582 00000000 128 128
5614 00002000 128 128
5618 00000000 128 128
5650 00002000 128 128
5654 00000000 128 128
5686 00002000 128 128
5690 00000000 128 128
5722 00002000 128 128
5726 00000000 128 128
5758 00002000 128 128
5762 00000000 128 128
5794 00002000 128 128
5798 00000000 128 128
5830 00002000 128 128
5834 00000000 128 128
5866 00002000 128 128
5870 00000000 128 128
5902 00002000 128 128
5906 00000000 128 128
5938 00002000 128 128
5942 00000000 128 128
5974 00002000 128 128
5978 00000000 128 128
6010 00002000 128 128
6014 00000000 128 128
6046 00002000 128 128
6050 00000000 128 128
6082 00002000 128 128
6086 00000000 128 128
6118 00002000 128 128
6122 00000000 128 128
6154 00002000 128 128
6158 00000000 128 128
6190 00002000 128 128
6194 00000000 128 128
6226 00002000 128 128
6230 00000000 128 128
6262 00002000 128 128
6266 00000000 128 128
6298 00002000 128 128
6302 00000000 128 128
6334 00002000 128 128
6338 00000000 128 128
6370 00002000 128 128
6374 00000000 128 128
6406 00002000 128 128
6410 00000000 128 128
6442 00002000 128 128
6446 00000000 128 128
6478 00002000 128 128
6482 00000000 128 128
6514 00002000 128 128
6518 00000000 128 128
6550 00002000 128 128
6554 00000000 128 128
6586 00002000 128 128
6590 00000000 128 128
6622 00002000 128 128
6626 00000000 128 128
6658 00002000 128 128
6662 00000000 128 128
6694 00002000 128 128
6698 00000000 128 128
6730 00002000 128 128
6734 00000000 128 128
6766 00002000 128 128
6770 00000000 128 128
6802 00002000 128 128
6806 00000000 128 128
6838 00002000 128 128
6842 00000000 128 128
6874 00002000 128 128
6878 00000000 128 128
6910 00002000 128 128
6914 00000000 128 128
6946 00002000 128 128
6950 00000000 128 128
6982 00002000 128 128
6986 00000000 128 128
7018 00002000 128 128
7022 00000000 128 128
7054 00002000 128 128
7058 00000000 128 128
7090 00002000 128 128
7094 00000000 128 128
7126 00002000 128 128
7130 00000000 128 128
7162 00002000 128 128
7166 00000000 128 128
7198 00002000 128 128
7202 00000000 128 128
7234 00002000 128 128
7238 00000000 128 128
7270 00002000 128 128
7274 00000000 128 128
7306 00002000 128 128
7310 00000000 128 128
7342 00002000 128 128
7346 00000000 128 128
7378 00002000 128 128
7382 00000000 128 128
7414 00002000 128 128
7418 00000000 128 128
7450 00002000 128 128
7454 00000000 128 128
7486 00002000 128 128
7490 00000000 128 128
7522 00002000 128 128
7526 00000000 128 128
7558 00002000 128 128
7562 00000000 128 128
7594 00002000 128 128
7598 00000000 128 128
7630 00002000 128 128
7634 00000000 128 128
7666 00002000 128 128
7670 00000000 128 128
7702 00002000 128 128
7706 00000000 128 128
7738 00002000 128 128
7742 00000000 128 128
7774 00002000 128 128
7778 00000000 128 128
7810 00002000 128 128
7814 00000000 128 128
7846 00002000 128 128
7850 00000000 128 128
7882 00002000 128 128
7886 00000000 128 128
7918 00002000 128 128
7922 00000000 128 128
7954 00002000 128 128
7958 00000000 128 128
7990 00002000 128 128
7994 00000000 128 128
8026 00002000 128 128
8030 00000000 128 128
8062 00002000 128 128
8066 00000000 128 128
8098 00002000 128 128
8102 00000000 128 128
8134 00002000 128 128
8138 00000000 128 128
8170 00002000 128 128
8174 00000000 128 128
8206 00002000 128 128
8210 00000000 128 128
8242 00002000 128 128
8246 00000000 128 128
8278 00002000 128 128
8282 00000000 128 128
8314 00002000 128 128
8318 00000000 128 128
8350 00002000 128 128
8354 00000000 128 128
8386 00002000 128 128
8390 00000000 128 128
8422 00002000 128 128
8426 00000000 128 128
8458 00002000 128 128
8462 00000000 128 128
8494 00002000 128 128
8498 00000000 128 128
8530 00002000 128 128
8534 00000000 128 128
8566 00002000 128 128
8570 00000000 128 128
8602 00002000 128 128
8606 00000000 128 128
8638 00002000 128 128
8642 00000000 128 128
8674 00002000 128 128
8678 00000000 128 128
8710 00002000 128 128
8714 00000000 128 128
8746 00002000 128 128
8750 00000000 128 128
8782 00002000 128 128
8786 00000000 128 128
8818 00002000 128 128
8822 00000000 128 128
8854 00002000 128 128
8858 00000000 128 128
8890 00002000 128 128
8894 00000000 128 128
8926 00002000 128 128
8930 00000000 128 128
8962 00002000 128 128
8966 00000000 128 128
8998 00002000 128 128
9002 00000000 128 128
9034 00002000 128 128
9038 00000000 128 128
9070 00002000 128 128
9074 00000000 128 128
9106 00002000 128 128
9110 00000000 128 128
9142 00002000 128 128
9146 00000000 128 128
9178 00002000 128 128
9182 00000000 128 128
9214 00002000 128 128
9218 00000000 128 128
9250 00002000 128 128
9254 00000000 128 128
9286 00002000 128 128
9290 00000000 128 128
9322 00002000 128 128
9326 00000000 128 128
9358 00002000 128 128
9362 00000000 128 128
9394 00002000 128 128
9398 00000000 128 128
9430 00002000 128 128
9434 00000000 128 128
9466 00002000 128 128
9470 00000000 128 128
9502 00002000 128 128
9506 00000000 128 128
9538 00002000 128 128
9542 00000000 128 128
9574 00002000 128 128
9578 00000000 128 128
9610 00002000 128 128
9614 00000000 128 128
9646 00002000 128 128
9650 00000000 128 128
9682 00002000 128 128
9686 00000000 128 128
9718 00002000 128 128
9722 00000000 128 128
9754 00002000 128 128
9758 00000000 128 128
9790 00002000 128 128
9794 00000000 128 128
9826 00002000 128 128
9830 00000000 128 128
9862 00002000 128 128
9866 00000000 128 128
9898 00002000 128 128
9902 00000000 128 128
9934 00002000 128 128
9938 00000000 128 128
9970 00002000 128 128
9974 00000000 128 128
10006 00002000 128 128
10010 00000000 128 128
10042 00002000 128 128
10046 00000000 128 128
10078 00002000 128 128
10082 00000000 128 128
10114 00002000 128 128
10118 00000000 128 128
10150 00002000 128 128
10154 00000000 128 128
10186 00002000 128 128
10190 00000000 128 128
10222 00002000 128 128
10226 00000000 128 128
10258 00002000 128 128
10262 00000000 128 128
10294 00002000 128 128
10298 00000000 128 128
10330 00002000 128 128
10334 00000000 128 128
10366 00002000 128 128
10370 00000000 128 128
10402 00002000 128 128
10406 00000000 128 128
10438 00002000 128 128
10442 00000000 128 128
10474 00002000 128 128
10478 00000000 128 128
10510 00002000 128 128
10514 00000000 128 128
10546 00002000 128 128
10550 00000000 128 128
10582 00002000 128 128
10586 00000000 128 128
10618 00002000 128 128
10622 00000000 128 128
10654 00002000 128 128
10658 00000000 128 128
10690 00002000 128 128
10694 00000000 128 128
10726 00002000 128 128
10730 00000000 128 128
10762 00002000 128 128
10766 00000000 128 128
10798 00002000 128 128
10802 00000000 128 128
10834 00002000 128 128
10838 00000000 128 128
10870 00002000 128 128
10874 00000000 128 128
10906 00002000 128 128
10910 00000000 128 128
10942 00002000 128 128
10946 00000000 128 128
10978 00002000 128 128
10982 00000000 128 128
11014 00002000 128 128
11018 00000000 128 128
11050 00002000 128 128
11054 00000000 128 128
11086 00002000 128 128
11090 00000000 128 128
11122 00002000 128 128
11126 00000000 128 128
11158 00002000 128 128
11162 00000000 128 128
11194 00002000 128 128
11198 00000000 128 128
11230 00002000 128 128
11234 00000000 128 128
11266 00002000 128 128
11270 00000000 128 128
11302 00002000 128 128
11306 00000000 128 128
11338 00002000 128 128
11342 00000000 128 128
11374 00002000 128 128
11378 00000000 128 128
11410 00002000 128 128
11414 00000000 128 128
11446 00002000 128 128
11450 00000000 128 128
11482 00002000 128 128
11486 00000000 128 128
11518 00002000 128 128
11522 00000000 128 128
11554 00002000 128 128
11558 00000000 128 128
11590 00002000 128 128
11594 00000000 128 128
11626 00002000 128 128
11630 00000000 128 128
11662 00002000 128 128
11666 00000000 128 128
11698 00002000 128 128
11702 00000000 128 128
11734 00002000 128 128
11738 00000000 128 128
11770 00002000 128 128
11774 00000000 128 128
11806 00002000 128 128
11810 00000000 128 128
11842 00002000 128 128
11846 00000000 128 128
11878 00002000 128 128
11882 00000000 128 128
11914 00002000 128 128
11918 00000000 128 128
11950 00002000 128 128
11954 00000000 128 128
11986 00002000 128 128
11990 00000000 128 128
12022 00002000 128 128
12026 00000000 128 128
12058 00002000 128 128
12062 00000000 128 128
12094 00002000 128 128
12098 00000000 128 128
12130 00002000 128 128
12134 00000000 128 128
12286 00004000 128 128
12290 00000000 128 128
12322 00004000 128 128
12326 00000000 128 128
12358 00004000 128 128
12362 00000000 128 128
12394 00004000 128 128
12398 00000000 128 128
12430 00004000 128 128
12434 00000000 128 128
12466 00004000 128 128
12470 00000000 128 128
12502 00004000 128 128
12506 00000000 128 128
12538 00004000 128 128
12542 00000000 128 128
12574 00004000 128 128
12578 00000000 128 128
12610 00004000 128 128
12614 00000000 128 128
12646 00004000 128 128
12650 00000000 128 128
12682 00004000 128 128
12686 00000000 128 128
12718 00004000 128 128
12722 00000000 128 128
12754 00004000 128 128
12758 00000000 128 128
12790 00004000 128 128
12794 00000000 128 128
12826 00004000 128 128
12830 00000000 128 128
12862 00004000 128 128
12866 00000000 128 128
12898 00004000 128 128
12902 00000000 128 128
12934 00004000 128 128
12938 00000000 128 128
12970 00004000 128 128
12974 00000000 128 128
13006 00004000 128 128
13010 00000000 128 128
13042 00004000 128 128
13046 00000000 128 128
13078 00004000 128 128
13082 00000000 128 128
13114 00004000 128 128
13118 00000000 128 128
13150 00004000 128 128
13154 00000000 128 128
13186 00004000 128 128
13190 00000000 128 128
13222 00004000 128 128
13226 00000000 128 128
13258 00004000 128 128
13262 00000000 128 128
13294 00004000 128 128
13298 00000000 128 128
13330 00004000 128 128
13334 00000000 128 128
13366 00004000 128 128
13370 00000000 128 128
13402 00004000 128 128
13406 00000000 128 128
13438 00004000 128 128
13442 00000000 128 128
13474 00004000 128 128
13478 00000000 128 128
13510 00004000 128 128
13514 00000000 128 128
13546 00004000 128 128
13550 00000000 128 128
13582 00004000 128 128
13586 00000000 128 128
13618 00004000 128 128
13622 00000000 128 128
13654 00004000 128 128
13658 00000000 128 128
13690 00004000 128 128
13694 00000000 128 128
13786 00000080 128 128
13866 00000000 128 128
13868 00000040 128 128
13924 00000000 128 128
13926 00000010 128 128
13942 00000000 128 128
14124 00000000 128 128
