0 00000000 128 128
150 00000008 128 128
152 00000000 128 128
300 00000008 128 128
302 00000000 128 128
450 00002000 128 128
452 00000000 128 128
1100 00000040 128 128
1164 00000000 128 128
1204 00000080 128 128
1238 00000000 128 128
1278 00000040 128 128
1302 00000000 128 128
1802 00000040 128 128
1828 00000000 128 128
1868 00000080 128 128
1980 00000000 128 128
2480 00002000 128 128
2484 00000000 128 128
2524 00002000 128 128
2528 00000000 128 128
2568 00002000 128 128
2572 00000000 128 128
2612 00002000 128 128
2616 00000000 128 128
2656 00002000 128 128
2660 00000000 128 128
2700 00002000 128 128
2704 00000000 128 128
2744 00002000 128 128
2748 00000000 128 128
2788 00002000 128 128
2792 00000000 128 128
2832 00002000 128 128
2836 00000000 128 128
2876 00002000 128 128
2880 00000000 128 128
2920 00002000 128 128
2924 00000000 128 128
2964 00002000 128 128
2968 00000000 128 128
3008 00002000 128 128
3012 00000000 128 128
3052 00002000 128 128
3056 00000000 128 128
3096 00002000 128 128
3100 00000000 128 128
3140 00002000 128 128
3144 00000000 128 128
3184 00002000 128 128
3188 00000000 128 128
3228 00002000 128 128
3232 00000000 128 128
3272 00002000 128 128
3276 00000000 128 128
3316 00002000 128 128
3320 00000000 128 128
3360 00000080 128 128
3600 00000000 128 128
3640 00000010 128 128
3664 00000000 128 128
3704 00000080 128 128
3864 00000000 128 128
3904 00000040 128 128
3936 00000000 128 128
3976 00000080 128 128
4136 00000000 128 128
4436 00002000 128 128
4440 00000000 128 128
4480 00002000 128 128
4484 00000000 128 128
4524 00002000 128 128
4528 00000000 128 128
4568 00002000 128 128
4572 00000000 128 128
4612 00002000 128 128
4616 00000000 128 128
4656 00002000 128 128
4660 00000000 128 128
4700 00002000 128 128
4704 00000000 128 128
4744 00002000 128 128
4748 00000000 128 128
4788 00002000 128 128
4792 00000000 128 128
4832 00002000 128 128
4836 00000000 128 128
4876 00002000 128 128
4880 00000000 128 128
4920 00002000 128 128
4924 00000000 128 128
4964 00002000 128 128
4968 00000000 128 128
5008 00002000 128 128
5012 00000000 128 128
5052 00002000 128 128
5056 00000000 128 128
5096 00002000 128 128
5100 00000000 128 128
5140 00002000 128 128
5144 00000000 128 128
5184 00002000 128 128
5188 00000000 128 128
5228 00002000 128 128
5232 00000000 128 128
5272 00002000 128 128
5276 00000000 128 128
5316 00002000 128 128
5320 00000000 128 128
5360 00002000 128 128
5364 00000000 128 128
5404 00002000 128 128
5408 00000000 128 128
5448 00002000 128 128
5452 00000000 128 128
5492 00002000 128 128
5496 00000000 128 128
5536 00002000 128 128
5540 00000000 128 128
5580 00002000 128 128
5584 00000000 128 128
5624 00002000 128 128
5628 00000000 128 128
5668 00002000 128 128
5672 00000000 128 128
5712 00002000 128 128
5716 00000000 128 128
5756 00000000 128 128
