0 00000000 128 128
150 00000008 128 128
152 00000000 128 128
300 00000008 128 128
302 00000000 128 128
450 00002000 128 128
452 00000000 128 128
1500 00004000 128 128
1504 00000000 128 128
1534 00004000 128 128
1538 00000000 128 128
1568 00004000 128 128
1572 00000000 128 128
1602 00004000 128 128
1606 00000000 128 128
1636 00004000 128 128
1640 00000000 128 128
1670 00004000 128 128
1674 00000000 128 128
1704 00004000 128 128
1708 00000000 128 128
1738 00004000 128 128
1742 00000000 128 128
1772 00004000 128 128
1776 00000000 128 128
1806 00004000 128 128
1810 00000000 128 128
1840 00004000 128 128
1844 00000000 128 128
1874 00004000 128 128
1878 00000000 128 128
1908 00004000 128 128
1912 00000000 128 128
1942 00004000 128 128
1946 00000000 128 128
1976 00004000 128 128
1980 00000000 128 128
2010 00004000 128 128
2014 00000000 128 128
2044 00004000 128 128
2048 00000000 128 128
2078 00004000 128 128
2082 00000000 128 128
2112 00004000 128 128
2116 00000000 128 128
2146 00004000 128 128
2150 00000000 128 128
2180 00004000 128 128
2184 00000000 128 128
2214 00004000 128 128
2218 00000000 128 128
2248 00004000 128 128
2252 00000000 128 128
2282 00004000 128 128
2286 00000000 128 128
2316 00004000 128 128
2320 00000000 128 128
2350 00004000 128 128
2354 00000000 128 128
2384 00004000 128 128
2388 00000000 128 128
2418 00004000 128 128
2422 00000000 128 128
2452 00004000 128 128
2456 00000000 128 128
2486 00004000 128 128
2490 00000000 128 128
2520 00004000 128 128
2524 00000000 128 128
2554 00004000 128 128
2558 00000000 128 128
2588 00004000 128 128
2592 00000000 128 128
2622 00004000 128 128
2626 00000000 128 128
2656 00004000 128 128
2660 00000000 128 128
2690 00004000 128 128
2694 00000000 128 128
2724 00004000 128 128
2728 00000000 128 128
2758 00004000 128 128
2762 00000000 128 128
2792 00004000 128 128
2796 00000000 128 128
2826 00004000 128 128
2830 00000000 128 128
2860 00004000 128 128
2864 00000000 128 128
2894 00004000 128 128
2898 00000000 128 128
2928 00004000 128 128
2932 00000000 128 128
2962 00004000 128 128
2966 00000000 128 128
2996 00004000 128 128
3000 00000000 128 128
3030 00004000 128 128
3034 00000000 128 128
3064 00004000 128 128
3068 00000000 128 128
3098 00004000 128 128
3102 00000000 128 128
3132 00004000 128 128
3136 00000000 128 128
3166 00004000 128 128
3170 00000000 128 128
3200 00004000 128 128
3204 00000000 128 128
3234 00004000 128 128
3238 00000000 128 128
3268 00004000 128 128
3272 00000000 128 128
3302 00004000 128 128
3306 00000000 128 128
3336 00004000 128 128
3340 00000000 128 128
3370 00004000 128 128
3374 00000000 128 128
3404 00004000 128 128
3408 00000000 128 128
3438 00004000 128 128
3442 00000000 128 128
3472 00004000 128 128
3476 00000000 128 128
3506 00004000 128 128
3510 00000000 128 128
3540 00004000 128 128
3544 00000000 128 128
3574 00004000 128 128
3578 00000000 128 128
3608 00004000 128 128
3612 00000000 128 128
3642 00004000 128 128
3646 00000000 128 128
3676 00004000 128 128
3680 00000000 128 128
3710 00004000 128 128
3714 00000000 128 128
3744 00004000 128 128
3748 00000000 128 128
3778 00004000 128 128
3782 00000000 128 128
3812 00004000 128 128
3816 00000000 128 128
3846 00004000 128 128
3850 00000000 128 128
3880 00004000 128 128
3884 00000000 128 128
3914 00004000 128 128
3918 00000000 128 128
3948 00004000 128 128
3952 00000000 128 128
3982 00004000 128 128
3986 00000000 128 128
4016 00004000 128 128
4020 00000000 128 128
4050 00004000 128 128
4054 00000000 128 128
4084 00004000 128 128
4088 00000000 128 128
4118 00004000 128 128
4122 00000000 128 128
4152 00004000 128 128
4156 00000000 128 128
4186 00004000 128 128
4190 00000000 128 128
4220 00004000 128 128
4224 00000000 128 128
4254 00004000 128 128
4258 00000000 128 128
4288 00004000 128 128
4292 00000000 128 128
4322 00004000 128 128
4326 00000000 128 128
4356 00004000 128 128
4360 00000000 128 128
4390 00004000 128 128
4394 00000000 128 128
4424 00004000 128 128
4428 00000000 128 128
4458 00004000 128 128
4462 00000000 128 128
4492 00004000 128 128
4496 00000000 128 128
4526 00004000 128 128
4530 00000000 128 128
4760 00001000 128 128
4764 00000000 128 128
4850 00000020 128 128
4854 00000000 128 128
4880 00002000 128 128
4884 00000000 128 128
5280 00002000 128 128
5284 00000000 128 128
5480 00002000 128 128
5484 00000000 128 128
5680 00002000 128 128
5684 00000000 128 128
5880 00002000 128 128
5884 00000000 128 128
6080 00002000 128 128
6084 00000000 128 128
6280 00002000 128 128
6284 00000000 128 128
6480 00000000 128 128
