0 00000000 128 128
150 00000008 128 128
152 00000000 128 128
300 00000008 128 128
302 00000000 128 128
450 00002000 128 128
452 00000000 128 128
2200 00004000 128 128
2204 00000000 128 128
2236 00004000 128 128
2240 00000000 128 128
2272 00004000 128 128
2276 00000000 128 128
2308 00004000 128 128
2312 00000000 128 128
2344 00004000 128 128
2348 00000000 128 128
2380 00004000 128 128
2384 00000000 128 128
2616 00000020 128 128
2624 00000000 128 128
2686 00000080 128 128
2694 00000000 128 128
3096 00000040 128 128
3104 00000000 128 128
3506 00002000 128 128
3510 00000000 128 128
4422 00002000 128 128
4426 00000000 128 128
6938 00000040 128 128
6946 00000000 128 128
7148 00000040 128 128
7156 00000000 128 128
7358 00000040 128 128
7366 00000000 128 128
7568 00000020 128 128
7576 00000000 128 128
7778 00000020 128 128
7786 00000000 128 128
7988 00000040 128 128
7996 00000000 128 128
8398 00002000 128 128
8402 00000000 128 128
9314 00002000 128 128
9318 00000000 128 128
12330 00000000 128 128
