0 00000000 128 128
150 00000008 128 128
152 00000000 128 128
300 00000008 128 128
302 00000000 128 128
450 00002000 128 128
452 00000000 128 128
2200 00004000 128 128
2204 00000000 128 128
2236 00004000 128 128
2240 00000000 128 128
2272 00004000 128 128
2276 00000000 128 128
2308 00004000 128 128
2312 00000000 128 128
2344 00004000 128 128
2348 00000000 128 128
2380 00004000 128 128
2384 00000000 128 128
2616 00000040 128 128
2624 00000000 128 128
2686 00000010 128 128
2694 00000000 128 128
3296 00001000 128 128
3300 00000000 128 128
3462 00000040 128 128
3468 00000000 128 128
3530 00000040 128 128
3536 00000000 128 128
3598 00002000 128 128
3602 00000000 128 128
4514 00000200 128 128
4518 00000000 128 128
4590 00000080 128 128
4617 00000000 128 128
4619 00000010 128 128
4646 00000000 128 128
4678 00004000 128 128
4682 00000000 128 128
5294 00000200 128 128
5298 00000000 128 128
5970 00000020 128 128
5976 00000000 128 128
6278 00002000 128 128
6282 00000000 128 128
7194 00000000 128 128
