0 00000000 128 128
150 00000008 128 128
152 00000000 128 128
300 00000008 128 128
302 00000000 128 128
450 00002000 128 128
452 00000000 128 128
1200 00000080 128 128
1248 00000000 128 128
1270 00000040 128 128
1278 00000000 128 128
1310 00000020 128 128
1358 00000000 128 128
1380 00000040 128 128
1388 00000000 128 128
1420 00000080 128 128
1468 00000000 128 128
1490 00000040 128 128
1498 00000000 128 128
1530 00000020 128 128
1578 00000000 128 128
1600 00000040 128 128
1608 00000000 128 128
1640 00000080 128 128
1688 00000000 128 128
1710 00000040 128 128
1718 00000000 128 128
1750 00000020 128 128
1798 00000000 128 128
1820 00000040 128 128
1828 00000000 128 128
3300 00000200 128 128
3304 00000000 128 128
3330 00000010 128 128
3342 00000000 128 128
3372 00004000 128 128
3378 00000000 128 128
3472 00000080 128 128
3480 00000000 128 128
3510 00004000 128 128
3516 00000000 128 128
3570 00000020 128 128
3578 00000000 128 128
3608 00000200 128 128
3612 00000000 128 128
3638 00004000 128 128
3642 00000000 128 128
3672 00004000 128 128
3676 00000000 128 128
3706 00004000 128 128
3710 00000000 128 128
3740 00004000 128 128
3744 00000000 128 128
3774 00004000 128 128
3778 00000000 128 128
3808 00004000 128 128
3812 00000000 128 128
3842 00004000 128 128
3846 00000000 128 128
3876 00004000 128 128
3880 00000000 128 128
3910 00004000 128 128
3914 00000000 128 128
3944 00004000 128 128
3948 00000000 128 128
3978 00004000 128 128
3982 00000000 128 128
4012 00004000 128 128
4016 00000000 128 128
4046 00004000 128 128
4050 00000000 128 128
4080 00004000 128 128
4084 00000000 128 128
4114 00004000 128 128
4118 00000000 128 128
4148 00004000 128 128
4152 00000000 128 128
4182 00004000 128 128
4186 00000000 128 128
4216 00004000 128 128
4220 00000000 128 128
4250 00004000 128 128
4254 00000000 128 128
4284 00004000 128 128
4288 00000000 128 128
4318 00004000 128 128
4322 00000000 128 128
4352 00004000 128 128
4356 00000000 128 128
4386 00004000 128 128
4390 00000000 128 128
4420 00004000 128 128
4424 00000000 128 128
4454 00004000 128 128
4458 00000000 128 128
4488 00004000 128 128
4492 00000000 128 128
4522 00004000 128 128
4526 00000000 128 128
4556 00004000 128 128
4560 00000000 128 128
4590 00004000 128 128
4594 00000000 128 128
4624 00004000 128 128
4628 00000000 128 128
4658 00004000 128 128
4662 00000000 128 128
4692 00004000 128 128
4696 00000000 128 128
4726 00004000 128 128
4730 00000000 128 128
4760 00004000 128 128
4764 00000000 128 128
4794 00004000 128 128
4798 00000000 128 128
4828 00004000 128 128
4832 00000000 128 128
4862 00004000 128 128
4866 00000000 128 128
4896 00004000 128 128
4900 00000000 128 128
4930 00004000 128 128
4934 00000000 128 128
4964 00004000 128 128
4968 00000000 128 128
4998 00000200 128 128
5002 00000000 128 128
5028 00004000 128 128
5034 00000000 128 128
5128 00000080 128 128
5136 00000000 128 128
5166 00004000 128 128
5172 00000000 128 128
5226 00000020 128 128
5234 00000000 128 128
5264 00000200 128 128
5268 00000000 128 128
5294 00004000 128 128
5298 00000000 128 128
5328 00004000 128 128
5332 00000000 128 128
5362 00004000 128 128
5366 00000000 128 128
5396 00004000 128 128
5400 00000000 128 128
5430 00004000 128 128
5434 00000000 128 128
5464 00004000 128 128
5468 00000000 128 128
5498 00004000 128 128
5502 00000000 128 128
5532 00004000 128 128
5536 00000000 128 128
5566 00004000 128 128
5570 00000000 128 128
5600 00004000 128 128
5604 00000000 128 128
5634 00004000 128 128
5638 00000000 128 128
5668 00004000 128 128
5672 00000000 128 128
5702 00004000 128 128
5706 00000000 128 128
5736 00004000 128 128
5740 00000000 128 128
5770 00004000 128 128
5774 00000000 128 128
5804 00004000 128 128
5808 00000000 128 128
5838 00004000 128 128
5842 00000000 128 128
5872 00004000 128 128
5876 00000000 128 128
5906 00004000 128 128
5910 00000000 128 128
5940 00004000 128 128
5944 00000000 128 128
5974 00004000 128 128
5978 00000000 128 128
6008 00004000 128 128
6012 00000000 128 128
6042 00004000 128 128
6046 00000000 128 128
6076 00004000 128 128
6080 00000000 128 128
6110 00004000 128 128
6114 00000000 128 128
6144 00004000 128 128
6148 00000000 128 128
6178 00004000 128 128
6182 00000000 128 128
6212 00004000 128 128
6216 00000000 128 128
6246 00004000 128 128
6250 00000000 128 128
6280 00004000 128 128
6284 00000000 128 128
6314 00004000 128 128
6318 00000000 128 128
6348 00004000 128 128
6352 00000000 128 128
6382 00004000 128 128
6386 00000000 128 128
6416 00004000 128 128
6420 00000000 128 128
6450 00004000 128 128
6454 00000000 128 128
6484 00004000 128 128
6488 00000000 128 128
6518 00004000 128 128
6522 00000000 128 128
6552 00004000 128 128
6556 00000000 128 128
6586 00004000 128 128
6590 00000000 128 128
6620 00004000 128 128
6624 00000000 128 128
6654 00000200 128 128
6658 00000000 128 128
6684 00004000 128 128
6690 00000000 128 128
6784 00000080 128 128
6792 00000000 128 128
6822 00004000 128 128
6828 00000000 128 128
6882 00000020 128 128
6890 00000000 128 128
6920 00000200 128 128
6924 00000000 128 128
6950 00004000 128 128
6954 00000000 128 128
6984 00004000 128 128
6988 00000000 128 128
7018 00004000 128 128
7022 00000000 128 128
7052 00004000 128 128
7056 00000000 128 128
7086 00004000 128 128
7090 00000000 128 128
7120 00004000 128 128
7124 00000000 128 128
7154 00004000 128 128
7158 00000000 128 128
7188 00004000 128 128
7192 00000000 128 128
7222 00004000 128 128
7226 00000000 128 128
7256 00004000 128 128
7260 00000000 128 128
7290 00004000 128 128
7294 00000000 128 128
7324 00004000 128 128
7328 00000000 128 128
7358 00004000 128 128
7362 00000000 128 128
7392 00004000 128 128
7396 00000000 128 128
7426 00004000 128 128
7430 00000000 128 128
7460 00004000 128 128
7464 00000000 128 128
7494 00004000 128 128
7498 00000000 128 128
7528 00004000 128 128
7532 00000000 128 128
7562 00004000 128 128
7566 00000000 128 128
7596 00004000 128 128
7600 00000000 128 128
7630 00004000 128 128
7634 00000000 128 128
7664 00004000 128 128
7668 00000000 128 128
7698 00004000 128 128
7702 00000000 128 128
7732 00004000 128 128
7736 00000000 128 128
7766 00004000 128 128
7770 00000000 128 128
7800 00004000 128 128
7804 00000000 128 128
7834 00004000 128 128
7838 00000000 128 128
7868 00004000 128 128
7872 00000000 128 128
7902 00004000 128 128
7906 00000000 128 128
7936 00004000 128 128
7940 00000000 128 128
7970 00004000 128 128
7974 00000000 128 128
8004 00004000 128 128
8008 00000000 128 128
8038 00004000 128 128
8042 00000000 128 128
8072 00004000 128 128
8076 00000000 128 128
8106 00004000 128 128
8110 00000000 128 128
8140 00004000 128 128
8144 00000000 128 128
8174 00004000 128 128
8178 00000000 128 128
8208 00004000 128 128
8212 00000000 128 128
8242 00004000 128 128
8246 00000000 128 128
8276 00004000 128 128
8280 00000000 128 128
8310 00000200 128 128
8314 00000000 128 128
8340 00004000 128 128
8346 00000000 128 128
8440 00000080 128 128
8448 00000000 128 128
8478 00004000 128 128
8484 00000000 128 128
8538 00000020 128 128
8546 00000000 128 128
8576 00000200 128 128
8580 00000000 128 128
8606 00004000 128 128
8610 00000000 128 128
8640 00004000 128 128
8644 00000000 128 128
8674 00004000 128 128
8678 00000000 128 128
8708 00004000 128 128
8712 00000000 128 128
8742 00004000 128 128
8746 00000000 128 128
8776 00004000 128 128
8780 00000000 128 128
8810 00004000 128 128
8814 00000000 128 128
8844 00004000 128 128
8848 00000000 128 128
8878 00004000 128 128
8882 00000000 128 128
8912 00004000 128 128
8916 00000000 128 128
8946 00004000 128 128
8950 00000000 128 128
8980 00004000 128 128
8984 00000000 128 128
9014 00004000 128 128
9018 00000000 128 128
9048 00004000 128 128
9052 00000000 128 128
9082 00004000 128 128
9086 00000000 128 128
9116 00004000 128 128
9120 00000000 128 128
9150 00004000 128 128
9154 00000000 128 128
9184 00004000 128 128
9188 00000000 128 128
9218 00004000 128 128
9222 00000000 128 128
9252 00004000 128 128
9256 00000000 128 128
9286 00004000 128 128
9290 00000000 128 128
9320 00004000 128 128
9324 00000000 128 128
9354 00004000 128 128
9358 00000000 128 128
9388 00004000 128 128
9392 00000000 128 128
9422 00004000 128 128
9426 00000000 128 128
9456 00004000 128 128
9460 00000000 128 128
9490 00004000 128 128
9494 00000000 128 128
9524 00004000 128 128
9528 00000000 128 128
9558 00004000 128 128
9562 00000000 128 128
9592 00004000 128 128
9596 00000000 128 128
9626 00004000 128 128
9630 00000000 128 128
9660 00004000 128 128
9664 00000000 128 128
9694 00004000 128 128
9698 00000000 128 128
9728 00004000 128 128
9732 00000000 128 128
9762 00004000 128 128
9766 00000000 128 128
9796 00004000 128 128
9800 00000000 128 128
9830 00004000 128 128
9834 00000000 128 128
9864 00004000 128 128
9868 00000000 128 128
9898 00004000 128 128
9902 00000000 128 128
9932 00004000 128 128
9936 00000000 128 128
9966 00000200 128 128
9970 00000000 128 128
9996 00004000 128 128
10002 00000000 128 128
10096 00000080 128 128
10104 00000000 128 128
10134 00004000 128 128
10140 00000000 128 128
10194 00000020 128 128
10202 00000000 128 128
10232 00000200 128 128
10236 00000000 128 128
10262 00004000 128 128
10266 00000000 128 128
10296 00004000 128 128
10300 00000000 128 128
10330 00004000 128 128
10334 00000000 128 128
10364 00004000 128 128
10368 00000000 128 128
10398 00004000 128 128
10402 00000000 128 128
10432 00004000 128 128
10436 00000000 128 128
10466 00004000 128 128
10470 00000000 128 128
10500 00004000 128 128
10504 00000000 128 128
10534 00004000 128 128
10538 00000000 128 128
10568 00004000 128 128
10572 00000000 128 128
10602 00004000 128 128
10606 00000000 128 128
10636 00004000 128 128
10640 00000000 128 128
10670 00004000 128 128
10674 00000000 128 128
10704 00004000 128 128
10708 00000000 128 128
10738 00004000 128 128
10742 00000000 128 128
10772 00004000 128 128
10776 00000000 128 128
10806 00004000 128 128
10810 00000000 128 128
10840 00004000 128 128
10844 00000000 128 128
10874 00004000 128 128
10878 00000000 128 128
10908 00004000 128 128
10912 00000000 128 128
10942 00004000 128 128
10946 00000000 128 128
10976 00004000 128 128
10980 00000000 128 128
11010 00004000 128 128
11014 00000000 128 128
11044 00004000 128 128
11048 00000000 128 128
11078 00004000 128 128
11082 00000000 128 128
11112 00004000 128 128
11116 00000000 128 128
11146 00004000 128 128
11150 00000000 128 128
11180 00004000 128 128
11184 00000000 128 128
11214 00004000 128 128
11218 00000000 128 128
11248 00004000 128 128
11252 00000000 128 128
11282 00004000 128 128
11286 00000000 128 128
11316 00004000 128 128
11320 00000000 128 128
11350 00004000 128 128
11354 00000000 128 128
11384 00004000 128 128
11388 00000000 128 128
11418 00004000 128 128
11422 00000000 128 128
11452 00004000 128 128
11456 00000000 128 128
11486 00004000 128 128
11490 00000000 128 128
11520 00004000 128 128
11524 00000000 128 128
11554 00004000 128 128
11558 00000000 128 128
11588 00004000 128 128
11592 00000000 128 128
11622 00000200 128 128
11626 00000000 128 128
11652 00004000 128 128
11658 00000000 128 128
11752 00000080 128 128
11760 00000000 128 128
11790 00004000 128 128
11796 00000000 128 128
11850 00000020 128 128
11858 00000000 128 128
11888 00000200 128 128
11892 00000000 128 128
11918 00004000 128 128
11922 00000000 128 128
11952 00004000 128 128
11956 00000000 128 128
11986 00004000 128 128
11990 00000000 128 128
12020 00004000 128 128
12024 00000000 128 128
12054 00004000 128 128
12058 00000000 128 128
12088 00004000 128 128
12092 00000000 128 128
12122 00004000 128 128
12126 00000000 128 128
12156 00004000 128 128
12160 00000000 128 128
12190 00004000 128 128
12194 00000000 128 128
12224 00004000 128 128
12228 00000000 128 128
12258 00004000 128 128
12262 00000000 128 128
12292 00004000 128 128
12296 00000000 128 128
12326 00004000 128 128
12330 00000000 128 128
12360 00004000 128 128
12364 00000000 128 128
12394 00004000 128 128
12398 00000000 128 128
12428 00004000 128 128
12432 00000000 128 128
12462 00004000 128 128
12466 00000000 128 128
12496 00004000 128 128
12500 00000000 128 128
12530 00004000 128 128
12534 00000000 128 128
12564 00004000 128 128
12568 00000000 128 128
12598 00004000 128 128
12602 00000000 128 128
12632 00004000 128 128
12636 00000000 128 128
12666 00004000 128 128
12670 00000000 128 128
12700 00004000 128 128
12704 00000000 128 128
12734 00004000 128 128
12738 00000000 128 128
12768 00004000 128 128
12772 00000000 128 128
12802 00004000 128 128
12806 00000000 128 128
12836 00004000 128 128
12840 00000000 128 128
12870 00004000 128 128
12874 00000000 128 128
12904 00004000 128 128
12908 00000000 128 128
12938 00004000 128 128
12942 00000000 128 128
12972 00004000 128 128
12976 00000000 128 128
13006 00004000 128 128
13010 00000000 128 128
13040 00004000 128 128
13044 00000000 128 128
13074 00004000 128 128
13078 00000000 128 128
13108 00004000 128 128
13112 00000000 128 128
13142 00004000 128 128
13146 00000000 128 128
13176 00004000 128 128
13180 00000000 128 128
13210 00004000 128 128
13214 00000000 128 128
13244 00004000 128 128
13248 00000000 128 128
13578 00001000 128 128
13582 00000000 128 128
13672 00000200 128 128
13676 00000000 128 128
13686 00000080 128 128
13692 00000000 128 128
13698 00000040 128 128
13700 00000000 128 128
13718 00004000 128 128
13722 00000000 128 128
13872 00002000 128 128
13876 00000000 128 128
14056 00002000 128 128
14060 00000000 128 128
14240 00002000 128 128
14244 00000000 128 128
14744 00002000 128 128
14748 00000000 128 128
14868 00000200 128 128
14872 00000000 128 128
14902 00004000 128 128
14906 00000000 128 128
14996 00000000 128 128
