0 00000000 128 128
150 00000008 128 128
152 00000000 128 128
300 00000008 128 128
302 00000000 128 128
450 00002000 128 128
452 00000000 128 128
2200 00004000 128 128
2204 00000000 128 128
2236 00004000 128 128
2240 00000000 128 128
2272 00004000 128 128
2276 00000000 128 128
2308 00004000 128 128
2312 00000000 128 128
2344 00004000 128 128
2348 00000000 128 128
2380 00004000 128 128
2384 00000000 128 128
2616 00000080 128 128
2624 00000000 128 128
3026 00000010 128 128
3034 00000000 128 128
3436 00002000 128 128
3440 00000000 128 128
4352 00002000 128 128
4356 00000000 128 128
5568 00002000 128 128
5572 00000000 128 128
8584 00002000 128 128
8588 00000000 128 128
8620 00002000 128 128
8624 00000000 128 128
8656 00002000 128 128
8660 00000000 128 128
8692 00002000 128 128
8696 00000000 128 128
8728 00002000 128 128
8732 00000000 128 128
8764 00002000 128 128
8768 00000000 128 128
8800 00002000 128 128
8804 00000000 128 128
8836 00002000 128 128
8840 00000000 128 128
8872 00002000 128 128
8876 00000000 128 128
8908 00002000 128 128
8912 00000000 128 128
10944 00000000 128 128
