0 00000000 128 128
150 00000008 128 128
152 00000000 128 128
300 00000008 128 128
302 00000000 128 128
450 00002000 128 128
452 00000000 128 128
700 00000080 128 128
1300 00000000 128 128
1302 00000010 128 128
1902 00000000 128 128
1904 00000020 128 128
2000 00000000 128 128
2002 00000010 128 128
2602 00000000 128 128
2604 00004000 128 128
2608 00000000 128 128
2640 00004000 128 128
2644 00000000 128 128
2676 00004000 128 128
2680 00000000 128 128
2712 00004000 128 128
2716 00000000 128 128
2748 00004000 128 128
2752 00000000 128 128
2784 00004000 128 128
2788 00000000 128 128
2820 00004000 128 128
2824 00000000 128 128
2856 00004000 128 128
2860 00000000 128 128
2892 00004000 128 128
2896 00000000 128 128
2928 00004000 128 128
2932 00000000 128 128
2964 00004000 128 128
2968 00000000 128 128
3000 00004000 128 128
3004 00000000 128 128
3036 00004000 128 128
3040 00000000 128 128
3072 00004000 128 128
3076 00000000 128 128
3108 00004000 128 128
3112 00000000 128 128
3144 00004000 128 128
3148 00000000 128 128
3180 00004000 128 128
3184 00000000 128 128
3216 00004000 128 128
3220 00000000 128 128
3252 00004000 128 128
3256 00000000 128 128
3288 00004000 128 128
3292 00000000 128 128
3324 00004000 128 128
3328 00000000 128 128
3360 00004000 128 128
3364 00000000 128 128
3396 00004000 128 128
3400 00000000 128 128
3432 00004000 128 128
3436 00000000 128 128
3468 00004000 128 128
3472 00000000 128 128
3504 00004000 128 128
3508 00000000 128 128
3540 00004000 128 128
3544 00000000 128 128
3576 00004000 128 128
3580 00000000 128 128
3612 00004000 128 128
3616 00000000 128 128
3648 00004000 128 128
3652 00000000 128 128
3684 00004000 128 128
3688 00000000 128 128
3720 00004000 128 128
3724 00000000 128 128
3756 00004000 128 128
3760 00000000 128 128
3792 00004000 128 128
3796 00000000 128 128
3828 00004000 128 128
3832 00000000 128 128
3864 00004000 128 128
3868 00000000 128 128
3900 00004000 128 128
3904 00000000 128 128
3936 00004000 128 128
3940 00000000 128 128
3972 00004000 128 128
3976 00000000 128 128
4008 00004000 128 128
4012 00000000 128 128
4044 00004000 128 128
4048 00000000 128 128
4080 00004000 128 128
4084 00000000 128 128
4116 00004000 128 128
4120 00000000 128 128
4152 00004000 128 128
4156 00000000 128 128
4188 00004000 128 128
4192 00000000 128 128
4224 00004000 128 128
4228 00000000 128 128
4260 00004000 128 128
4264 00000000 128 128
4296 00004000 128 128
4300 00000000 128 128
4332 00004000 128 128
4336 00000000 128 128
4368 00004000 128 128
4372 00000000 128 128
4404 00004000 128 128
4408 00000000 128 128
4440 00004000 128 128
4444 00000000 128 128
4476 00004000 128 128
4480 00000000 128 128
4512 00004000 128 128
4516 00000000 128 128
4548 00004000 128 128
4552 00000000 128 128
4584 00004000 128 128
4588 00000000 128 128
4620 00004000 128 128
4624 00000000 128 128
4656 00004000 128 128
4660 00000000 128 128
4692 00004000 128 128
4696 00000000 128 128
4728 00004000 128 128
4732 00000000 128 128
4824 00000010 128 128
5724 00000000 128 128
5726 00000020 128 128
6026 00000000 128 128
6028 00000010 128 128
6928 00000000 128 128
6930 00004000 128 128
6934 00000000 128 128
6966 00004000 128 128
6970 00000000 128 128
7002 00004000 128 128
7006 00000000 128 128
7038 00004000 128 128
7042 00000000 128 128
7074 00004000 128 128
7078 00000000 128 128
7110 00004000 128 128
7114 00000000 128 128
7146 00004000 128 128
7150 00000000 128 128
7182 00004000 128 128
7186 00000000 128 128
7218 00004000 128 128
7222 00000000 128 128
7254 00004000 128 128
7258 00000000 128 128
7290 00004000 128 128
7294 00000000 128 128
7326 00004000 128 128
7330 00000000 128 128
7362 00004000 128 128
7366 00000000 128 128
7398 00004000 128 128
7402 00000000 128 128
7434 00004000 128 128
7438 00000000 128 128
7470 00004000 128 128
7474 00000000 128 128
7506 00004000 128 128
7510 00000000 128 128
7542 00004000 128 128
7546 00000000 128 128
7578 00004000 128 128
7582 00000000 128 128
7614 00004000 128 128
7618 00000000 128 128
7650 00004000 128 128
7654 00000000 128 128
7686 00004000 128 128
7690 00000000 128 128
7722 00004000 128 128
7726 00000000 128 128
7758 00004000 128 128
7762 00000000 128 128
7794 00004000 128 128
7798 00000000 128 128
7830 00004000 128 128
7834 00000000 128 128
7866 00004000 128 128
7870 00000000 128 128
7902 00004000 128 128
7906 00000000 128 128
7938 00004000 128 128
7942 00000000 128 128
7974 00004000 128 128
7978 00000000 128 128
8310 00002000 128 128
8314 00000000 128 128
8346 00002000 128 128
8350 00000000 128 128
8382 00002000 128 128
8386 00000000 128 128
8418 00002000 128 128
8422 00000000 128 128
8454 00002000 128 128
8458 00000000 128 128
8490 00002000 128 128
8494 00000000 128 128
8526 00002000 128 128
8530 00000000 128 128
8562 00002000 128 128
8566 00000000 128 128
8598 00002000 128 128
8602 00000000 128 128
8634 00002000 128 128
8638 00000000 128 128
8670 00002000 128 128
8674 00000000 128 128
8706 00002000 128 128
8710 00000000 128 128
8742 00002000 128 128
8746 00000000 128 128
8778 00002000 128 128
8782 00000000 128 128
8814 00002000 128 128
8818 00000000 128 128
8850 00002000 128 128
8854 00000000 128 128
8886 00002000 128 128
8890 00000000 128 128
8922 00002000 128 128
8926 00000000 128 128
8958 00002000 128 128
8962 00000000 128 128
8994 00002000 128 128
8998 00000000 128 128
9030 00002000 128 128
9034 00000000 128 128
9066 00002000 128 128
9070 00000000 128 128
9102 00002000 128 128
9106 00000000 128 128
9138 00002000 128 128
9142 00000000 128 128
9174 00002000 128 128
9178 00000000 128 128
9210 00002000 128 128
9214 00000000 128 128
9246 00002000 128 128
9250 00000000 128 128
9282 00002000 128 128
9286 00000000 128 128
9318 00002000 128 128
9322 00000000 128 128
9354 00002000 128 128
9358 00000000 128 128
9390 00002000 128 128
9394 00000000 128 128
9426 00002000 128 128
9430 00000000 128 128
9462 00002000 128 128
9466 00000000 128 128
9498 00002000 128 128
9502 00000000 128 128
9534 00002000 128 128
9538 00000000 128 128
9570 00002000 128 128
9574 00000000 128 128
9606 00002000 128 128
9610 00000000 128 128
9642 00002000 128 128
9646 00000000 128 128
9678 00002000 128 128
9682 00000000 128 128
9714 00002000 128 128
9718 00000000 128 128
9750 00002000 128 128
9754 00000000 128 128
9786 00002000 128 128
9790 00000000 128 128
9822 00002000 128 128
9826 00000000 128 128
9858 00002000 128 128
9862 00000000 128 128
9894 00002000 128 128
9898 00000000 128 128
9930 00002000 128 128
9934 00000000 128 128
9966 00002000 128 128
9970 00000000 128 128
10002 00002000 128 128
10006 00000000 128 128
10038 00002000 128 128
10042 00000000 128 128
10074 00002000 128 128
10078 00000000 128 128
10110 00002000 128 128
10114 00000000 128 128
10146 00002000 128 128
10150 00000000 128 128
10182 00002000 128 128
10186 00000000 128 128
10218 00002000 128 128
10222 00000000 128 128
10254 00002000 128 128
10258 00000000 128 128
10290 00002000 128 128
10294 00000000 128 128
10326 00002000 128 128
10330 00000000 128 128
10362 00002000 128 128
10366 00000000 128 128
10398 00002000 128 128
10402 00000000 128 128
10434 00002000 128 128
10438 00000000 128 128
10470 00002000 128 128
10474 00000000 128 128
10506 00002000 128 128
10510 00000000 128 128
10542 00002000 128 128
10546 00000000 128 128
10578 00002000 128 128
10582 00000000 128 128
10614 00002000 128 128
10618 00000000 128 128
10650 00002000 128 128
10654 00000000 128 128
10686 00002000 128 128
10690 00000000 128 128
10722 00002000 128 128
10726 00000000 128 128
10758 00002000 128 128
10762 00000000 128 128
10794 00002000 128 128
10798 00000000 128 128
10830 00002000 128 128
10834 00000000 128 128
10866 00002000 128 128
10870 00000000 128 128
10902 00002000 128 128
10906 00000000 128 128
10938 00002000 128 128
10942 00000000 128 128
10974 00002000 128 128
10978 00000000 128 128
11010 00002000 128 128
11014 00000000 128 128
11046 00002000 128 128
11050 00000000 128 128
11082 00002000 128 128
11086 00000000 128 128
11118 00002000 128 128
11122 00000000 128 128
11154 00002000 128 128
11158 00000000 128 128
11190 00002000 128 128
11194 00000000 128 128
11226 00002000 128 128
11230 00000000 128 128
11262 00002000 128 128
11266 00000000 128 128
11298 00002000 128 128
11302 00000000 128 128
11334 00002000 128 128
11338 00000000 128 128
11370 00002000 128 128
11374 00000000 128 128
11406 00002000 128 128
11410 00000000 128 128
11442 00002000 128 128
11446 00000000 128 128
11478 00002000 128 128
11482 00000000 128 128
11514 00002000 128 128
11518 00000000 128 128
11550 00002000 128 128
11554 00000000 128 128
11586 00002000 128 128
11590 00000000 128 128
11622 00002000 128 128
11626 00000000 128 128
11658 00002000 128 128
11662 00000000 128 128
11694 00002000 128 128
11698 00000000 128 128
11730 00002000 128 128
11734 00000000 128 128
11766 00002000 128 128
11770 00000000 128 128
11802 00002000 128 128
11806 00000000 128 128
11838 00002000 128 128
11842 00000000 128 128
11874 00002000 128 128
11878 00000000 128 128
11910 00002000 128 128
11914 00000000 128 128
11946 00002000 128 128
11950 00000000 128 128
11982 00002000 128 128
11986 00000000 128 128
12018 00002000 128 128
12022 00000000 128 128
12054 00002000 128 128
12058 00000000 128 128
12090 00002000 128 128
12094 00000000 128 128
12126 00002000 128 128
12130 00000000 128 128
12162 00002000 128 128
12166 00000000 128 128
12198 00002000 128 128
12202 00000000 128 128
12234 00002000 128 128
12238 00000000 128 128
12270 00002000 128 128
12274 00000000 128 128
12306 00002000 128 128
12310 00000000 128 128
12342 00002000 128 128
12346 00000000 128 128
12378 00002000 128 128
12382 00000000 128 128
12414 00002000 128 128
12418 00000000 128 128
12450 00002000 128 128
12454 00000000 128 128
12486 00002000 128 128
12490 00000000 128 128
12522 00002000 128 128
12526 00000000 128 128
12558 00002000 128 128
12562 00000000 128 128
12594 00002000 128 128
12598 00000000 128 128
12630 00002000 128 128
12634 00000000 128 128
12666 00002000 128 128
12670 00000000 128 128
12702 00002000 128 128
12706 00000000 128 128
12738 00002000 128 128
12742 00000000 128 128
12774 00002000 128 128
12778 00000000 128 128
12810 00002000 128 128
12814 00000000 128 128
12846 00002000 128 128
12850 00000000 128 128
12882 00002000 128 128
12886 00000000 128 128
12918 00002000 128 128
12922 00000000 128 128
12954 00002000 128 128
12958 00000000 128 128
12990 00002000 128 128
12994 00000000 128 128
13026 00002000 128 128
13030 00000000 128 128
13062 00002000 128 128
13066 00000000 128 128
13098 00002000 128 128
13102 00000000 128 128
13134 00002000 128 128
13138 00000000 128 128
13170 00002000 128 128
13174 00000000 128 128
13206 00002000 128 128
13210 00000000 128 128
13242 00002000 128 128
13246 00000000 128 128
13278 00002000 128 128
13282 00000000 128 128
13314 00002000 128 128
13318 00000000 128 128
13350 00002000 128 128
13354 00000000 128 128
13386 00002000 128 128
13390 00000000 128 128
13422 00002000 128 128
13426 00000000 128 128
13458 00002000 128 128
13462 00000000 128 128
13494 00002000 128 128
13498 00000000 128 128
13530 00002000 128 128
13534 00000000 128 128
13566 00002000 128 128
13570 00000000 128 128
13602 00002000 128 128
13606 00000000 128 128
13638 00002000 128 128
13642 00000000 128 128
13674 00002000 128 128
13678 00000000 128 128
13770 00000000 128 128
