0 00000000 128 128
150 00000008 128 128
152 00000000 128 128
300 00000008 128 128
302 00000000 128 128
450 00002000 128 128
452 00000000 128 128
1200 00000080 128 128
1320 00000000 128 128
1340 00004000 128 128
1344 00000000 128 128
1374 00004000 128 128
1378 00000000 128 128
1408 00004000 128 128
1412 00000000 128 128
1442 00000040 128 128
1450 00000000 128 128
1472 00000080 128 128
1592 00000000 128 128
1612 00004000 128 128
1616 00000000 128 128
1646 00004000 128 128
1650 00000000 128 128
1680 00004000 128 128
1684 00000000 128 128
1714 00000010 128 128
1722 00000000 128 128
1744 00000080 128 128
1864 00000000 128 128
1884 00004000 128 128
1888 00000000 128 128
1918 00004000 128 128
1922 00000000 128 128
1952 00004000 128 128
1956 00000000 128 128
1986 00000040 128 128
1994 00000000 128 128
2016 00000080 128 128
2136 00000000 128 128
2156 00004000 128 128
2160 00000000 128 128
2190 00004000 128 128
2194 00000000 128 128
2224 00004000 128 128
2228 00000000 128 128
2258 00000010 128 128
2266 00000000 128 128
2288 00000080 128 128
2408 00000000 128 128
2428 00004000 128 128
2432 00000000 128 128
2462 00004000 128 128
2466 00000000 128 128
2496 00004000 128 128
2500 00000000 128 128
2530 00000040 128 128
2538 00000000 128 128
2560 00000080 128 128
2680 00000000 128 128
2700 00004000 128 128
2704 00000000 128 128
2734 00004000 128 128
2738 00000000 128 128
2768 00004000 128 128
2772 00000000 128 128
2802 00000010 128 128
2810 00000000 128 128
2832 00000080 128 128
2952 00000000 128 128
2972 00004000 128 128
2976 00000000 128 128
3006 00004000 128 128
3010 00000000 128 128
3040 00004000 128 128
3044 00000000 128 128
3074 00000040 128 128
3082 00000000 128 128
3104 00000080 128 128
3224 00000000 128 128
3244 00004000 128 128
3248 00000000 128 128
3278 00004000 128 128
3282 00000000 128 128
3312 00004000 128 128
3316 00000000 128 128
3346 00000010 128 128
3354 00000000 128 128
3376 00000080 128 128
3496 00000000 128 128
3516 00004000 128 128
3520 00000000 128 128
3550 00004000 128 128
3554 00000000 128 128
3584 00004000 128 128
3588 00000000 128 128
3618 00000040 128 128
3626 00000000 128 128
3648 00000080 128 128
3768 00000000 128 128
3788 00004000 128 128
3792 00000000 128 128
3822 00004000 128 128
3826 00000000 128 128
3856 00004000 128 128
3860 00000000 128 128
3890 00000010 128 128
3898 00000000 128 128
3920 00000000 128 128
