0 00000000 128 128
150 00000008 128 128
152 00000000 128 128
300 00000008 128 128
302 00000000 128 128
450 00002000 128 128
452 00000000 128 128
1200 00001000 128 128
1204 00000000 128 128
1290 00000020 128 128
1294 00000000 128 128
1320 00002000 128 128
1324 00000000 128 128
1720 00002000 128 128
1724 00000000 128 128
1920 00002000 128 128
1924 00000000 128 128
2120 00002000 128 128
2124 00000000 128 128
2320 00002000 128 128
2324 00000000 128 128
2520 00002000 128 128
2524 00000000 128 128
2720 00002000 128 128
2724 00000000 128 128
2920 00000000 128 128
