0 00000000 128 128
150 00000008 128 128
152 00000000 128 128
300 00000008 128 128
302 00000000 128 128
450 00002000 128 128
452 00000000 128 128
700 00000080 128 128
1300 00000000 128 128
1302 00000010 128 128
1902 00000000 128 128
1904 00000020 128 128
2000 00000000 128 128
2002 00000010 128 128
2602 00000000 128 128
2604 00004000 128 128
2608 00000000 128 128
2640 00004000 128 128
2644 00000000 128 128
2676 00004000 128 128
2680 00000000 128 128
2712 00004000 128 128
2716 00000000 128 128
2748 00004000 128 128
2752 00000000 128 128
2784 00004000 128 128
2788 00000000 128 128
2820 00004000 128 128
2824 00000000 128 128
2856 00004000 128 128
2860 00000000 128 128
2892 00004000 128 128
2896 00000000 128 128
2928 00004000 128 128
2932 00000000 128 128
2964 00004000 128 128
2968 00000000 128 128
3000 00004000 128 128
3004 00000000 128 128
3036 00004000 128 128
3040 00000000 128 128
3072 00004000 128 128
3076 00000000 128 128
3108 00004000 128 128
3112 00000000 128 128
3144 00004000 128 128
3148 00000000 128 128
3180 00004000 128 128
3184 00000000 128 128
3216 00004000 128 128
3220 00000000 128 128
3252 00004000 128 128
3256 00000000 128 128
3288 00004000 128 128
3292 00000000 128 128
3324 00004000 128 128
3328 00000000 128 128
3360 00004000 128 128
3364 00000000 128 128
3396 00004000 128 128
3400 00000000 128 128
3432 00004000 128 128
3436 00000000 128 128
3468 00004000 128 128
3472 00000000 128 128
3504 00004000 128 128
3508 00000000 128 128
3540 00004000 128 128
3544 00000000 128 128
3576 00004000 128 128
3580 00000000 128 128
3612 00004000 128 128
3616 00000000 128 128
3648 00004000 128 128
3652 00000000 128 128
3684 00004000 128 128
3688 00000000 128 128
3720 00004000 128 128
3724 00000000 128 128
3756 00004000 128 128
3760 00000000 128 128
3792 00004000 128 128
3796 00000000 128 128
3828 00004000 128 128
3832 00000000 128 128
3864 00004000 128 128
3868 00000000 128 128
3900 00004000 128 128
3904 00000000 128 128
3936 00004000 128 128
3940 00000000 128 128
3972 00004000 128 128
3976 00000000 128 128
4008 00004000 128 128
4012 00000000 128 128
4044 00004000 128 128
4048 00000000 128 128
4080 00004000 128 128
4084 00000000 128 128
4116 00004000 128 128
4120 00000000 128 128
4152 00004000 128 128
4156 00000000 128 128
4188 00004000 128 128
4192 00000000 128 128
4224 00004000 128 128
4228 00000000 128 128
4260 00004000 128 128
4264 00000000 128 128
4296 00004000 128 128
4300 00000000 128 128
4332 00004000 128 128
4336 00000000 128 128
4368 00004000 128 128
4372 00000000 128 128
4404 00004000 128 128
4408 00000000 128 128
4440 00004000 128 128
4444 00000000 128 128
4476 00004000 128 128
4480 00000000 128 128
4512 00004000 128 128
4516 00000000 128 128
4548 00004000 128 128
4552 00000000 128 128
4584 00004000 128 128
4588 00000000 128 128
4620 00004000 128 128
4624 00000000 128 128
4656 00004000 128 128
4660 00000000 128 128
4692 00004000 128 128
4696 00000000 128 128
4728 00004000 128 128
4732 00000000 128 128
4824 00000010 128 128
5724 00000000 128 128
5726 00000020 128 128
6026 00000000 128 128
6028 00000010 128 128
6928 00000000 128 128
6930 00004000 128 128
6934 00000000 128 128
6966 00004000 128 128
6970 00000000 128 128
7002 00004000 128 128
7006 00000000 128 128
7038 00004000 128 128
7042 00000000 128 128
7074 00004000 128 128
7078 00000000 128 128
7110 00004000 128 128
7114 00000000 128 128
7146 00004000 128 128
7150 00000000 128 128
7182 00004000 128 128
7186 00000000 128 128
7218 00004000 128 128
7222 00000000 128 128
7254 00004000 128 128
7258 00000000 128 128
7290 00004000 128 128
7294 00000000 128 128
7326 00004000 128 128
7330 00000000 128 128
7362 00004000 128 128
7366 00000000 128 128
7398 00004000 128 128
7402 00000000 128 128
7434 00004000 128 128
7438 00000000 128 128
7470 00004000 128 128
7474 00000000 128 128
7506 00004000 128 128
7510 00000000 128 128
7542 00004000 128 128
7546 00000000 128 128
7578 00004000 128 128
7582 00000000 128 128
7614 00004000 128 128
7618 00000000 128 128
7650 00004000 128 128
7654 00000000 128 128
7686 00004000 128 128
7690 00000000 128 128
7722 00004000 128 128
7726 00000000 128 128
7758 00004000 128 128
7762 00000000 128 128
7794 00004000 128 128
7798 00000000 128 128
7830 00004000 128 128
7834 00000000 128 128
7866 00004000 128 128
7870 00000000 128 128
7902 00004000 128 128
7906 00000000 128 128
7938 00004000 128 128
7942 00000000 128 128
7974 00004000 128 128
7978 00000000 128 128
8010 00004000 128 128
8014 00000000 128 128
8046 00004000 128 128
8050 00000000 128 128
8082 00004000 128 128
8086 00000000 128 128
8118 00004000 128 128
8122 00000000 128 128
8154 00004000 128 128
8158 00000000 128 128
8190 00004000 128 128
8194 00000000 128 128
8226 00004000 128 128
8230 00000000 128 128
8262 00004000 128 128
8266 00000000 128 128
8298 00004000 128 128
8302 00000000 128 128
8334 00004000 128 128
8338 00000000 128 128
8370 00004000 128 128
8374 00000000 128 128
8406 00004000 128 128
8410 00000000 128 128
8442 00004000 128 128
8446 00000000 128 128
8478 00004000 128 128
8482 00000000 128 128
8514 00004000 128 128
8518 00000000 128 128
8550 00004000 128 128
8554 00000000 128 128
8586 00004000 128 128
8590 00000000 128 128
8622 00004000 128 128
8626 00000000 128 128
8658 00004000 128 128
8662 00000000 128 128
8694 00004000 128 128
8698 00000000 128 128
8730 00004000 128 128
8734 00000000 128 128
8766 00004000 128 128
8770 00000000 128 128
8802 00004000 128 128
8806 00000000 128 128
8838 00004000 128 128
8842 00000000 128 128
8874 00004000 128 128
8878 00000000 128 128
8910 00004000 128 128
8914 00000000 128 128
8946 00004000 128 128
8950 00000000 128 128
8982 00004000 128 128
8986 00000000 128 128
9018 00004000 128 128
9022 00000000 128 128
9054 00004000 128 128
9058 00000000 128 128
9090 00004000 128 128
9094 00000000 128 128
9126 00004000 128 128
9130 00000000 128 128
9162 00004000 128 128
9166 00000000 128 128
9198 00004000 128 128
9202 00000000 128 128
9234 00004000 128 128
9238 00000000 128 128
9270 00004000 128 128
9274 00000000 128 128
9306 00004000 128 128
9310 00000000 128 128
9342 00004000 128 128
9346 00000000 128 128
9378 00004000 128 128
9382 00000000 128 128
9414 00004000 128 128
9418 00000000 128 128
9450 00004000 128 128
9454 00000000 128 128
9486 00004000 128 128
9490 00000000 128 128
9522 00004000 128 128
9526 00000000 128 128
9558 00004000 128 128
9562 00000000 128 128
9594 00004000 128 128
9598 00000000 128 128
9630 00004000 128 128
9634 00000000 128 128
9666 00004000 128 128
9670 00000000 128 128
9702 00004000 128 128
9706 00000000 128 128
9738 00004000 128 128
9742 00000000 128 128
9774 00004000 128 128
9778 00000000 128 128
10110 00000020 128 128
10210 00000000 128 128
10212 00000010 128 128
11112 00000000 128 128
11114 00004000 128 128
11118 00000000 128 128
11150 00004000 128 128
11154 00000000 128 128
11186 00004000 128 128
11190 00000000 128 128
11222 00004000 128 128
11226 00000000 128 128
11258 00004000 128 128
11262 00000000 128 128
11294 00004000 128 128
11298 00000000 128 128
11330 00004000 128 128
11334 00000000 128 128
11366 00004000 128 128
11370 00000000 128 128
11402 00004000 128 128
11406 00000000 128 128
11438 00004000 128 128
11442 00000000 128 128
11534 00000020 128 128
11594 00000000 128 128
11596 00000010 128 128
12496 00000000 128 128
12498 00000020 128 128
12798 00000000 128 128
12800 00000010 128 128
13700 00000000 128 128
13702 00000080 128 128
13762 00000000 128 128
13764 00000010 128 128
14664 00000000 128 128
14666 00000020 128 128
15266 00000000 128 128
15268 00000010 128 128
16168 00000000 128 128
16170 00000040 128 128
16210 00000000 128 128
16212 00000020 128 128
16244 00000000 128 128
16246 00000010 128 128
16286 00000000 128 128
16348 00000000 128 128
