0 00000000 128 128
150 00000008 128 128
152 00000000 128 128
300 00000008 128 128
302 00000000 128 128
450 00002000 128 128
452 00000000 128 128
1200 00001000 128 128
1204 00000000 128 128
1290 00000200 128 128
1294 00000000 128 128
1320 00000080 128 128
1326 00000000 128 128
1350 00000010 128 128
1372 00000000 128 128
1380 00004000 128 128
1386 00000000 128 128
1880 00000200 128 128
1884 00000000 128 128
1910 00004000 128 128
1914 00000000 128 128
1944 00004000 128 128
1948 00000000 128 128
1978 00004000 128 128
1982 00000000 128 128
2012 00004000 128 128
2016 00000000 128 128
2046 00004000 128 128
2050 00000000 128 128
2080 00004000 128 128
2084 00000000 128 128
2114 00004000 128 128
2118 00000000 128 128
2148 00004000 128 128
2152 00000000 128 128
2182 00004000 128 128
2186 00000000 128 128
2216 00004000 128 128
2220 00000000 128 128
2250 00004000 128 128
2254 00000000 128 128
2284 00004000 128 128
2288 00000000 128 128
2318 00004000 128 128
2322 00000000 128 128
2352 00004000 128 128
2356 00000000 128 128
2386 00004000 128 128
2390 00000000 128 128
2420 00004000 128 128
2424 00000000 128 128
2454 00004000 128 128
2458 00000000 128 128
2488 00004000 128 128
2492 00000000 128 128
2522 00004000 128 128
2526 00000000 128 128
2556 00004000 128 128
2560 00000000 128 128
2590 00000000 128 128
