0 00000000 128 128
150 00000008 128 128
152 00000000 128 128
300 00000008 128 128
302 00000000 128 128
450 00002000 128 128
452 00000000 128 128
700 00000010 128 128
708 00000000 128 128
740 00000020 128 128
764 00000000 128 128
766 00000010 128 128
782 00000000 128 128
784 00000080 128 128
832 00000000 128 128
834 00000010 128 128
850 00000000 128 128
1452 00004000 128 128
1456 00000000 128 128
1488 00004000 128 128
1492 00000000 128 128
1524 00004000 128 128
1528 00000000 128 128
1560 00004000 128 128
1564 00000000 128 128
1596 00004000 128 128
1600 00000000 128 128
1632 00004000 128 128
1636 00000000 128 128
1668 00004000 128 128
1672 00000000 128 128
1704 00004000 128 128
1708 00000000 128 128
1740 00004000 128 128
1744 00000000 128 128
1776 00004000 128 128
1780 00000000 128 128
1812 00004000 128 128
1816 00000000 128 128
1848 00004000 128 128
1852 00000000 128 128
1884 00004000 128 128
1888 00000000 128 128
1920 00004000 128 128
1924 00000000 128 128
1956 00004000 128 128
1960 00000000 128 128
1992 00004000 128 128
1996 00000000 128 128
2028 00004000 128 128
2032 00000000 128 128
2064 00004000 128 128
2068 00000000 128 128
2100 00004000 128 128
2104 00000000 128 128
2136 00004000 128 128
2140 00000000 128 128
2172 00004000 128 128
2176 00000000 128 128
2208 00004000 128 128
2212 00000000 128 128
2244 00004000 128 128
2248 00000000 128 128
2280 00004000 128 128
2284 00000000 128 128
2316 00004000 128 128
2320 00000000 128 128
2352 00004000 128 128
2356 00000000 128 128
2388 00004000 128 128
2392 00000000 128 128
2424 00004000 128 128
2428 00000000 128 128
2460 00004000 128 128
2464 00000000 128 128
2496 00004000 128 128
2500 00000000 128 128
2532 00004000 128 128
2536 00000000 128 128
2568 00004000 128 128
2572 00000000 128 128
2604 00004000 128 128
2608 00000000 128 128
2640 00004000 128 128
2644 00000000 128 128
2676 00004000 128 128
2680 00000000 128 128
2712 00004000 128 128
2716 00000000 128 128
2748 00004000 128 128
2752 00000000 128 128
2784 00004000 128 128
2788 00000000 128 128
2820 00004000 128 128
2824 00000000 128 128
2856 00004000 128 128
2860 00000000 128 128
3192 00004000 128 128
3196 00000000 128 128
3228 00004000 128 128
3232 00000000 128 128
3264 00004000 128 128
3268 00000000 128 128
3300 00004000 128 128
3304 00000000 128 128
3376 00004000 128 128
3380 00000000 128 128
3412 00004000 128 128
3416 00000000 128 128
3448 00004000 128 128
3452 00000000 128 128
3484 00004000 128 128
3488 00000000 128 128
3560 00000010 128 128
3566 00000000 128 128
3588 00000010 128 128
3594 00000000 128 128
3616 00002000 128 128
3620 00000000 128 128
3752 00000010 128 128
3758 00000000 128 128
3790 00000010 128 128
3796 00000000 128 128
3828 00000080 128 128
3834 00000000 128 128
3866 00000040 128 128
3872 00000000 128 128
3904 00002000 128 128
3908 00000000 128 128
3980 00002000 128 128
3984 00000000 128 128
4016 00002000 128 128
4020 00000000 128 128
4052 00002000 128 128
4056 00000000 128 128
4088 00002000 128 128
4092 00000000 128 128
4124 00002000 128 128
4128 00000000 128 128
4160 00002000 128 128
4164 00000000 128 128
4196 00002000 128 128
4200 00000000 128 128
4232 00002000 128 128
4236 00000000 128 128
4268 00002000 128 128
4272 00000000 128 128
4304 00002000 128 128
4308 00000000 128 128
4340 00002000 128 128
4344 00000000 128 128
4376 00002000 128 128
4380 00000000 128 128
4472 00004000 128 128
4476 00000000 128 128
4508 00004000 128 128
4512 00000000 128 128
4544 00004000 128 128
4548 00000000 128 128
4580 00004000 128 128
4584 00000000 128 128
4656 00004000 128 128
4660 00000000 128 128
4692 00004000 128 128
4696 00000000 128 128
4728 00004000 128 128
4732 00000000 128 128
4764 00004000 128 128
4768 00000000 128 128
4840 00000010 128 128
4846 00000000 128 128
4868 00000010 128 128
4874 00000000 128 128
4896 00002000 128 128
4900 00000000 128 128
5032 00000010 128 128
5038 00000000 128 128
5070 00000010 128 128
5076 00000000 128 128
5108 00000080 128 128
5114 00000000 128 128
5146 00000040 128 128
5152 00000000 128 128
5184 00002000 128 128
5188 00000000 128 128
5260 00002000 128 128
5264 00000000 128 128
5296 00002000 128 128
5300 00000000 128 128
5332 00002000 128 128
5336 00000000 128 128
5368 00002000 128 128
5372 00000000 128 128
5404 00002000 128 128
5408 00000000 128 128
5440 00002000 128 128
5444 00000000 128 128
5476 00002000 128 128
5480 00000000 128 128
5512 00002000 128 128
5516 00000000 128 128
5548 00002000 128 128
5552 00000000 128 128
5584 00002000 128 128
5588 00000000 128 128
5620 00002000 128 128
5624 00000000 128 128
5656 00002000 128 128
5660 00000000 128 128
5752 00004000 128 128
5756 00000000 128 128
5788 00004000 128 128
5792 00000000 128 128
5824 00004000 128 128
5828 00000000 128 128
5860 00004000 128 128
5864 00000000 128 128
5936 00004000 128 128
5940 00000000 128 128
5972 00004000 128 128
5976 00000000 128 128
6008 00004000 128 128
6012 00000000 128 128
6044 00004000 128 128
6048 00000000 128 128
6120 00000010 128 128
6126 00000000 128 128
6148 00000010 128 128
6154 00000000 128 128
6176 00002000 128 128
6180 00000000 128 128
6312 00000010 128 128
6318 00000000 128 128
6350 00000010 128 128
6356 00000000 128 128
6388 00000080 128 128
6394 00000000 128 128
6426 00000040 128 128
6432 00000000 128 128
6464 00002000 128 128
6468 00000000 128 128
6540 00002000 128 128
6544 00000000 128 128
6576 00002000 128 128
6580 00000000 128 128
6612 00002000 128 128
6616 00000000 128 128
6648 00002000 128 128
6652 00000000 128 128
6684 00002000 128 128
6688 00000000 128 128
6720 00002000 128 128
6724 00000000 128 128
6756 00002000 128 128
6760 00000000 128 128
6792 00002000 128 128
6796 00000000 128 128
6828 00002000 128 128
6832 00000000 128 128
6864 00002000 128 128
6868 00000000 128 128
6900 00002000 128 128
6904 00000000 128 128
6936 00002000 128 128
6940 00000000 128 128
7032 00004000 128 128
7036 00000000 128 128
7068 00004000 128 128
7072 00000000 128 128
7104 00004000 128 128
7108 00000000 128 128
7140 00004000 128 128
7144 00000000 128 128
7216 00004000 128 128
7220 00000000 128 128
7252 00004000 128 128
7256 00000000 128 128
7288 00004000 128 128
7292 00000000 128 128
7324 00004000 128 128
7328 00000000 128 128
7400 00000010 128 128
7406 00000000 128 128
7428 00000010 128 128
7434 00000000 128 128
7456 00002000 128 128
7460 00000000 128 128
7592 00000010 128 128
7598 00000000 128 128
7630 00000010 128 128
7636 00000000 128 128
7668 00000080 128 128
7674 00000000 128 128
7706 00000040 128 128
7712 00000000 128 128
7744 00002000 128 128
7748 00000000 128 128
7820 00002000 128 128
7824 00000000 128 128
7856 00002000 128 128
7860 00000000 128 128
7892 00002000 128 128
7896 00000000 128 128
7928 00002000 128 128
7932 00000000 128 128
7964 00002000 128 128
7968 00000000 128 128
8000 00002000 128 128
8004 00000000 128 128
8036 00002000 128 128
8040 00000000 128 128
8072 00002000 128 128
8076 00000000 128 128
8108 00002000 128 128
8112 00000000 128 128
8144 00002000 128 128
8148 00000000 128 128
8180 00002000 128 128
8184 00000000 128 128
8216 00002000 128 128
8220 00000000 128 128
8312 00004000 128 128
8316 00000000 128 128
8348 00004000 128 128
8352 00000000 128 128
8384 00004000 128 128
8388 00000000 128 128
8420 00004000 128 128
8424 00000000 128 128
8496 00004000 128 128
8500 00000000 128 128
8532 00004000 128 128
8536 00000000 128 128
8568 00004000 128 128
8572 00000000 128 128
8604 00004000 128 128
8608 00000000 128 128
8680 00000010 128 128
8686 00000000 128 128
8708 00000010 128 128
8714 00000000 128 128
8736 00002000 128 128
8740 00000000 128 128
8872 00000010 128 128
8878 00000000 128 128
8910 00000010 128 128
8916 00000000 128 128
8948 00000080 128 128
8954 00000000 128 128
8986 00000040 128 128
8992 00000000 128 128
9024 00002000 128 128
9028 00000000 128 128
9100 00002000 128 128
9104 00000000 128 128
9136 00002000 128 128
9140 00000000 128 128
9172 00002000 128 128
9176 00000000 128 128
9208 00002000 128 128
9212 00000000 128 128
9244 00002000 128 128
9248 00000000 128 128
9280 00002000 128 128
9284 00000000 128 128
9316 00002000 128 128
9320 00000000 128 128
9352 00002000 128 128
9356 00000000 128 128
9388 00002000 128 128
9392 00000000 128 128
9424 00002000 128 128
9428 00000000 128 128
9460 00002000 128 128
9464 00000000 128 128
9496 00002000 128 128
9500 00000000 128 128
9592 00004000 128 128
9596 00000000 128 128
9628 00004000 128 128
9632 00000000 128 128
9664 00004000 128 128
9668 00000000 128 128
9700 00004000 128 128
9704 00000000 128 128
9776 00004000 128 128
9780 00000000 128 128
9812 00004000 128 128
9816 00000000 128 128
9848 00004000 128 128
9852 00000000 128 128
9884 00004000 128 128
9888 00000000 128 128
9960 00000010 128 128
9966 00000000 128 128
9988 00000010 128 128
9994 00000000 128 128
10016 00002000 128 128
10020 00000000 128 128
10152 00000010 128 128
10158 00000000 128 128
10190 00000010 128 128
10196 00000000 128 128
10228 00000080 128 128
10234 00000000 128 128
10266 00000040 128 128
10272 00000000 128 128
10304 00002000 128 128
10308 00000000 128 128
10380 00002000 128 128
10384 00000000 128 128
10416 00002000 128 128
10420 00000000 128 128
10452 00002000 128 128
10456 00000000 128 128
10488 00002000 128 128
10492 00000000 128 128
10524 00002000 128 128
10528 00000000 128 128
10560 00002000 128 128
10564 00000000 128 128
10596 00002000 128 128
10600 00000000 128 128
10632 00002000 128 128
10636 00000000 128 128
10668 00002000 128 128
10672 00000000 128 128
10704 00002000 128 128
10708 00000000 128 128
10740 00002000 128 128
10744 00000000 128 128
10776 00002000 128 128
10780 00000000 128 128
10872 00004000 128 128
10876 00000000 128 128
10908 00004000 128 128
10912 00000000 128 128
10944 00004000 128 128
10948 00000000 128 128
10980 00004000 128 128
10984 00000000 128 128
11056 00004000 128 128
11060 00000000 128 128
11092 00004000 128 128
11096 00000000 128 128
11128 00004000 128 128
11132 00000000 128 128
11164 00004000 128 128
11168 00000000 128 128
11240 00000010 128 128
11246 00000000 128 128
11268 00000010 128 128
11274 00000000 128 128
11296 00002000 128 128
11300 00000000 128 128
11432 00000010 128 128
11438 00000000 128 128
11470 00000010 128 128
11476 00000000 128 128
11508 00000080 128 128
11514 00000000 128 128
11546 00000040 128 128
11552 00000000 128 128
11584 00002000 128 128
11588 00000000 128 128
11660 00002000 128 128
11664 00000000 128 128
11696 00002000 128 128
11700 00000000 128 128
11732 00002000 128 128
11736 00000000 128 128
11768 00002000 128 128
11772 00000000 128 128
11804 00002000 128 128
11808 00000000 128 128
11840 00002000 128 128
11844 00000000 128 128
11876 00002000 128 128
11880 00000000 128 128
11912 00002000 128 128
11916 00000000 128 128
11948 00002000 128 128
11952 00000000 128 128
11984 00002000 128 128
11988 00000000 128 128
12020 00002000 128 128
12024 00000000 128 128
12056 00002000 128 128
12060 00000000 128 128
12152 00004000 128 128
12156 00000000 128 128
12188 00004000 128 128
12192 00000000 128 128
12224 00004000 128 128
12228 00000000 128 128
12260 00004000 128 128
12264 00000000 128 128
12336 00004000 128 128
12340 00000000 128 128
12372 00004000 128 128
12376 00000000 128 128
12408 00004000 128 128
12412 00000000 128 128
12444 00004000 128 128
12448 00000000 128 128
12520 00000010 128 128
12526 00000000 128 128
12548 00000010 128 128
12554 00000000 128 128
12576 00002000 128 128
12580 00000000 128 128
12712 00000010 128 128
12718 00000000 128 128
12750 00000010 128 128
12756 00000000 128 128
12788 00000080 128 128
12794 00000000 128 128
12826 00000040 128 128
12832 00000000 128 128
12864 00002000 128 128
12868 00000000 128 128
12940 00002000 128 128
12944 00000000 128 128
12976 00002000 128 128
12980 00000000 128 128
13012 00002000 128 128
13016 00000000 128 128
13048 00002000 128 128
13052 00000000 128 128
13084 00002000 128 128
13088 00000000 128 128
13120 00002000 128 128
13124 00000000 128 128
13156 00002000 128 128
13160 00000000 128 128
13192 00002000 128 128
13196 00000000 128 128
13228 00002000 128 128
13232 00000000 128 128
13264 00002000 128 128
13268 00000000 128 128
13300 00002000 128 128
13304 00000000 128 128
13336 00002000 128 128
13340 00000000 128 128
13432 00004000 128 128
13436 00000000 128 128
13468 00004000 128 128
13472 00000000 128 128
13504 00004000 128 128
13508 00000000 128 128
13540 00004000 128 128
13544 00000000 128 128
13616 00004000 128 128
13620 00000000 128 128
13652 00004000 128 128
13656 00000000 128 128
13688 00004000 128 128
13692 00000000 128 128
13724 00004000 128 128
13728 00000000 128 128
13800 00000010 128 128
13806 00000000 128 128
13828 00000010 128 128
13834 00000000 128 128
13856 00002000 128 128
13860 00000000 128 128
13992 00000010 128 128
13998 00000000 128 128
14030 00000010 128 128
14036 00000000 128 128
14068 00000080 128 128
14074 00000000 128 128
14106 00000040 128 128
14112 00000000 128 128
14144 00002000 128 128
14148 00000000 128 128
14220 00002000 128 128
14224 00000000 128 128
14256 00002000 128 128
14260 00000000 128 128
14292 00002000 128 128
14296 00000000 128 128
14328 00002000 128 128
14332 00000000 128 128
14364 00002000 128 128
14368 00000000 128 128
14400 00002000 128 128
14404 00000000 128 128
14436 00002000 128 128
14440 00000000 128 128
14472 00002000 128 128
14476 00000000 128 128
14508 00002000 128 128
14512 00000000 128 128
14544 00002000 128 128
14548 00000000 128 128
14580 00002000 128 128
14584 00000000 128 128
14616 00002000 128 128
14620 00000000 128 128
14712 00004000 128 128
14716 00000000 128 128
14748 00004000 128 128
14752 00000000 128 128
14784 00004000 128 128
14788 00000000 128 128
14820 00004000 128 128
14824 00000000 128 128
14896 00004000 128 128
14900 00000000 128 128
14932 00004000 128 128
14936 00000000 128 128
14968 00004000 128 128
14972 00000000 128 128
15004 00004000 128 128
15008 00000000 128 128
15080 00000010 128 128
15086 00000000 128 128
15108 00000010 128 128
15114 00000000 128 128
15136 00002000 128 128
15140 00000000 128 128
15272 00000010 128 128
15278 00000000 128 128
15310 00000010 128 128
15316 00000000 128 128
15348 00000080 128 128
15354 00000000 128 128
15386 00000040 128 128
15392 00000000 128 128
15424 00002000 128 128
15428 00000000 128 128
15500 00002000 128 128
15504 00000000 128 128
15536 00002000 128 128
15540 00000000 128 128
15572 00002000 128 128
15576 00000000 128 128
15608 00002000 128 128
15612 00000000 128 128
15644 00002000 128 128
15648 00000000 128 128
15680 00002000 128 128
15684 00000000 128 128
15716 00002000 128 128
15720 00000000 128 128
15752 00002000 128 128
15756 00000000 128 128
15788 00002000 128 128
15792 00000000 128 128
15824 00002000 128 128
15828 00000000 128 128
15860 00002000 128 128
15864 00000000 128 128
15896 00002000 128 128
15900 00000000 128 128
15992 00004000 128 128
15996 00000000 128 128
16028 00004000 128 128
16032 00000000 128 128
16064 00004000 128 128
16068 00000000 128 128
16100 00004000 128 128
16104 00000000 128 128
16176 00004000 128 128
16180 00000000 128 128
16212 00004000 128 128
16216 00000000 128 128
16248 00004000 128 128
16252 00000000 128 128
16284 00004000 128 128
16288 00000000 128 128
16360 00000010 128 128
16366 00000000 128 128
16388 00000010 128 128
16394 00000000 128 128
16416 00002000 128 128
16420 00000000 128 128
16552 00000010 128 128
16558 00000000 128 128
16590 00000010 128 128
16596 00000000 128 128
16628 00000080 128 128
16634 00000000 128 128
16666 00000040 128 128
16672 00000000 128 128
16704 00002000 128 128
16708 00000000 128 128
16780 00002000 128 128
16784 00000000 128 128
16816 00002000 128 128
16820 00000000 128 128
16852 00002000 128 128
16856 00000000 128 128
16888 00002000 128 128
16892 00000000 128 128
16924 00002000 128 128
16928 00000000 128 128
16960 00002000 128 128
16964 00000000 128 128
16996 00002000 128 128
17000 00000000 128 128
17032 00002000 128 128
17036 00000000 128 128
17068 00002000 128 128
17072 00000000 128 128
17104 00002000 128 128
17108 00000000 128 128
17140 00002000 128 128
17144 00000000 128 128
17176 00002000 128 128
17180 00000000 128 128
17272 00004000 128 128
17276 00000000 128 128
17308 00004000 128 128
17312 00000000 128 128
17344 00004000 128 128
17348 00000000 128 128
17380 00004000 128 128
17384 00000000 128 128
17456 00004000 128 128
17460 00000000 128 128
17492 00004000 128 128
17496 00000000 128 128
17528 00004000 128 128
17532 00000000 128 128
17564 00004000 128 128
17568 00000000 128 128
17640 00000010 128 128
17646 00000000 128 128
17668 00000010 128 128
17674 00000000 128 128
17696 00002000 128 128
17700 00000000 128 128
17832 00000010 128 128
17838 00000000 128 128
17870 00000010 128 128
17876 00000000 128 128
17908 00000080 128 128
17914 00000000 128 128
17946 00000040 128 128
17952 00000000 128 128
17984 00002000 128 128
17988 00000000 128 128
18060 00002000 128 128
18064 00000000 128 128
18096 00002000 128 128
18100 00000000 128 128
18132 00002000 128 128
18136 00000000 128 128
18168 00002000 128 128
18172 00000000 128 128
18204 00002000 128 128
18208 00000000 128 128
18240 00002000 128 128
18244 00000000 128 128
18276 00002000 128 128
18280 00000000 128 128
18312 00002000 128 128
18316 00000000 128 128
18348 00002000 128 128
18352 00000000 128 128
18384 00002000 128 128
18388 00000000 128 128
18420 00002000 128 128
18424 00000000 128 128
18456 00002000 128 128
18460 00000000 128 128
18552 00004000 128 128
18556 00000000 128 128
18588 00004000 128 128
18592 00000000 128 128
18624 00004000 128 128
18628 00000000 128 128
18660 00004000 128 128
18664 00000000 128 128
18736 00004000 128 128
18740 00000000 128 128
18772 00004000 128 128
18776 00000000 128 128
18808 00004000 128 128
18812 00000000 128 128
18844 00004000 128 128
18848 00000000 128 128
18920 00000010 128 128
18926 00000000 128 128
18948 00000010 128 128
18954 00000000 128 128
18976 00002000 128 128
18980 00000000 128 128
19112 00000010 128 128
19118 00000000 128 128
19150 00000010 128 128
19156 00000000 128 128
19188 00000080 128 128
19194 00000000 128 128
19226 00000040 128 128
19232 00000000 128 128
19264 00002000 128 128
19268 00000000 128 128
19340 00002000 128 128
19344 00000000 128 128
19376 00002000 128 128
19380 00000000 128 128
19412 00002000 128 128
19416 00000000 128 128
19448 00002000 128 128
19452 00000000 128 128
19484 00002000 128 128
19488 00000000 128 128
19520 00002000 128 128
19524 00000000 128 128
19556 00002000 128 128
19560 00000000 128 128
19592 00002000 128 128
19596 00000000 128 128
19628 00002000 128 128
19632 00000000 128 128
19664 00002000 128 128
19668 00000000 128 128
19700 00002000 128 128
19704 00000000 128 128
19736 00002000 128 128
19740 00000000 128 128
19832 00004000 128 128
19836 00000000 128 128
19868 00004000 128 128
19872 00000000 128 128
19904 00004000 128 128
19908 00000000 128 128
19940 00004000 128 128
19944 00000000 128 128
20016 00004000 128 128
20020 00000000 128 128
20052 00004000 128 128
20056 00000000 128 128
20088 00004000 128 128
20092 00000000 128 128
20124 00004000 128 128
20128 00000000 128 128
20200 00000010 128 128
20206 00000000 128 128
20228 00000010 128 128
20234 00000000 128 128
20256 00002000 128 128
20260 00000000 128 128
20392 00000010 128 128
20398 00000000 128 128
20430 00000010 128 128
20436 00000000 128 128
20468 00000080 128 128
20474 00000000 128 128
20506 00000040 128 128
20512 00000000 128 128
20544 00002000 128 128
20548 00000000 128 128
20620 00002000 128 128
20624 00000000 128 128
20656 00002000 128 128
20660 00000000 128 128
20692 00002000 128 128
20696 00000000 128 128
20728 00002000 128 128
20732 00000000 128 128
20764 00002000 128 128
20768 00000000 128 128
20800 00002000 128 128
20804 00000000 128 128
20836 00002000 128 128
20840 00000000 128 128
20872 00002000 128 128
20876 00000000 128 128
20908 00002000 128 128
20912 00000000 128 128
20944 00002000 128 128
20948 00000000 128 128
20980 00002000 128 128
20984 00000000 128 128
21016 00002000 128 128
21020 00000000 128 128
21232 00004000 128 128
21236 00000000 128 128
21268 00004000 128 128
21272 00000000 128 128
21304 00004000 128 128
21308 00000000 128 128
21340 00004000 128 128
21344 00000000 128 128
21376 00004000 128 128
21380 00000000 128 128
21412 00004000 128 128
21416 00000000 128 128
21448 00004000 128 128
21452 00000000 128 128
21484 00004000 128 128
21488 00000000 128 128
21520 00004000 128 128
21524 00000000 128 128
21556 00004000 128 128
21560 00000000 128 128
21592 00004000 128 128
21596 00000000 128 128
21628 00004000 128 128
21632 00000000 128 128
21664 00004000 128 128
21668 00000000 128 128
21700 00004000 128 128
21704 00000000 128 128
21736 00004000 128 128
21740 00000000 128 128
21772 00004000 128 128
21776 00000000 128 128
21808 00004000 128 128
21812 00000000 128 128
21844 00004000 128 128
21848 00000000 128 128
21880 00004000 128 128
21884 00000000 128 128
21916 00004000 128 128
21920 00000000 128 128
21952 00004000 128 128
21956 00000000 128 128
21988 00004000 128 128
21992 00000000 128 128
22024 00004000 128 128
22028 00000000 128 128
22060 00004000 128 128
22064 00000000 128 128
22096 00004000 128 128
22100 00000000 128 128
22132 00004000 128 128
22136 00000000 128 128
22168 00004000 128 128
22172 00000000 128 128
22204 00004000 128 128
22208 00000000 128 128
22240 00004000 128 128
22244 00000000 128 128
22276 00004000 128 128
22280 00000000 128 128
22312 00004000 128 128
22316 00000000 128 128
22348 00004000 128 128
22352 00000000 128 128
22384 00004000 128 128
22388 00000000 128 128
22420 00004000 128 128
22424 00000000 128 128
22456 00004000 128 128
22460 00000000 128 128
22492 00004000 128 128
22496 00000000 128 128
22528 00004000 128 128
22532 00000000 128 128
22564 00004000 128 128
22568 00000000 128 128
22600 00004000 128 128
22604 00000000 128 128
22636 00004000 128 128
22640 00000000 128 128
22672 00004000 128 128
22676 00000000 128 128
22708 00004000 128 128
22712 00000000 128 128
22744 00004000 128 128
22748 00000000 128 128
22780 00004000 128 128
22784 00000000 128 128
22816 00004000 128 128
22820 00000000 128 128
22852 00004000 128 128
22856 00000000 128 128
22888 00004000 128 128
22892 00000000 128 128
22924 00004000 128 128
22928 00000000 128 128
22960 00004000 128 128
22964 00000000 128 128
22996 00004000 128 128
23000 00000000 128 128
23032 00004000 128 128
23036 00000000 128 128
23068 00004000 128 128
23072 00000000 128 128
23104 00004000 128 128
23108 00000000 128 128
23140 00004000 128 128
23144 00000000 128 128
23176 00004000 128 128
23180 00000000 128 128
23212 00004000 128 128
23216 00000000 128 128
23248 00004000 128 128
23252 00000000 128 128
23284 00004000 128 128
23288 00000000 128 128
23320 00004000 128 128
23324 00000000 128 128
23356 00004000 128 128
23360 00000000 128 128
23452 00001000 128 128
23456 00000000 128 128
23558 00000010 128 128
23564 00000000 128 128
23586 00000010 128 128
23592 00000000 128 128
23614 00000010 128 128
23620 00000000 128 128
23642 00000020 128 128
23648 00000000 128 128
23680 00002000 128 128
23684 00000000 128 128
24096 00002000 128 128
24100 00000000 128 128
24312 00002000 128 128
24316 00000000 128 128
24528 00002000 128 128
24532 00000000 128 128
24744 00002000 128 128
24748 00000000 128 128
24960 00002000 128 128
24964 00000000 128 128
25236 00000000 128 128
