0 00000000 128 128
150 00000008 128 128
152 00000000 128 128
300 00000008 128 128
302 00000000 128 128
450 00002000 128 128
452 00000000 128 128
600 00000040 128 128
820 00000000 128 128
1350 00000080 128 128
1670 00000000 128 128
1730 00002000 128 128
1734 00000000 128 128
1790 00002000 128 128
1794 00000000 128 128
1850 00002000 128 128
1854 00000000 128 128
1910 00002000 128 128
1914 00000000 128 128
1970 00002000 128 128
1974 00000000 128 128
2030 00002000 128 128
2034 00000000 128 128
2090 00002000 128 128
2094 00000000 128 128
2150 00002000 128 128
2154 00000000 128 128
2210 00002000 128 128
2214 00000000 128 128
2270 00002000 128 128
2274 00000000 128 128
2330 00002000 128 128
2334 00000000 128 128
2390 00002000 128 128
2394 00000000 128 128
2450 00002000 128 128
2454 00000000 128 128
2510 00002000 128 128
2514 00000000 128 128
2570 00000010 128 128
2770 00000000 128 128
2790 00000080 128 128
2940 00000000 128 128
