0 00000000 128 128
150 00000008 128 128
152 00000000 128 128
300 00000008 128 128
302 00000000 128 128
450 00002000 128 128
452 00000000 128 128
700 00000080 128 128
708 00000000 128 128
720 00000040 128 128
760 00000000 128 128
822 00004000 128 128
826 00000000 128 128
858 00004000 128 128
862 00000000 128 128
894 00004000 128 128
898 00000000 128 128
930 00004000 128 128
934 00000000 128 128
966 00004000 128 128
970 00000000 128 128
1002 00004000 128 128
1006 00000000 128 128
1038 00004000 128 128
1042 00000000 128 128
1074 00004000 128 128
1078 00000000 128 128
1110 00004000 128 128
1114 00000000 128 128
1146 00004000 128 128
1150 00000000 128 128
1182 00004000 128 128
1186 00000000 128 128
1218 00004000 128 128
1222 00000000 128 128
1254 00004000 128 128
1258 00000000 128 128
1290 00004000 128 128
1294 00000000 128 128
1326 00004000 128 128
1330 00000000 128 128
1362 00004000 128 128
1366 00000000 128 128
1398 00004000 128 128
1402 00000000 128 128
1434 00004000 128 128
1438 00000000 128 128
1470 00004000 128 128
1474 00000000 128 128
1506 00004000 128 128
1510 00000000 128 128
1542 00004000 128 128
1546 00000000 128 128
1578 00004000 128 128
1582 00000000 128 128
1614 00004000 128 128
1618 00000000 128 128
1650 00004000 128 128
1654 00000000 128 128
1686 00004000 128 128
1690 00000000 128 128
1722 00004000 128 128
1726 00000000 128 128
1758 00004000 128 128
1762 00000000 128 128
1794 00004000 128 128
1798 00000000 128 128
1830 00004000 128 128
1834 00000000 128 128
1866 00004000 128 128
1870 00000000 128 128
1902 00004000 128 128
1906 00000000 128 128
1938 00004000 128 128
1942 00000000 128 128
1974 00004000 128 128
1978 00000000 128 128
2010 00004000 128 128
2014 00000000 128 128
2046 00004000 128 128
2050 00000000 128 128
2082 00004000 128 128
2086 00000000 128 128
2118 00004000 128 128
2122 00000000 128 128
2154 00004000 128 128
2158 00000000 128 128
2190 00004000 128 128
2194 00000000 128 128
2226 00004000 128 128
2230 00000000 128 128
2382 00000080 128 128
2414 00000000 128 128
2416 00000040 128 128
3316 00000000 128 128
3318 00000020 128 128
3382 00000000 128 128
3384 00000040 128 128
4284 00000000 128 128
4286 00000080 128 128
4350 00000000 128 128
4352 00000040 128 128
5252 00000000 128 128
5254 00000080 128 128
5302 00000000 128 128
5334 00004000 128 128
5338 00000000 128 128
5370 00004000 128 128
5374 00000000 128 128
5406 00004000 128 128
5410 00000000 128 128
5442 00004000 128 128
5446 00000000 128 128
5478 00004000 128 128
5482 00000000 128 128
5514 00004000 128 128
5518 00000000 128 128
5550 00004000 128 128
5554 00000000 128 128
5586 00004000 128 128
5590 00000000 128 128
5622 00004000 128 128
5626 00000000 128 128
5658 00004000 128 128
5662 00000000 128 128
5754 00000040 128 128
6654 00000000 128 128
6686 00004000 128 128
6690 00000000 128 128
6722 00004000 128 128
6726 00000000 128 128
6758 00004000 128 128
6762 00000000 128 128
6794 00004000 128 128
6798 00000000 128 128
6830 00004000 128 128
6834 00000000 128 128
6866 00004000 128 128
6870 00000000 128 128
6902 00004000 128 128
6906 00000000 128 128
6938 00004000 128 128
6942 00000000 128 128
6974 00004000 128 128
6978 00000000 128 128
7010 00004000 128 128
7014 00000000 128 128
7106 00000080 128 128
7210 00000000 128 128
7242 00004000 128 128
7246 00000000 128 128
7278 00004000 128 128
7282 00000000 128 128
7314 00004000 128 128
7318 00000000 128 128
7350 00004000 128 128
7354 00000000 128 128
7386 00004000 128 128
7390 00000000 128 128
7422 00004000 128 128
7426 00000000 128 128
7458 00004000 128 128
7462 00000000 128 128
7494 00004000 128 128
7498 00000000 128 128
7530 00004000 128 128
7534 00000000 128 128
7566 00004000 128 128
7570 00000000 128 128
7662 00000040 128 128
7742 00000000 128 128
7864 00000000 128 128
