0 00000000 128 128
150 00000008 128 128
152 00000000 128 128
300 00000008 128 128
302 00000000 128 128
450 00002000 128 128
452 00000000 128 128
2200 00004000 128 128
2204 00000000 128 128
2236 00004000 128 128
2240 00000000 128 128
2272 00004000 128 128
2276 00000000 128 128
2308 00004000 128 128
2312 00000000 128 128
2344 00004000 128 128
2348 00000000 128 128
2380 00004000 128 128
2384 00000000 128 128
2616 00000040 128 128
2624 00000000 128 128
2686 00000010 128 128
2694 00000000 128 128
2756 00000010 128 128
2764 00000000 128 128
2826 00000010 128 128
2834 00000000 128 128
3236 00002000 128 128
3240 00000000 128 128
3952 00002000 128 128
3956 00000000 128 128
4218 00002000 128 128
4222 00000000 128 128
4484 00002000 128 128
4488 00000000 128 128
4750 00002000 128 128
4754 00000000 128 128
5016 00002000 128 128
5020 00000000 128 128
5282 00002000 128 128
5286 00000000 128 128
5548 00002000 128 128
5552 00000000 128 128
5814 00002000 128 128
5818 00000000 128 128
6080 00002000 128 128
6084 00000000 128 128
6346 00002000 128 128
6350 00000000 128 128
6612 00002000 128 128
6616 00000000 128 128
6878 00002000 128 128
6882 00000000 128 128
7144 00002000 128 128
7148 00000000 128 128
7410 00002000 128 128
7414 00000000 128 128
7676 00002000 128 128
7680 00000000 128 128
7942 00002000 128 128
7946 00000000 128 128
8208 00002000 128 128
8212 00000000 128 128
8474 00002000 128 128
8478 00000000 128 128
8740 00002000 128 128
8744 00000000 128 128
9006 00002000 128 128
9010 00000000 128 128
9272 00002000 128 128
9276 00000000 128 128
9538 00002000 128 128
9542 00000000 128 128
9804 00002000 128 128
9808 00000000 128 128
10070 00002000 128 128
10074 00000000 128 128
10336 00002000 128 128
10340 00000000 128 128
10602 00002000 128 128
10606 00000000 128 128
10868 00002000 128 128
10872 00000000 128 128
11134 00002000 128 128
11138 00000000 128 128
11400 00002000 128 128
11404 00000000 128 128
11666 00002000 128 128
11670 00000000 128 128
11932 00002000 128 128
11936 00000000 128 128
12198 00002000 128 128
12202 00000000 128 128
12464 00002000 128 128
12468 00000000 128 128
12730 00002000 128 128
12734 00000000 128 128
12996 00002000 128 128
13000 00000000 128 128
13262 00002000 128 128
13266 00000000 128 128
13528 00002000 128 128
13532 00000000 128 128
13794 00002000 128 128
13798 00000000 128 128
14060 00002000 128 128
14064 00000000 128 128
14326 00002000 128 128
14330 00000000 128 128
15192 00000010 128 128
15200 00000000 128 128
15502 00000000 128 128
