0 00000000 128 128
150 00000008 128 128
152 00000000 128 128
300 00000008 128 128
302 00000000 128 128
450 00002000 128 128
452 00000000 128 128
700 00000020 128 128
724 00000000 128 128
726 00000040 128 128
758 00000000 128 128
760 00000020 128 128
768 00000000 128 128
770 00000040 128 128
778 00000000 128 128
780 00000020 128 128
788 00000000 128 128
790 00000040 128 128
838 00000000 128 128
840 00000040 128 128
848 00000000 128 128
1030 00000080 128 128
1038 00000000 128 128
1040 00000040 128 128
1056 00000000 128 128
1058 00000080 128 128
1066 00000000 128 128
1068 00000040 128 128
1084 00000000 128 128
1086 00000080 128 128
1102 00000000 128 128
1104 00000040 128 128
1304 00000000 128 128
1306 00000080 128 128
1338 00000000 128 128
1340 00000010 128 128
1356 00000000 128 128
1478 00000010 128 128
1678 00000000 128 128
1740 00004000 128 128
1744 00000000 128 128
1776 00004000 128 128
1780 00000000 128 128
1812 00004000 128 128
1816 00000000 128 128
1848 00004000 128 128
1852 00000000 128 128
1884 00004000 128 128
1888 00000000 128 128
1920 00004000 128 128
1924 00000000 128 128
1956 00004000 128 128
1960 00000000 128 128
1992 00004000 128 128
1996 00000000 128 128
2028 00004000 128 128
2032 00000000 128 128
2064 00004000 128 128
2068 00000000 128 128
2100 00004000 128 128
2104 00000000 128 128
2136 00004000 128 128
2140 00000000 128 128
2172 00004000 128 128
2176 00000000 128 128
2208 00004000 128 128
2212 00000000 128 128
2244 00004000 128 128
2248 00000000 128 128
2280 00004000 128 128
2284 00000000 128 128
2316 00004000 128 128
2320 00000000 128 128
2352 00004000 128 128
2356 00000000 128 128
2388 00004000 128 128
2392 00000000 128 128
2424 00004000 128 128
2428 00000000 128 128
2520 00001000 128 128
2524 00000000 128 128
2626 00000010 128 128
2632 00000000 128 128
2654 00000010 128 128
2660 00000000 128 128
2682 00000010 128 128
2688 00000000 128 128
2710 00000020 128 128
2716 00000000 128 128
2748 00002000 128 128
2752 00000000 128 128
3164 00002000 128 128
3168 00000000 128 128
3380 00002000 128 128
3384 00000000 128 128
3596 00002000 128 128
3600 00000000 128 128
3812 00002000 128 128
3816 00000000 128 128
4028 00002000 128 128
4032 00000000 128 128
4304 00000000 128 128
