0 00000000 128 128
150 00000008 128 128
152 00000000 128 128
300 00000008 128 128
302 00000000 128 128
450 00002000 128 128
452 00000000 128 128
1200 00000080 128 128
1248 00000000 128 128
1270 00000040 128 128
1278 00000000 128 128
1310 00000020 128 128
1358 00000000 128 128
1380 00000040 128 128
1388 00000000 128 128
1420 00000080 128 128
1468 00000000 128 128
1490 00000040 128 128
1498 00000000 128 128
1530 00000020 128 128
1578 00000000 128 128
1600 00000040 128 128
1608 00000000 128 128
1640 00000080 128 128
1688 00000000 128 128
1710 00000040 128 128
1718 00000000 128 128
1750 00000020 128 128
1798 00000000 128 128
1820 00000040 128 128
1828 00000000 128 128
1860 00000080 128 128
1908 00000000 128 128
1930 00000040 128 128
1938 00000000 128 128
1970 00000020 128 128
2018 00000000 128 128
2040 00000040 128 128
2048 00000000 128 128
5080 00000000 128 128
