0 00000000 128 128
150 00000008 128 128
152 00000000 128 128
300 00000008 128 128
302 00000000 128 128
450 00002000 128 128
452 00000000 128 128
700 00000010 128 128
708 00000000 128 128
740 00000040 128 128
772 00000000 128 128
804 00000040 128 128
812 00000000 128 128
1414 00000040 128 128
1478 00000000 128 128
1780 00004000 128 128
1784 00000000 128 128
1816 00004000 128 128
1820 00000000 128 128
1852 00004000 128 128
1856 00000000 128 128
1888 00004000 128 128
1892 00000000 128 128
1924 00004000 128 128
1928 00000000 128 128
1960 00004000 128 128
1964 00000000 128 128
1996 00004000 128 128
2000 00000000 128 128
2032 00004000 128 128
2036 00000000 128 128
2068 00004000 128 128
2072 00000000 128 128
2104 00004000 128 128
2108 00000000 128 128
2200 00000040 128 128
2248 00000000 128 128
2280 00004000 128 128
2284 00000000 128 128
2316 00004000 128 128
2320 00000000 128 128
2352 00004000 128 128
2356 00000000 128 128
2388 00004000 128 128
2392 00000000 128 128
2424 00004000 128 128
2428 00000000 128 128
2460 00004000 128 128
2464 00000000 128 128
2496 00004000 128 128
2500 00000000 128 128
2532 00004000 128 128
2536 00000000 128 128
2568 00004000 128 128
2572 00000000 128 128
2604 00004000 128 128
2608 00000000 128 128
2670 00000020 128 128
2742 00000000 128 128
2774 00004000 128 128
2778 00000000 128 128
2810 00004000 128 128
2814 00000000 128 128
2846 00004000 128 128
2850 00000000 128 128
2882 00004000 128 128
2886 00000000 128 128
2918 00004000 128 128
2922 00000000 128 128
2954 00004000 128 128
2958 00000000 128 128
2990 00004000 128 128
2994 00000000 128 128
3026 00004000 128 128
3030 00000000 128 128
3062 00004000 128 128
3066 00000000 128 128
3098 00004000 128 128
3102 00000000 128 128
3164 00000040 128 128
3236 00000000 128 128
3268 00004000 128 128
3272 00000000 128 128
3304 00004000 128 128
3308 00000000 128 128
3340 00004000 128 128
3344 00000000 128 128
3376 00004000 128 128
3380 00000000 128 128
3412 00004000 128 128
3416 00000000 128 128
3448 00004000 128 128
3452 00000000 128 128
3484 00004000 128 128
3488 00000000 128 128
3520 00004000 128 128
3524 00000000 128 128
3556 00004000 128 128
3560 00000000 128 128
3592 00004000 128 128
3596 00000000 128 128
3658 00000020 128 128
3730 00000000 128 128
3762 00004000 128 128
3766 00000000 128 128
3798 00004000 128 128
3802 00000000 128 128
3834 00004000 128 128
3838 00000000 128 128
3870 00004000 128 128
3874 00000000 128 128
3906 00004000 128 128
3910 00000000 128 128
3942 00004000 128 128
3946 00000000 128 128
3978 00004000 128 128
3982 00000000 128 128
4014 00004000 128 128
4018 00000000 128 128
4050 00004000 128 128
4054 00000000 128 128
4086 00004000 128 128
4090 00000000 128 128
4152 00000010 128 128
4160 00000000 128 128
4192 00000010 128 128
4208 00000000 128 128
4410 00000010 128 128
4458 00000000 128 128
4520 00002000 128 128
4524 00000000 128 128
4656 00004000 128 128
4660 00000000 128 128
4692 00004000 128 128
4696 00000000 128 128
4728 00004000 128 128
4732 00000000 128 128
4764 00004000 128 128
4768 00000000 128 128
4800 00004000 128 128
4804 00000000 128 128
4836 00004000 128 128
4840 00000000 128 128
4872 00004000 128 128
4876 00000000 128 128
4908 00004000 128 128
4912 00000000 128 128
4944 00004000 128 128
4948 00000000 128 128
4980 00004000 128 128
4984 00000000 128 128
5016 00004000 128 128
5020 00000000 128 128
5052 00004000 128 128
5056 00000000 128 128
5088 00004000 128 128
5092 00000000 128 128
5124 00004000 128 128
5128 00000000 128 128
5160 00004000 128 128
5164 00000000 128 128
5196 00004000 128 128
5200 00000000 128 128
5232 00004000 128 128
5236 00000000 128 128
5268 00004000 128 128
5272 00000000 128 128
5304 00004000 128 128
5308 00000000 128 128
5340 00004000 128 128
5344 00000000 128 128
5436 00002000 128 128
5440 00000000 128 128
5572 00002000 128 128
5576 00000000 128 128
5988 00004000 128 128
5992 00000000 128 128
6024 00004000 128 128
6028 00000000 128 128
6060 00004000 128 128
6064 00000000 128 128
6096 00004000 128 128
6100 00000000 128 128
6132 00004000 128 128
6136 00000000 128 128
6168 00004000 128 128
6172 00000000 128 128
6204 00004000 128 128
6208 00000000 128 128
6240 00004000 128 128
6244 00000000 128 128
6276 00004000 128 128
6280 00000000 128 128
6312 00004000 128 128
6316 00000000 128 128
6348 00004000 128 128
6352 00000000 128 128
6384 00004000 128 128
6388 00000000 128 128
6420 00004000 128 128
6424 00000000 128 128
6456 00004000 128 128
6460 00000000 128 128
6492 00004000 128 128
6496 00000000 128 128
6528 00004000 128 128
6532 00000000 128 128
6564 00004000 128 128
6568 00000000 128 128
6600 00004000 128 128
6604 00000000 128 128
6636 00004000 128 128
6640 00000000 128 128
6672 00004000 128 128
6676 00000000 128 128
6708 00004000 128 128
6712 00000000 128 128
6744 00004000 128 128
6748 00000000 128 128
6780 00004000 128 128
6784 00000000 128 128
6816 00004000 128 128
6820 00000000 128 128
6852 00004000 128 128
6856 00000000 128 128
6888 00004000 128 128
6892 00000000 128 128
6924 00004000 128 128
6928 00000000 128 128
6960 00004000 128 128
6964 00000000 128 128
6996 00004000 128 128
7000 00000000 128 128
7032 00004000 128 128
7036 00000000 128 128
7068 00004000 128 128
7072 00000000 128 128
7104 00004000 128 128
7108 00000000 128 128
7140 00004000 128 128
7144 00000000 128 128
7176 00004000 128 128
7180 00000000 128 128
7212 00004000 128 128
7216 00000000 128 128
7248 00004000 128 128
7252 00000000 128 128
7284 00004000 128 128
7288 00000000 128 128
7320 00004000 128 128
7324 00000000 128 128
7356 00004000 128 128
7360 00000000 128 128
7392 00004000 128 128
7396 00000000 128 128
7428 00004000 128 128
7432 00000000 128 128
7464 00004000 128 128
7468 00000000 128 128
7500 00004000 128 128
7504 00000000 128 128
7536 00004000 128 128
7540 00000000 128 128
7572 00004000 128 128
7576 00000000 128 128
7608 00004000 128 128
7612 00000000 128 128
7644 00004000 128 128
7648 00000000 128 128
7680 00004000 128 128
7684 00000000 128 128
7716 00004000 128 128
7720 00000000 128 128
7752 00004000 128 128
7756 00000000 128 128
7788 00004000 128 128
7792 00000000 128 128
7824 00004000 128 128
7828 00000000 128 128
7860 00004000 128 128
7864 00000000 128 128
7896 00004000 128 128
7900 00000000 128 128
7932 00004000 128 128
7936 00000000 128 128
7968 00004000 128 128
7972 00000000 128 128
8004 00004000 128 128
8008 00000000 128 128
8040 00004000 128 128
8044 00000000 128 128
8076 00004000 128 128
8080 00000000 128 128
8112 00004000 128 128
8116 00000000 128 128
8268 00001000 128 128
8272 00000000 128 128
8374 00000010 128 128
8380 00000000 128 128
8402 00000010 128 128
8408 00000000 128 128
8430 00000010 128 128
8436 00000000 128 128
8458 00000020 128 128
8464 00000000 128 128
8496 00002000 128 128
8500 00000000 128 128
8912 00002000 128 128
8916 00000000 128 128
9128 00002000 128 128
9132 00000000 128 128
9344 00002000 128 128
9348 00000000 128 128
9560 00002000 128 128
9564 00000000 128 128
9776 00002000 128 128
9780 00000000 128 128
10052 00000000 128 128
