0 00000000 128 128
150 00000008 128 128
152 00000000 128 128
300 00000008 128 128
302 00000000 128 128
450 00002000 128 128
452 00000000 128 128
1200 00000040 128 128
1208 00000000 128 128
1300 00000020 128 128
1380 00000000 128 128
1500 00000010 128 128
1508 00000000 128 128
2000 00000010 128 128
2024 00000000 128 128
2100 00000020 128 128
2116 00000000 128 128
2200 00002000 128 128
2204 00000000 128 128
2234 00002000 128 128
2238 00000000 128 128
2268 00002000 128 128
2272 00000000 128 128
2302 00002000 128 128
2306 00000000 128 128
2336 00002000 128 128
2340 00000000 128 128
2370 00002000 128 128
2374 00000000 128 128
2404 00002000 128 128
2408 00000000 128 128
2438 00002000 128 128
2442 00000000 128 128
2472 00002000 128 128
2476 00000000 128 128
2506 00002000 128 128
2510 00000000 128 128
2540 00002000 128 128
2544 00000000 128 128
2574 00002000 128 128
2578 00000000 128 128
2608 00002000 128 128
2612 00000000 128 128
2642 00002000 128 128
2646 00000000 128 128
2676 00002000 128 128
2680 00000000 128 128
2710 00002000 128 128
2714 00000000 128 128
2744 00002000 128 128
2748 00000000 128 128
2778 00002000 128 128
2782 00000000 128 128
2812 00002000 128 128
2816 00000000 128 128
2846 00002000 128 128
2850 00000000 128 128
2880 00002000 128 128
2884 00000000 128 128
2914 00002000 128 128
2918 00000000 128 128
2948 00002000 128 128
2952 00000000 128 128
2982 00002000 128 128
2986 00000000 128 128
3016 00002000 128 128
3020 00000000 128 128
3050 00002000 128 128
3054 00000000 128 128
3084 00002000 128 128
3088 00000000 128 128
3118 00002000 128 128
3122 00000000 128 128
3152 00002000 128 128
3156 00000000 128 128
3186 00002000 128 128
3190 00000000 128 128
3220 00002000 128 128
3224 00000000 128 128
3254 00002000 128 128
3258 00000000 128 128
3288 00002000 128 128
3292 00000000 128 128
3322 00002000 128 128
3326 00000000 128 128
3356 00002000 128 128
3360 00000000 128 128
3390 00002000 128 128
3394 00000000 128 128
3424 00002000 128 128
3428 00000000 128 128
3458 00002000 128 128
3462 00000000 128 128
3492 00002000 128 128
3496 00000000 128 128
3526 00002000 128 128
3530 00000000 128 128
3560 00000000 128 128
