0 00000000 128 128
150 00000008 128 128
152 00000000 128 128
300 00000008 128 128
302 00000000 128 128
450 00002000 128 128
452 00000000 128 128
700 00000080 128 128
844 00000000 128 128
1446 00002000 128 128
1450 00000000 128 128
1482 00002000 128 128
1486 00000000 128 128
1518 00002000 128 128
1522 00000000 128 128
1554 00002000 128 128
1558 00000000 128 128
1590 00002000 128 128
1594 00000000 128 128
1626 00002000 128 128
1630 00000000 128 128
1662 00002000 128 128
1666 00000000 128 128
1698 00002000 128 128
1702 00000000 128 128
1734 00002000 128 128
1738 00000000 128 128
1770 00002000 128 128
1774 00000000 128 128
1806 00002000 128 128
1810 00000000 128 128
1842 00002000 128 128
1846 00000000 128 128
1878 00002000 128 128
1882 00000000 128 128
1914 00002000 128 128
1918 00000000 128 128
1950 00002000 128 128
1954 00000000 128 128
1986 00002000 128 128
1990 00000000 128 128
2022 00002000 128 128
2026 00000000 128 128
2058 00002000 128 128
2062 00000000 128 128
2094 00002000 128 128
2098 00000000 128 128
2130 00002000 128 128
2134 00000000 128 128
2166 00002000 128 128
2170 00000000 128 128
2202 00002000 128 128
2206 00000000 128 128
2238 00002000 128 128
2242 00000000 128 128
2274 00002000 128 128
2278 00000000 128 128
2310 00002000 128 128
2314 00000000 128 128
2346 00002000 128 128
2350 00000000 128 128
2382 00002000 128 128
2386 00000000 128 128
2418 00002000 128 128
2422 00000000 128 128
2454 00002000 128 128
2458 00000000 128 128
2490 00002000 128 128
2494 00000000 128 128
2526 00002000 128 128
2530 00000000 128 128
2562 00002000 128 128
2566 00000000 128 128
2598 00002000 128 128
2602 00000000 128 128
2634 00002000 128 128
2638 00000000 128 128
2670 00002000 128 128
2674 00000000 128 128
2706 00002000 128 128
2710 00000000 128 128
2742 00002000 128 128
2746 00000000 128 128
2778 00002000 128 128
2782 00000000 128 128
2814 00002000 128 128
2818 00000000 128 128
2850 00002000 128 128
2854 00000000 128 128
2886 00002000 128 128
2890 00000000 128 128
2922 00002000 128 128
2926 00000000 128 128
2958 00002000 128 128
2962 00000000 128 128
2994 00002000 128 128
2998 00000000 128 128
3030 00002000 128 128
3034 00000000 128 128
3066 00002000 128 128
3070 00000000 128 128
3102 00002000 128 128
3106 00000000 128 128
3138 00002000 128 128
3142 00000000 128 128
3174 00002000 128 128
3178 00000000 128 128
3210 00002000 128 128
3214 00000000 128 128
3246 00002000 128 128
3250 00000000 128 128
3282 00002000 128 128
3286 00000000 128 128
3318 00002000 128 128
3322 00000000 128 128
3354 00002000 128 128
3358 00000000 128 128
3390 00002000 128 128
3394 00000000 128 128
3426 00002000 128 128
3430 00000000 128 128
3462 00002000 128 128
3466 00000000 128 128
3498 00002000 128 128
3502 00000000 128 128
3534 00002000 128 128
3538 00000000 128 128
3570 00002000 128 128
3574 00000000 128 128
3606 00002000 128 128
3610 00000000 128 128
3642 00002000 128 128
3646 00000000 128 128
3678 00002000 128 128
3682 00000000 128 128
3714 00002000 128 128
3718 00000000 128 128
3750 00002000 128 128
3754 00000000 128 128
3786 00002000 128 128
3790 00000000 128 128
3822 00002000 128 128
3826 00000000 128 128
3858 00002000 128 128
3862 00000000 128 128
3894 00002000 128 128
3898 00000000 128 128
3930 00002000 128 128
3934 00000000 128 128
3966 00002000 128 128
3970 00000000 128 128
4002 00002000 128 128
4006 00000000 128 128
4038 00002000 128 128
4042 00000000 128 128
4074 00002000 128 128
4078 00000000 128 128
4110 00002000 128 128
4114 00000000 128 128
4146 00002000 128 128
4150 00000000 128 128
4182 00002000 128 128
4186 00000000 128 128
4218 00002000 128 128
4222 00000000 128 128
4254 00002000 128 128
4258 00000000 128 128
4290 00002000 128 128
4294 00000000 128 128
4326 00002000 128 128
4330 00000000 128 128
4362 00002000 128 128
4366 00000000 128 128
4398 00002000 128 128
4402 00000000 128 128
4434 00002000 128 128
4438 00000000 128 128
4470 00002000 128 128
4474 00000000 128 128
4506 00002000 128 128
4510 00000000 128 128
4542 00002000 128 128
4546 00000000 128 128
4578 00002000 128 128
4582 00000000 128 128
4614 00002000 128 128
4618 00000000 128 128
4650 00002000 128 128
4654 00000000 128 128
4686 00002000 128 128
4690 00000000 128 128
4722 00002000 128 128
4726 00000000 128 128
4758 00002000 128 128
4762 00000000 128 128
4794 00002000 128 128
4798 00000000 128 128
4830 00002000 128 128
4834 00000000 128 128
4866 00002000 128 128
4870 00000000 128 128
4902 00002000 128 128
4906 00000000 128 128
4938 00002000 128 128
4942 00000000 128 128
4974 00002000 128 128
4978 00000000 128 128
5010 00002000 128 128
5014 00000000 128 128
5046 00002000 128 128
5050 00000000 128 128
5082 00002000 128 128
5086 00000000 128 128
5118 00002000 128 128
5122 00000000 128 128
5154 00002000 128 128
5158 00000000 128 128
5190 00002000 128 128
5194 00000000 128 128
5226 00002000 128 128
5230 00000000 128 128
5262 00002000 128 128
5266 00000000 128 128
5298 00002000 128 128
5302 00000000 128 128
5334 00002000 128 128
5338 00000000 128 128
5370 00002000 128 128
5374 00000000 128 128
5406 00002000 128 128
5410 00000000 128 128
5442 00002000 128 128
5446 00000000 128 128
5478 00002000 128 128
5482 00000000 128 128
5514 00002000 128 128
5518 00000000 128 128
5550 00002000 128 128
5554 00000000 128 128
5586 00002000 128 128
5590 00000000 128 128
5622 00002000 128 128
5626 00000000 128 128
5658 00002000 128 128
5662 00000000 128 128
5694 00002000 128 128
5698 00000000 128 128
5730 00002000 128 128
5734 00000000 128 128
5766 00002000 128 128
5770 00000000 128 128
5802 00002000 128 128
5806 00000000 128 128
5838 00002000 128 128
5842 00000000 128 128
5874 00002000 128 128
5878 00000000 128 128
5910 00002000 128 128
5914 00000000 128 128
5946 00002000 128 128
5950 00000000 128 128
5982 00002000 128 128
5986 00000000 128 128
6018 00002000 128 128
6022 00000000 128 128
6054 00002000 128 128
6058 00000000 128 128
6090 00002000 128 128
6094 00000000 128 128
6126 00002000 128 128
6130 00000000 128 128
6162 00002000 128 128
6166 00000000 128 128
6198 00002000 128 128
6202 00000000 128 128
6234 00002000 128 128
6238 00000000 128 128
6270 00002000 128 128
6274 00000000 128 128
6306 00002000 128 128
6310 00000000 128 128
6342 00002000 128 128
6346 00000000 128 128
6378 00002000 128 128
6382 00000000 128 128
6414 00002000 128 128
6418 00000000 128 128
6450 00002000 128 128
6454 00000000 128 128
6486 00002000 128 128
6490 00000000 128 128
6522 00002000 128 128
6526 00000000 128 128
6558 00002000 128 128
6562 00000000 128 128
6594 00002000 128 128
6598 00000000 128 128
6630 00002000 128 128
6634 00000000 128 128
6666 00002000 128 128
6670 00000000 128 128
6702 00002000 128 128
6706 00000000 128 128
6738 00002000 128 128
6742 00000000 128 128
6774 00002000 128 128
6778 00000000 128 128
6810 00002000 128 128
6814 00000000 128 128
6846 00002000 128 128
6850 00000000 128 128
6882 00002000 128 128
6886 00000000 128 128
6918 00002000 128 128
6922 00000000 128 128
6954 00002000 128 128
6958 00000000 128 128
6990 00002000 128 128
6994 00000000 128 128
7026 00002000 128 128
7030 00000000 128 128
7062 00002000 128 128
7066 00000000 128 128
7098 00002000 128 128
7102 00000000 128 128
7134 00002000 128 128
7138 00000000 128 128
7170 00002000 128 128
7174 00000000 128 128
7206 00002000 128 128
7210 00000000 128 128
7242 00002000 128 128
7246 00000000 128 128
7278 00002000 128 128
7282 00000000 128 128
7314 00002000 128 128
7318 00000000 128 128
7350 00002000 128 128
7354 00000000 128 128
7386 00002000 128 128
7390 00000000 128 128
7422 00002000 128 128
7426 00000000 128 128
7458 00002000 128 128
7462 00000000 128 128
7494 00002000 128 128
7498 00000000 128 128
7530 00002000 128 128
7534 00000000 128 128
7566 00002000 128 128
7570 00000000 128 128
7602 00002000 128 128
7606 00000000 128 128
7638 00002000 128 128
7642 00000000 128 128
7674 00002000 128 128
7678 00000000 128 128
7710 00002000 128 128
7714 00000000 128 128
7746 00002000 128 128
7750 00000000 128 128
7782 00002000 128 128
7786 00000000 128 128
7818 00002000 128 128
7822 00000000 128 128
7854 00002000 128 128
7858 00000000 128 128
7890 00002000 128 128
7894 00000000 128 128
7926 00002000 128 128
7930 00000000 128 128
7962 00002000 128 128
7966 00000000 128 128
7998 00002000 128 128
8002 00000000 128 128
8034 00002000 128 128
8038 00000000 128 128
8070 00002000 128 128
8074 00000000 128 128
8106 00002000 128 128
8110 00000000 128 128
8142 00002000 128 128
8146 00000000 128 128
8178 00002000 128 128
8182 00000000 128 128
8214 00002000 128 128
8218 00000000 128 128
8250 00002000 128 128
8254 00000000 128 128
8286 00002000 128 128
8290 00000000 128 128
8322 00002000 128 128
8326 00000000 128 128
8358 00002000 128 128
8362 00000000 128 128
8394 00002000 128 128
8398 00000000 128 128
8430 00002000 128 128
8434 00000000 128 128
8466 00002000 128 128
8470 00000000 128 128
8502 00002000 128 128
8506 00000000 128 128
8538 00002000 128 128
8542 00000000 128 128
8574 00002000 128 128
8578 00000000 128 128
8610 00002000 128 128
8614 00000000 128 128
8646 00002000 128 128
8650 00000000 128 128
8682 00002000 128 128
8686 00000000 128 128
8718 00002000 128 128
8722 00000000 128 128
8754 00002000 128 128
8758 00000000 128 128
8790 00002000 128 128
8794 00000000 128 128
8826 00002000 128 128
8830 00000000 128 128
8862 00002000 128 128
8866 00000000 128 128
8898 00002000 128 128
8902 00000000 128 128
8934 00002000 128 128
8938 00000000 128 128
8970 00002000 128 128
8974 00000000 128 128
9006 00002000 128 128
9010 00000000 128 128
9042 00002000 128 128
9046 00000000 128 128
9078 00002000 128 128
9082 00000000 128 128
9114 00002000 128 128
9118 00000000 128 128
9150 00002000 128 128
9154 00000000 128 128
9186 00002000 128 128
9190 00000000 128 128
9222 00002000 128 128
9226 00000000 128 128
9258 00002000 128 128
9262 00000000 128 128
9294 00002000 128 128
9298 00000000 128 128
9330 00002000 128 128
9334 00000000 128 128
9366 00002000 128 128
9370 00000000 128 128
9402 00002000 128 128
9406 00000000 128 128
9438 00002000 128 128
9442 00000000 128 128
9474 00002000 128 128
9478 00000000 128 128
9510 00002000 128 128
9514 00000000 128 128
9546 00002000 128 128
9550 00000000 128 128
9582 00002000 128 128
9586 00000000 128 128
9618 00002000 128 128
9622 00000000 128 128
9654 00002000 128 128
9658 00000000 128 128
9690 00002000 128 128
9694 00000000 128 128
9726 00002000 128 128
9730 00000000 128 128
9762 00002000 128 128
9766 00000000 128 128
9798 00002000 128 128
9802 00000000 128 128
9834 00002000 128 128
9838 00000000 128 128
9870 00002000 128 128
9874 00000000 128 128
9906 00002000 128 128
9910 00000000 128 128
9942 00002000 128 128
9946 00000000 128 128
9978 00002000 128 128
9982 00000000 128 128
10014 00002000 128 128
10018 00000000 128 128
10050 00002000 128 128
10054 00000000 128 128
10086 00002000 128 128
10090 00000000 128 128
10122 00002000 128 128
10126 00000000 128 128
10158 00002000 128 128
10162 00000000 128 128
10194 00002000 128 128
10198 00000000 128 128
10230 00002000 128 128
10234 00000000 128 128
10266 00002000 128 128
10270 00000000 128 128
10302 00002000 128 128
10306 00000000 128 128
10338 00002000 128 128
10342 00000000 128 128
10374 00002000 128 128
10378 00000000 128 128
10410 00002000 128 128
10414 00000000 128 128
10446 00002000 128 128
10450 00000000 128 128
10482 00002000 128 128
10486 00000000 128 128
10518 00002000 128 128
10522 00000000 128 128
10554 00002000 128 128
10558 00000000 128 128
10590 00002000 128 128
10594 00000000 128 128
10626 00002000 128 128
10630 00000000 128 128
10662 00002000 128 128
10666 00000000 128 128
10698 00002000 128 128
10702 00000000 128 128
10734 00002000 128 128
10738 00000000 128 128
10770 00002000 128 128
10774 00000000 128 128
10806 00002000 128 128
10810 00000000 128 128
10842 00002000 128 128
10846 00000000 128 128
10878 00002000 128 128
10882 00000000 128 128
10914 00002000 128 128
10918 00000000 128 128
10950 00002000 128 128
10954 00000000 128 128
10986 00002000 128 128
10990 00000000 128 128
11022 00002000 128 128
11026 00000000 128 128
11058 00002000 128 128
11062 00000000 128 128
11094 00002000 128 128
11098 00000000 128 128
11130 00002000 128 128
11134 00000000 128 128
11166 00002000 128 128
11170 00000000 128 128
11202 00002000 128 128
11206 00000000 128 128
11238 00002000 128 128
11242 00000000 128 128
11274 00002000 128 128
11278 00000000 128 128
11310 00002000 128 128
11314 00000000 128 128
11346 00002000 128 128
11350 00000000 128 128
11382 00002000 128 128
11386 00000000 128 128
11418 00002000 128 128
11422 00000000 128 128
11454 00002000 128 128
11458 00000000 128 128
11490 00002000 128 128
11494 00000000 128 128
11526 00002000 128 128
11530 00000000 128 128
11562 00002000 128 128
11566 00000000 128 128
11598 00002000 128 128
11602 00000000 128 128
11634 00002000 128 128
11638 00000000 128 128
11670 00002000 128 128
11674 00000000 128 128
11706 00002000 128 128
11710 00000000 128 128
11742 00002000 128 128
11746 00000000 128 128
11778 00002000 128 128
11782 00000000 128 128
11814 00002000 128 128
11818 00000000 128 128
11850 00002000 128 128
11854 00000000 128 128
11886 00002000 128 128
11890 00000000 128 128
11922 00002000 128 128
11926 00000000 128 128
11958 00002000 128 128
11962 00000000 128 128
11994 00002000 128 128
11998 00000000 128 128
12030 00002000 128 128
12034 00000000 128 128
12066 00002000 128 128
12070 00000000 128 128
12102 00002000 128 128
12106 00000000 128 128
12138 00002000 128 128
12142 00000000 128 128
12174 00002000 128 128
12178 00000000 128 128
12210 00002000 128 128
12214 00000000 128 128
12366 00004000 128 128
12370 00000000 128 128
12402 00004000 128 128
12406 00000000 128 128
12438 00004000 128 128
12442 00000000 128 128
12474 00004000 128 128
12478 00000000 128 128
12510 00004000 128 128
12514 00000000 128 128
12546 00004000 128 128
12550 00000000 128 128
12582 00004000 128 128
12586 00000000 128 128
12618 00004000 128 128
12622 00000000 128 128
12654 00004000 128 128
12658 00000000 128 128
12690 00004000 128 128
12694 00000000 128 128
12726 00004000 128 128
12730 00000000 128 128
12762 00004000 128 128
12766 00000000 128 128
12798 00004000 128 128
12802 00000000 128 128
12834 00004000 128 128
12838 00000000 128 128
12870 00004000 128 128
12874 00000000 128 128
12906 00004000 128 128
12910 00000000 128 128
12942 00004000 128 128
12946 00000000 128 128
12978 00004000 128 128
12982 00000000 128 128
13014 00004000 128 128
13018 00000000 128 128
13050 00004000 128 128
13054 00000000 128 128
13086 00004000 128 128
13090 00000000 128 128
13122 00004000 128 128
13126 00000000 128 128
13158 00004000 128 128
13162 00000000 128 128
13194 00004000 128 128
13198 00000000 128 128
13230 00004000 128 128
13234 00000000 128 128
13266 00004000 128 128
13270 00000000 128 128
13302 00004000 128 128
13306 00000000 128 128
13338 00004000 128 128
13342 00000000 128 128
13374 00004000 128 128
13378 00000000 128 128
13410 00004000 128 128
13414 00000000 128 128
13446 00004000 128 128
13450 00000000 128 128
13482 00004000 128 128
13486 00000000 128 128
13518 00004000 128 128
13522 00000000 128 128
13554 00004000 128 128
13558 00000000 128 128
13590 00004000 128 128
13594 00000000 128 128
13626 00004000 128 128
13630 00000000 128 128
13662 00004000 128 128
13666 00000000 128 128
13698 00004000 128 128
13702 00000000 128 128
13734 00004000 128 128
13738 00000000 128 128
13770 00004000 128 128
13774 00000000 128 128
13866 00000040 128 128
13922 00000000 128 128
13924 00000080 128 128
13932 00000000 128 128
13934 00000010 128 128
13950 00000000 128 128
14132 00000000 128 128
