0 00000000 128 128
150 00000008 128 128
152 00000000 128 128
300 00000008 128 128
302 00000000 128 128
450 00002000 128 128
452 00000000 128 128
700 00000080 128 128
708 00000000 128 128
710 00000040 128 128
742 00000000 128 128
744 00000080 128 128
760 00000000 128 128
762 00000040 128 128
770 00000000 128 128
772 00000080 128 128
796 00000000 128 128
798 00000010 128 128
806 00000000 128 128
808 00000080 128 128
864 00000000 128 128
866 00000040 128 128
882 00000000 128 128
884 00000010 128 128
892 00000000 128 128
1074 00001000 128 128
1078 00000000 128 128
1180 00000010 128 128
1186 00000000 128 128
1208 00000010 128 128
1214 00000000 128 128
1236 00000010 128 128
1242 00000000 128 128
1264 00000020 128 128
1270 00000000 128 128
1302 00002000 128 128
1306 00000000 128 128
1718 00002000 128 128
1722 00000000 128 128
1934 00002000 128 128
1938 00000000 128 128
2150 00002000 128 128
2154 00000000 128 128
2366 00002000 128 128
2370 00000000 128 128
2582 00002000 128 128
2586 00000000 128 128
2858 00000000 128 128
