0 00000000 128 128
150 00000008 128 128
152 00000000 128 128
300 00000008 128 128
302 00000000 128 128
450 00002000 128 128
452 00000000 128 128
700 00000010 128 128
708 00000000 128 128
710 00000080 128 128
718 00000000 128 128
720 00000010 128 128
744 00000000 128 128
746 00000010 128 128
754 00000000 128 128
1056 00004000 128 128
1060 00000000 128 128
1092 00004000 128 128
1096 00000000 128 128
1128 00004000 128 128
1132 00000000 128 128
1164 00004000 128 128
1168 00000000 128 128
1200 00004000 128 128
1204 00000000 128 128
1236 00004000 128 128
1240 00000000 128 128
1272 00004000 128 128
1276 00000000 128 128
1308 00004000 128 128
1312 00000000 128 128
1344 00004000 128 128
1348 00000000 128 128
1380 00004000 128 128
1384 00000000 128 128
1416 00004000 128 128
1420 00000000 128 128
1452 00004000 128 128
1456 00000000 128 128
1488 00004000 128 128
1492 00000000 128 128
1524 00004000 128 128
1528 00000000 128 128
1560 00004000 128 128
1564 00000000 128 128
1596 00004000 128 128
1600 00000000 128 128
1632 00004000 128 128
1636 00000000 128 128
1668 00004000 128 128
1672 00000000 128 128
1704 00004000 128 128
1708 00000000 128 128
1740 00004000 128 128
1744 00000000 128 128
1776 00004000 128 128
1780 00000000 128 128
1812 00004000 128 128
1816 00000000 128 128
1848 00004000 128 128
1852 00000000 128 128
1884 00004000 128 128
1888 00000000 128 128
1920 00004000 128 128
1924 00000000 128 128
1956 00004000 128 128
1960 00000000 128 128
1992 00004000 128 128
1996 00000000 128 128
2028 00004000 128 128
2032 00000000 128 128
2064 00004000 128 128
2068 00000000 128 128
2100 00004000 128 128
2104 00000000 128 128
2136 00004000 128 128
2140 00000000 128 128
2172 00004000 128 128
2176 00000000 128 128
2208 00004000 128 128
2212 00000000 128 128
2244 00004000 128 128
2248 00000000 128 128
2280 00004000 128 128
2284 00000000 128 128
2316 00004000 128 128
2320 00000000 128 128
2352 00004000 128 128
2356 00000000 128 128
2388 00004000 128 128
2392 00000000 128 128
2424 00004000 128 128
2428 00000000 128 128
2460 00004000 128 128
2464 00000000 128 128
2496 00004000 128 128
2500 00000000 128 128
2532 00004000 128 128
2536 00000000 128 128
2568 00004000 128 128
2572 00000000 128 128
2604 00004000 128 128
2608 00000000 128 128
2640 00004000 128 128
2644 00000000 128 128
2676 00004000 128 128
2680 00000000 128 128
2712 00004000 128 128
2716 00000000 128 128
2748 00004000 128 128
2752 00000000 128 128
2784 00004000 128 128
2788 00000000 128 128
2820 00004000 128 128
2824 00000000 128 128
2856 00004000 128 128
2860 00000000 128 128
2892 00004000 128 128
2896 00000000 128 128
2928 00004000 128 128
2932 00000000 128 128
2964 00004000 128 128
2968 00000000 128 128
3000 00004000 128 128
3004 00000000 128 128
3036 00004000 128 128
3040 00000000 128 128
3072 00004000 128 128
3076 00000000 128 128
3108 00004000 128 128
3112 00000000 128 128
3144 00004000 128 128
3148 00000000 128 128
3180 00004000 128 128
3184 00000000 128 128
3216 00004000 128 128
3220 00000000 128 128
3252 00004000 128 128
3256 00000000 128 128
3288 00004000 128 128
3292 00000000 128 128
3324 00004000 128 128
3328 00000000 128 128
3360 00004000 128 128
3364 00000000 128 128
3396 00004000 128 128
3400 00000000 128 128
3432 00004000 128 128
3436 00000000 128 128
3468 00004000 128 128
3472 00000000 128 128
3504 00004000 128 128
3508 00000000 128 128
3540 00004000 128 128
3544 00000000 128 128
3576 00004000 128 128
3580 00000000 128 128
3612 00004000 128 128
3616 00000000 128 128
3648 00004000 128 128
3652 00000000 128 128
3684 00004000 128 128
3688 00000000 128 128
3720 00004000 128 128
3724 00000000 128 128
3756 00004000 128 128
3760 00000000 128 128
3792 00004000 128 128
3796 00000000 128 128
3828 00004000 128 128
3832 00000000 128 128
3864 00004000 128 128
3868 00000000 128 128
3900 00004000 128 128
3904 00000000 128 128
3936 00004000 128 128
3940 00000000 128 128
3972 00004000 128 128
3976 00000000 128 128
4008 00004000 128 128
4012 00000000 128 128
4044 00004000 128 128
4048 00000000 128 128
4080 00004000 128 128
4084 00000000 128 128
4116 00004000 128 128
4120 00000000 128 128
4152 00004000 128 128
4156 00000000 128 128
4188 00004000 128 128
4192 00000000 128 128
4224 00004000 128 128
4228 00000000 128 128
4260 00004000 128 128
4264 00000000 128 128
4296 00004000 128 128
4300 00000000 128 128
4332 00004000 128 128
4336 00000000 128 128
4368 00004000 128 128
4372 00000000 128 128
4404 00004000 128 128
4408 00000000 128 128
4440 00004000 128 128
4444 00000000 128 128
4476 00004000 128 128
4480 00000000 128 128
4512 00004000 128 128
4516 00000000 128 128
4548 00004000 128 128
4552 00000000 128 128
4584 00004000 128 128
4588 00000000 128 128
4620 00004000 128 128
4624 00000000 128 128
4776 00000010 128 128
4808 00000000 128 128
4810 00000080 128 128
4818 00000000 128 128
4820 00000010 128 128
4844 00000000 128 128
4906 00002000 128 128
4910 00000000 128 128
5012 00004000 128 128
5016 00000000 128 128
5048 00004000 128 128
5052 00000000 128 128
5084 00004000 128 128
5088 00000000 128 128
5120 00004000 128 128
5124 00000000 128 128
5156 00004000 128 128
5160 00000000 128 128
5192 00004000 128 128
5196 00000000 128 128
5228 00004000 128 128
5232 00000000 128 128
5264 00004000 128 128
5268 00000000 128 128
5300 00004000 128 128
5304 00000000 128 128
5336 00004000 128 128
5340 00000000 128 128
5372 00004000 128 128
5376 00000000 128 128
5408 00004000 128 128
5412 00000000 128 128
5444 00004000 128 128
5448 00000000 128 128
5480 00004000 128 128
5484 00000000 128 128
5516 00004000 128 128
5520 00000000 128 128
5552 00004000 128 128
5556 00000000 128 128
5588 00004000 128 128
5592 00000000 128 128
5624 00004000 128 128
5628 00000000 128 128
5660 00004000 128 128
5664 00000000 128 128
5696 00004000 128 128
5700 00000000 128 128
5732 00004000 128 128
5736 00000000 128 128
5768 00004000 128 128
5772 00000000 128 128
5804 00004000 128 128
5808 00000000 128 128
5840 00004000 128 128
5844 00000000 128 128
5876 00004000 128 128
5880 00000000 128 128
5912 00004000 128 128
5916 00000000 128 128
5948 00004000 128 128
5952 00000000 128 128
5984 00004000 128 128
5988 00000000 128 128
6020 00004000 128 128
6024 00000000 128 128
6056 00004000 128 128
6060 00000000 128 128
6092 00004000 128 128
6096 00000000 128 128
6128 00004000 128 128
6132 00000000 128 128
6164 00004000 128 128
6168 00000000 128 128
6200 00004000 128 128
6204 00000000 128 128
6236 00004000 128 128
6240 00000000 128 128
6272 00004000 128 128
6276 00000000 128 128
6308 00004000 128 128
6312 00000000 128 128
6344 00004000 128 128
6348 00000000 128 128
6380 00004000 128 128
6384 00000000 128 128
6416 00004000 128 128
6420 00000000 128 128
6452 00004000 128 128
6456 00000000 128 128
6488 00004000 128 128
6492 00000000 128 128
6524 00004000 128 128
6528 00000000 128 128
6560 00004000 128 128
6564 00000000 128 128
6596 00004000 128 128
6600 00000000 128 128
6632 00004000 128 128
6636 00000000 128 128
6668 00004000 128 128
6672 00000000 128 128
6704 00004000 128 128
6708 00000000 128 128
6740 00004000 128 128
6744 00000000 128 128
6776 00004000 128 128
6780 00000000 128 128
6812 00004000 128 128
6816 00000000 128 128
6848 00004000 128 128
6852 00000000 128 128
6884 00004000 128 128
6888 00000000 128 128
6920 00004000 128 128
6924 00000000 128 128
6956 00004000 128 128
6960 00000000 128 128
6992 00004000 128 128
6996 00000000 128 128
7028 00004000 128 128
7032 00000000 128 128
7064 00004000 128 128
7068 00000000 128 128
7100 00004000 128 128
7104 00000000 128 128
7136 00004000 128 128
7140 00000000 128 128
7172 00004000 128 128
7176 00000000 128 128
7208 00004000 128 128
7212 00000000 128 128
7244 00004000 128 128
7248 00000000 128 128
7280 00004000 128 128
7284 00000000 128 128
7316 00004000 128 128
7320 00000000 128 128
7352 00004000 128 128
7356 00000000 128 128
7388 00004000 128 128
7392 00000000 128 128
7424 00004000 128 128
7428 00000000 128 128
7460 00004000 128 128
7464 00000000 128 128
7496 00004000 128 128
7500 00000000 128 128
7532 00004000 128 128
7536 00000000 128 128
7568 00004000 128 128
7572 00000000 128 128
7604 00004000 128 128
7608 00000000 128 128
7640 00004000 128 128
7644 00000000 128 128
7676 00004000 128 128
7680 00000000 128 128
7712 00004000 128 128
7716 00000000 128 128
7748 00004000 128 128
7752 00000000 128 128
7784 00004000 128 128
7788 00000000 128 128
7820 00004000 128 128
7824 00000000 128 128
7856 00004000 128 128
7860 00000000 128 128
7892 00004000 128 128
7896 00000000 128 128
7928 00004000 128 128
7932 00000000 128 128
7964 00004000 128 128
7968 00000000 128 128
8000 00004000 128 128
8004 00000000 128 128
8036 00004000 128 128
8040 00000000 128 128
8072 00004000 128 128
8076 00000000 128 128
8108 00004000 128 128
8112 00000000 128 128
8144 00004000 128 128
8148 00000000 128 128
8180 00004000 128 128
8184 00000000 128 128
8216 00004000 128 128
8220 00000000 128 128
8252 00004000 128 128
8256 00000000 128 128
8288 00004000 128 128
8292 00000000 128 128
8324 00004000 128 128
8328 00000000 128 128
8360 00004000 128 128
8364 00000000 128 128
8396 00004000 128 128
8400 00000000 128 128
8432 00004000 128 128
8436 00000000 128 128
8468 00004000 128 128
8472 00000000 128 128
8504 00004000 128 128
8508 00000000 128 128
8540 00004000 128 128
8544 00000000 128 128
8576 00004000 128 128
8580 00000000 128 128
8912 00004000 128 128
8916 00000000 128 128
8948 00004000 128 128
8952 00000000 128 128
8984 00004000 128 128
8988 00000000 128 128
9020 00004000 128 128
9024 00000000 128 128
9096 00004000 128 128
9100 00000000 128 128
9132 00004000 128 128
9136 00000000 128 128
9168 00004000 128 128
9172 00000000 128 128
9204 00004000 128 128
9208 00000000 128 128
9280 00000010 128 128
9286 00000000 128 128
9308 00000010 128 128
9314 00000000 128 128
9336 00002000 128 128
9340 00000000 128 128
9472 00000010 128 128
9478 00000000 128 128
9510 00000010 128 128
9516 00000000 128 128
9548 00000080 128 128
9554 00000000 128 128
9586 00000040 128 128
9592 00000000 128 128
9624 00002000 128 128
9628 00000000 128 128
9700 00002000 128 128
9704 00000000 128 128
9736 00002000 128 128
9740 00000000 128 128
9772 00002000 128 128
9776 00000000 128 128
9808 00002000 128 128
9812 00000000 128 128
9844 00002000 128 128
9848 00000000 128 128
9880 00002000 128 128
9884 00000000 128 128
9916 00002000 128 128
9920 00000000 128 128
9952 00002000 128 128
9956 00000000 128 128
9988 00002000 128 128
9992 00000000 128 128
10024 00002000 128 128
10028 00000000 128 128
10060 00002000 128 128
10064 00000000 128 128
10096 00002000 128 128
10100 00000000 128 128
10192 00004000 128 128
10196 00000000 128 128
10228 00004000 128 128
10232 00000000 128 128
10264 00004000 128 128
10268 00000000 128 128
10300 00004000 128 128
10304 00000000 128 128
10376 00004000 128 128
10380 00000000 128 128
10412 00004000 128 128
10416 00000000 128 128
10448 00004000 128 128
10452 00000000 128 128
10484 00004000 128 128
10488 00000000 128 128
10560 00000010 128 128
10566 00000000 128 128
10588 00000010 128 128
10594 00000000 128 128
10616 00002000 128 128
10620 00000000 128 128
10752 00000010 128 128
10758 00000000 128 128
10790 00000010 128 128
10796 00000000 128 128
10828 00000080 128 128
10834 00000000 128 128
10866 00000040 128 128
10872 00000000 128 128
10904 00002000 128 128
10908 00000000 128 128
10980 00002000 128 128
10984 00000000 128 128
11016 00002000 128 128
11020 00000000 128 128
11052 00002000 128 128
11056 00000000 128 128
11088 00002000 128 128
11092 00000000 128 128
11124 00002000 128 128
11128 00000000 128 128
11160 00002000 128 128
11164 00000000 128 128
11196 00002000 128 128
11200 00000000 128 128
11232 00002000 128 128
11236 00000000 128 128
11268 00002000 128 128
11272 00000000 128 128
11304 00002000 128 128
11308 00000000 128 128
11340 00002000 128 128
11344 00000000 128 128
11376 00002000 128 128
11380 00000000 128 128
11472 00004000 128 128
11476 00000000 128 128
11508 00004000 128 128
11512 00000000 128 128
11544 00004000 128 128
11548 00000000 128 128
11580 00004000 128 128
11584 00000000 128 128
11656 00004000 128 128
11660 00000000 128 128
11692 00004000 128 128
11696 00000000 128 128
11728 00004000 128 128
11732 00000000 128 128
11764 00004000 128 128
11768 00000000 128 128
11840 00000010 128 128
11846 00000000 128 128
11868 00000010 128 128
11874 00000000 128 128
11896 00002000 128 128
11900 00000000 128 128
12032 00000010 128 128
12038 00000000 128 128
12070 00000010 128 128
12076 00000000 128 128
12108 00000080 128 128
12114 00000000 128 128
12146 00000040 128 128
12152 00000000 128 128
12184 00002000 128 128
12188 00000000 128 128
12260 00002000 128 128
12264 00000000 128 128
12296 00002000 128 128
12300 00000000 128 128
12332 00002000 128 128
12336 00000000 128 128
12368 00002000 128 128
12372 00000000 128 128
12404 00002000 128 128
12408 00000000 128 128
12440 00002000 128 128
12444 00000000 128 128
12476 00002000 128 128
12480 00000000 128 128
12512 00002000 128 128
12516 00000000 128 128
12548 00002000 128 128
12552 00000000 128 128
12584 00002000 128 128
12588 00000000 128 128
12620 00002000 128 128
12624 00000000 128 128
12656 00002000 128 128
12660 00000000 128 128
12752 00004000 128 128
12756 00000000 128 128
12788 00004000 128 128
12792 00000000 128 128
12824 00004000 128 128
12828 00000000 128 128
12860 00004000 128 128
12864 00000000 128 128
12936 00004000 128 128
12940 00000000 128 128
12972 00004000 128 128
12976 00000000 128 128
13008 00004000 128 128
13012 00000000 128 128
13044 00004000 128 128
13048 00000000 128 128
13120 00000010 128 128
13126 00000000 128 128
13148 00000010 128 128
13154 00000000 128 128
13176 00002000 128 128
13180 00000000 128 128
13312 00000010 128 128
13318 00000000 128 128
13350 00000010 128 128
13356 00000000 128 128
13388 00000080 128 128
13394 00000000 128 128
13426 00000040 128 128
13432 00000000 128 128
13464 00002000 128 128
13468 00000000 128 128
13540 00002000 128 128
13544 00000000 128 128
13576 00002000 128 128
13580 00000000 128 128
13612 00002000 128 128
13616 00000000 128 128
13648 00002000 128 128
13652 00000000 128 128
13684 00002000 128 128
13688 00000000 128 128
13720 00002000 128 128
13724 00000000 128 128
13756 00002000 128 128
13760 00000000 128 128
13792 00002000 128 128
13796 00000000 128 128
13828 00002000 128 128
13832 00000000 128 128
13864 00002000 128 128
13868 00000000 128 128
13900 00002000 128 128
13904 00000000 128 128
13936 00002000 128 128
13940 00000000 128 128
14032 00004000 128 128
14036 00000000 128 128
14068 00004000 128 128
14072 00000000 128 128
14104 00004000 128 128
14108 00000000 128 128
14140 00004000 128 128
14144 00000000 128 128
14216 00004000 128 128
14220 00000000 128 128
14252 00004000 128 128
14256 00000000 128 128
14288 00004000 128 128
14292 00000000 128 128
14324 00004000 128 128
14328 00000000 128 128
14400 00000010 128 128
14406 00000000 128 128
14428 00000010 128 128
14434 00000000 128 128
14456 00002000 128 128
14460 00000000 128 128
14592 00000010 128 128
14598 00000000 128 128
14630 00000010 128 128
14636 00000000 128 128
14668 00000080 128 128
14674 00000000 128 128
14706 00000040 128 128
14712 00000000 128 128
14744 00002000 128 128
14748 00000000 128 128
14820 00002000 128 128
14824 00000000 128 128
14856 00002000 128 128
14860 00000000 128 128
14892 00002000 128 128
14896 00000000 128 128
14928 00002000 128 128
14932 00000000 128 128
14964 00002000 128 128
14968 00000000 128 128
15000 00002000 128 128
15004 00000000 128 128
15036 00002000 128 128
15040 00000000 128 128
15072 00002000 128 128
15076 00000000 128 128
15108 00002000 128 128
15112 00000000 128 128
15144 00002000 128 128
15148 00000000 128 128
15180 00002000 128 128
15184 00000000 128 128
15216 00002000 128 128
15220 00000000 128 128
15312 00004000 128 128
15316 00000000 128 128
15348 00004000 128 128
15352 00000000 128 128
15384 00004000 128 128
15388 00000000 128 128
15420 00004000 128 128
15424 00000000 128 128
15496 00004000 128 128
15500 00000000 128 128
15532 00004000 128 128
15536 00000000 128 128
15568 00004000 128 128
15572 00000000 128 128
15604 00004000 128 128
15608 00000000 128 128
15680 00000010 128 128
15686 00000000 128 128
15708 00000010 128 128
15714 00000000 128 128
15736 00002000 128 128
15740 00000000 128 128
15872 00000010 128 128
15878 00000000 128 128
15910 00000010 128 128
15916 00000000 128 128
15948 00000080 128 128
15954 00000000 128 128
15986 00000040 128 128
15992 00000000 128 128
16024 00002000 128 128
16028 00000000 128 128
16100 00002000 128 128
16104 00000000 128 128
16136 00002000 128 128
16140 00000000 128 128
16172 00002000 128 128
16176 00000000 128 128
16208 00002000 128 128
16212 00000000 128 128
16244 00002000 128 128
16248 00000000 128 128
16280 00002000 128 128
16284 00000000 128 128
16316 00002000 128 128
16320 00000000 128 128
16352 00002000 128 128
16356 00000000 128 128
16388 00002000 128 128
16392 00000000 128 128
16424 00002000 128 128
16428 00000000 128 128
16460 00002000 128 128
16464 00000000 128 128
16496 00002000 128 128
16500 00000000 128 128
16592 00004000 128 128
16596 00000000 128 128
16628 00004000 128 128
16632 00000000 128 128
16664 00004000 128 128
16668 00000000 128 128
16700 00004000 128 128
16704 00000000 128 128
16776 00004000 128 128
16780 00000000 128 128
16812 00004000 128 128
16816 00000000 128 128
16848 00004000 128 128
16852 00000000 128 128
16884 00004000 128 128
16888 00000000 128 128
16960 00000010 128 128
16966 00000000 128 128
16988 00000010 128 128
16994 00000000 128 128
17016 00002000 128 128
17020 00000000 128 128
17152 00000010 128 128
17158 00000000 128 128
17190 00000010 128 128
17196 00000000 128 128
17228 00000080 128 128
17234 00000000 128 128
17266 00000040 128 128
17272 00000000 128 128
17304 00002000 128 128
17308 00000000 128 128
17380 00002000 128 128
17384 00000000 128 128
17416 00002000 128 128
17420 00000000 128 128
17452 00002000 128 128
17456 00000000 128 128
17488 00002000 128 128
17492 00000000 128 128
17524 00002000 128 128
17528 00000000 128 128
17560 00002000 128 128
17564 00000000 128 128
17596 00002000 128 128
17600 00000000 128 128
17632 00002000 128 128
17636 00000000 128 128
17668 00002000 128 128
17672 00000000 128 128
17704 00002000 128 128
17708 00000000 128 128
17740 00002000 128 128
17744 00000000 128 128
17776 00002000 128 128
17780 00000000 128 128
17872 00004000 128 128
17876 00000000 128 128
17908 00004000 128 128
17912 00000000 128 128
17944 00004000 128 128
17948 00000000 128 128
17980 00004000 128 128
17984 00000000 128 128
18056 00004000 128 128
18060 00000000 128 128
18092 00004000 128 128
18096 00000000 128 128
18128 00004000 128 128
18132 00000000 128 128
18164 00004000 128 128
18168 00000000 128 128
18240 00000010 128 128
18246 00000000 128 128
18268 00000010 128 128
18274 00000000 128 128
18296 00002000 128 128
18300 00000000 128 128
18432 00000010 128 128
18438 00000000 128 128
18470 00000010 128 128
18476 00000000 128 128
18508 00000080 128 128
18514 00000000 128 128
18546 00000040 128 128
18552 00000000 128 128
18584 00002000 128 128
18588 00000000 128 128
18660 00002000 128 128
18664 00000000 128 128
18696 00002000 128 128
18700 00000000 128 128
18732 00002000 128 128
18736 00000000 128 128
18768 00002000 128 128
18772 00000000 128 128
18804 00002000 128 128
18808 00000000 128 128
18840 00002000 128 128
18844 00000000 128 128
18876 00002000 128 128
18880 00000000 128 128
18912 00002000 128 128
18916 00000000 128 128
18948 00002000 128 128
18952 00000000 128 128
18984 00002000 128 128
18988 00000000 128 128
19020 00002000 128 128
19024 00000000 128 128
19056 00002000 128 128
19060 00000000 128 128
19152 00004000 128 128
19156 00000000 128 128
19188 00004000 128 128
19192 00000000 128 128
19224 00004000 128 128
19228 00000000 128 128
19260 00004000 128 128
19264 00000000 128 128
19336 00004000 128 128
19340 00000000 128 128
19372 00004000 128 128
19376 00000000 128 128
19408 00004000 128 128
19412 00000000 128 128
19444 00004000 128 128
19448 00000000 128 128
19520 00000010 128 128
19526 00000000 128 128
19548 00000010 128 128
19554 00000000 128 128
19576 00002000 128 128
19580 00000000 128 128
19712 00000010 128 128
19718 00000000 128 128
19750 00000010 128 128
19756 00000000 128 128
19788 00000080 128 128
19794 00000000 128 128
19826 00000040 128 128
19832 00000000 128 128
19864 00002000 128 128
19868 00000000 128 128
19940 00002000 128 128
19944 00000000 128 128
19976 00002000 128 128
19980 00000000 128 128
20012 00002000 128 128
20016 00000000 128 128
20048 00002000 128 128
20052 00000000 128 128
20084 00002000 128 128
20088 00000000 128 128
20120 00002000 128 128
20124 00000000 128 128
20156 00002000 128 128
20160 00000000 128 128
20192 00002000 128 128
20196 00000000 128 128
20228 00002000 128 128
20232 00000000 128 128
20264 00002000 128 128
20268 00000000 128 128
20300 00002000 128 128
20304 00000000 128 128
20336 00002000 128 128
20340 00000000 128 128
20432 00004000 128 128
20436 00000000 128 128
20468 00004000 128 128
20472 00000000 128 128
20504 00004000 128 128
20508 00000000 128 128
20540 00004000 128 128
20544 00000000 128 128
20616 00004000 128 128
20620 00000000 128 128
20652 00004000 128 128
20656 00000000 128 128
20688 00004000 128 128
20692 00000000 128 128
20724 00004000 128 128
20728 00000000 128 128
20800 00000010 128 128
20806 00000000 128 128
20828 00000010 128 128
20834 00000000 128 128
20856 00002000 128 128
20860 00000000 128 128
20992 00000010 128 128
20998 00000000 128 128
21030 00000010 128 128
21036 00000000 128 128
21068 00000080 128 128
21074 00000000 128 128
21106 00000040 128 128
21112 00000000 128 128
21144 00002000 128 128
21148 00000000 128 128
21220 00002000 128 128
21224 00000000 128 128
21256 00002000 128 128
21260 00000000 128 128
21292 00002000 128 128
21296 00000000 128 128
21328 00002000 128 128
21332 00000000 128 128
21364 00002000 128 128
21368 00000000 128 128
21400 00002000 128 128
21404 00000000 128 128
21436 00002000 128 128
21440 00000000 128 128
21472 00002000 128 128
21476 00000000 128 128
21508 00002000 128 128
21512 00000000 128 128
21544 00002000 128 128
21548 00000000 128 128
21580 00002000 128 128
21584 00000000 128 128
21616 00002000 128 128
21620 00000000 128 128
21712 00004000 128 128
21716 00000000 128 128
21748 00004000 128 128
21752 00000000 128 128
21784 00004000 128 128
21788 00000000 128 128
21820 00004000 128 128
21824 00000000 128 128
21896 00004000 128 128
21900 00000000 128 128
21932 00004000 128 128
21936 00000000 128 128
21968 00004000 128 128
21972 00000000 128 128
22004 00004000 128 128
22008 00000000 128 128
22080 00000010 128 128
22086 00000000 128 128
22108 00000010 128 128
22114 00000000 128 128
22136 00002000 128 128
22140 00000000 128 128
22272 00000010 128 128
22278 00000000 128 128
22310 00000010 128 128
22316 00000000 128 128
22348 00000080 128 128
22354 00000000 128 128
22386 00000040 128 128
22392 00000000 128 128
22424 00002000 128 128
22428 00000000 128 128
22500 00002000 128 128
22504 00000000 128 128
22536 00002000 128 128
22540 00000000 128 128
22572 00002000 128 128
22576 00000000 128 128
22608 00002000 128 128
22612 00000000 128 128
22644 00002000 128 128
22648 00000000 128 128
22680 00002000 128 128
22684 00000000 128 128
22716 00002000 128 128
22720 00000000 128 128
22752 00002000 128 128
22756 00000000 128 128
22788 00002000 128 128
22792 00000000 128 128
22824 00002000 128 128
22828 00000000 128 128
22860 00002000 128 128
22864 00000000 128 128
22896 00002000 128 128
22900 00000000 128 128
22992 00004000 128 128
22996 00000000 128 128
23028 00004000 128 128
23032 00000000 128 128
23064 00004000 128 128
23068 00000000 128 128
23100 00004000 128 128
23104 00000000 128 128
23176 00004000 128 128
23180 00000000 128 128
23212 00004000 128 128
23216 00000000 128 128
23248 00004000 128 128
23252 00000000 128 128
23284 00004000 128 128
23288 00000000 128 128
23360 00000010 128 128
23366 00000000 128 128
23388 00000010 128 128
23394 00000000 128 128
23416 00002000 128 128
23420 00000000 128 128
23552 00000010 128 128
23558 00000000 128 128
23590 00000010 128 128
23596 00000000 128 128
23628 00000080 128 128
23634 00000000 128 128
23666 00000040 128 128
23672 00000000 128 128
23704 00002000 128 128
23708 00000000 128 128
23780 00002000 128 128
23784 00000000 128 128
23816 00002000 128 128
23820 00000000 128 128
23852 00002000 128 128
23856 00000000 128 128
23888 00002000 128 128
23892 00000000 128 128
23924 00002000 128 128
23928 00000000 128 128
23960 00002000 128 128
23964 00000000 128 128
23996 00002000 128 128
24000 00000000 128 128
24032 00002000 128 128
24036 00000000 128 128
24068 00002000 128 128
24072 00000000 128 128
24104 00002000 128 128
24108 00000000 128 128
24140 00002000 128 128
24144 00000000 128 128
24176 00002000 128 128
24180 00000000 128 128
24272 00004000 128 128
24276 00000000 128 128
24308 00004000 128 128
24312 00000000 128 128
24344 00004000 128 128
24348 00000000 128 128
24380 00004000 128 128
24384 00000000 128 128
24456 00004000 128 128
24460 00000000 128 128
24492 00004000 128 128
24496 00000000 128 128
24528 00004000 128 128
24532 00000000 128 128
24564 00004000 128 128
24568 00000000 128 128
24640 00000010 128 128
24646 00000000 128 128
24668 00000010 128 128
24674 00000000 128 128
24696 00002000 128 128
24700 00000000 128 128
24832 00000010 128 128
24838 00000000 128 128
24870 00000010 128 128
24876 00000000 128 128
24908 00000080 128 128
24914 00000000 128 128
24946 00000040 128 128
24952 00000000 128 128
24984 00002000 128 128
24988 00000000 128 128
25060 00002000 128 128
25064 00000000 128 128
25096 00002000 128 128
25100 00000000 128 128
25132 00002000 128 128
25136 00000000 128 128
25168 00002000 128 128
25172 00000000 128 128
25204 00002000 128 128
25208 00000000 128 128
25240 00002000 128 128
25244 00000000 128 128
25276 00002000 128 128
25280 00000000 128 128
25312 00002000 128 128
25316 00000000 128 128
25348 00002000 128 128
25352 00000000 128 128
25384 00002000 128 128
25388 00000000 128 128
25420 00002000 128 128
25424 00000000 128 128
25456 00002000 128 128
25460 00000000 128 128
25552 00004000 128 128
25556 00000000 128 128
25588 00004000 128 128
25592 00000000 128 128
25624 00004000 128 128
25628 00000000 128 128
25660 00004000 128 128
25664 00000000 128 128
25736 00004000 128 128
25740 00000000 128 128
25772 00004000 128 128
25776 00000000 128 128
25808 00004000 128 128
25812 00000000 128 128
25844 00004000 128 128
25848 00000000 128 128
25920 00000010 128 128
25926 00000000 128 128
25948 00000010 128 128
25954 00000000 128 128
25976 00002000 128 128
25980 00000000 128 128
26112 00000010 128 128
26118 00000000 128 128
26150 00000010 128 128
26156 00000000 128 128
26188 00000080 128 128
26194 00000000 128 128
26226 00000040 128 128
26232 00000000 128 128
26264 00002000 128 128
26268 00000000 128 128
26340 00002000 128 128
26344 00000000 128 128
26376 00002000 128 128
26380 00000000 128 128
26412 00002000 128 128
26416 00000000 128 128
26448 00002000 128 128
26452 00000000 128 128
26484 00002000 128 128
26488 00000000 128 128
26520 00002000 128 128
26524 00000000 128 128
26556 00002000 128 128
26560 00000000 128 128
26592 00002000 128 128
26596 00000000 128 128
26628 00002000 128 128
26632 00000000 128 128
26664 00002000 128 128
26668 00000000 128 128
26700 00002000 128 128
26704 00000000 128 128
26736 00002000 128 128
26740 00000000 128 128
26832 00004000 128 128
26836 00000000 128 128
26868 00004000 128 128
26872 00000000 128 128
26904 00004000 128 128
26908 00000000 128 128
26940 00004000 128 128
26944 00000000 128 128
27016 00004000 128 128
27020 00000000 128 128
27052 00004000 128 128
27056 00000000 128 128
27088 00004000 128 128
27092 00000000 128 128
27124 00004000 128 128
27128 00000000 128 128
27200 00000010 128 128
27206 00000000 128 128
27228 00000010 128 128
27234 00000000 128 128
27256 00002000 128 128
27260 00000000 128 128
27392 00000010 128 128
27398 00000000 128 128
27430 00000010 128 128
27436 00000000 128 128
27468 00000080 128 128
27474 00000000 128 128
27506 00000040 128 128
27512 00000000 128 128
27544 00002000 128 128
27548 00000000 128 128
27620 00002000 128 128
27624 00000000 128 128
27656 00002000 128 128
27660 00000000 128 128
27692 00002000 128 128
27696 00000000 128 128
27728 00002000 128 128
27732 00000000 128 128
27764 00002000 128 128
27768 00000000 128 128
27800 00002000 128 128
27804 00000000 128 128
27836 00002000 128 128
27840 00000000 128 128
27872 00002000 128 128
27876 00000000 128 128
27908 00002000 128 128
27912 00000000 128 128
27944 00002000 128 128
27948 00000000 128 128
27980 00002000 128 128
27984 00000000 128 128
28016 00002000 128 128
28020 00000000 128 128
28112 00004000 128 128
28116 00000000 128 128
28148 00004000 128 128
28152 00000000 128 128
28184 00004000 128 128
28188 00000000 128 128
28220 00004000 128 128
28224 00000000 128 128
28296 00004000 128 128
28300 00000000 128 128
28332 00004000 128 128
28336 00000000 128 128
28368 00004000 128 128
28372 00000000 128 128
28404 00004000 128 128
28408 00000000 128 128
28480 00000010 128 128
28486 00000000 128 128
28508 00000010 128 128
28514 00000000 128 128
28536 00002000 128 128
28540 00000000 128 128
28672 00000010 128 128
28678 00000000 128 128
28710 00000010 128 128
28716 00000000 128 128
28748 00000080 128 128
28754 00000000 128 128
28786 00000040 128 128
28792 00000000 128 128
28824 00002000 128 128
28828 00000000 128 128
28900 00002000 128 128
28904 00000000 128 128
28936 00002000 128 128
28940 00000000 128 128
28972 00002000 128 128
28976 00000000 128 128
29008 00002000 128 128
29012 00000000 128 128
29044 00002000 128 128
29048 00000000 128 128
29080 00002000 128 128
29084 00000000 128 128
29116 00002000 128 128
29120 00000000 128 128
29152 00002000 128 128
29156 00000000 128 128
29188 00002000 128 128
29192 00000000 128 128
29224 00002000 128 128
29228 00000000 128 128
29260 00002000 128 128
29264 00000000 128 128
29296 00002000 128 128
29300 00000000 128 128
29392 00004000 128 128
29396 00000000 128 128
29428 00004000 128 128
29432 00000000 128 128
29464 00004000 128 128
29468 00000000 128 128
29500 00004000 128 128
29504 00000000 128 128
29576 00004000 128 128
29580 00000000 128 128
29612 00004000 128 128
29616 00000000 128 128
29648 00004000 128 128
29652 00000000 128 128
29684 00004000 128 128
29688 00000000 128 128
29760 00000010 128 128
29766 00000000 128 128
29788 00000010 128 128
29794 00000000 128 128
29816 00002000 128 128
29820 00000000 128 128
29952 00000010 128 128
29958 00000000 128 128
29990 00000010 128 128
29996 00000000 128 128
30028 00000080 128 128
30034 00000000 128 128
30066 00000040 128 128
30072 00000000 128 128
30104 00002000 128 128
30108 00000000 128 128
30180 00002000 128 128
30184 00000000 128 128
30216 00002000 128 128
30220 00000000 128 128
30252 00002000 128 128
30256 00000000 128 128
30288 00002000 128 128
30292 00000000 128 128
30324 00002000 128 128
30328 00000000 128 128
30360 00002000 128 128
30364 00000000 128 128
30396 00002000 128 128
30400 00000000 128 128
30432 00002000 128 128
30436 00000000 128 128
30468 00002000 128 128
30472 00000000 128 128
30504 00002000 128 128
30508 00000000 128 128
30540 00002000 128 128
30544 00000000 128 128
30576 00002000 128 128
30580 00000000 128 128
30672 00004000 128 128
30676 00000000 128 128
30708 00004000 128 128
30712 00000000 128 128
30744 00004000 128 128
30748 00000000 128 128
30780 00004000 128 128
30784 00000000 128 128
30856 00004000 128 128
30860 00000000 128 128
30892 00004000 128 128
30896 00000000 128 128
30928 00004000 128 128
30932 00000000 128 128
30964 00004000 128 128
30968 00000000 128 128
31040 00000010 128 128
31046 00000000 128 128
31068 00000010 128 128
31074 00000000 128 128
31096 00002000 128 128
31100 00000000 128 128
31232 00000010 128 128
31238 00000000 128 128
31270 00000010 128 128
31276 00000000 128 128
31308 00000080 128 128
31314 00000000 128 128
31346 00000040 128 128
31352 00000000 128 128
31384 00002000 128 128
31388 00000000 128 128
31460 00002000 128 128
31464 00000000 128 128
31496 00002000 128 128
31500 00000000 128 128
31532 00002000 128 128
31536 00000000 128 128
31568 00002000 128 128
31572 00000000 128 128
31604 00002000 128 128
31608 00000000 128 128
31640 00002000 128 128
31644 00000000 128 128
31676 00002000 128 128
31680 00000000 128 128
31712 00002000 128 128
31716 00000000 128 128
31748 00002000 128 128
31752 00000000 128 128
31784 00002000 128 128
31788 00000000 128 128
31820 00002000 128 128
31824 00000000 128 128
31856 00002000 128 128
31860 00000000 128 128
31952 00004000 128 128
31956 00000000 128 128
31988 00004000 128 128
31992 00000000 128 128
32024 00004000 128 128
32028 00000000 128 128
32060 00004000 128 128
32064 00000000 128 128
32136 00004000 128 128
32140 00000000 128 128
32172 00004000 128 128
32176 00000000 128 128
32208 00004000 128 128
32212 00000000 128 128
32244 00004000 128 128
32248 00000000 128 128
32320 00000010 128 128
32326 00000000 128 128
32348 00000010 128 128
32354 00000000 128 128
32376 00002000 128 128
32380 00000000 128 128
32512 00000010 128 128
32518 00000000 128 128
32550 00000010 128 128
32556 00000000 128 128
32588 00000080 128 128
32594 00000000 128 128
32626 00000040 128 128
32632 00000000 128 128
32664 00002000 128 128
32668 00000000 128 128
32740 00002000 128 128
32744 00000000 128 128
32776 00002000 128 128
32780 00000000 128 128
32812 00002000 128 128
32816 00000000 128 128
32848 00002000 128 128
32852 00000000 128 128
32884 00002000 128 128
32888 00000000 128 128
32920 00002000 128 128
32924 00000000 128 128
32956 00002000 128 128
32960 00000000 128 128
32992 00002000 128 128
32996 00000000 128 128
33028 00002000 128 128
33032 00000000 128 128
33064 00002000 128 128
33068 00000000 128 128
33100 00002000 128 128
33104 00000000 128 128
33136 00002000 128 128
33140 00000000 128 128
33232 00004000 128 128
33236 00000000 128 128
33268 00004000 128 128
33272 00000000 128 128
33304 00004000 128 128
33308 00000000 128 128
33340 00004000 128 128
33344 00000000 128 128
33416 00004000 128 128
33420 00000000 128 128
33452 00004000 128 128
33456 00000000 128 128
33488 00004000 128 128
33492 00000000 128 128
33524 00004000 128 128
33528 00000000 128 128
33600 00000010 128 128
33606 00000000 128 128
33628 00000010 128 128
33634 00000000 128 128
33656 00002000 128 128
33660 00000000 128 128
33792 00000010 128 128
33798 00000000 128 128
33830 00000010 128 128
33836 00000000 128 128
33868 00000080 128 128
33874 00000000 128 128
33906 00000040 128 128
33912 00000000 128 128
33944 00002000 128 128
33948 00000000 128 128
34020 00002000 128 128
34024 00000000 128 128
34056 00002000 128 128
34060 00000000 128 128
34092 00002000 128 128
34096 00000000 128 128
34128 00002000 128 128
34132 00000000 128 128
34164 00002000 128 128
34168 00000000 128 128
34200 00002000 128 128
34204 00000000 128 128
34236 00002000 128 128
34240 00000000 128 128
34272 00002000 128 128
34276 00000000 128 128
34308 00002000 128 128
34312 00000000 128 128
34344 00002000 128 128
34348 00000000 128 128
34380 00002000 128 128
34384 00000000 128 128
34416 00002000 128 128
34420 00000000 128 128
34512 00004000 128 128
34516 00000000 128 128
34548 00004000 128 128
34552 00000000 128 128
34584 00004000 128 128
34588 00000000 128 128
34620 00004000 128 128
34624 00000000 128 128
34696 00004000 128 128
34700 00000000 128 128
34732 00004000 128 128
34736 00000000 128 128
34768 00004000 128 128
34772 00000000 128 128
34804 00004000 128 128
34808 00000000 128 128
34880 00000010 128 128
34886 00000000 128 128
34908 00000010 128 128
34914 00000000 128 128
34936 00002000 128 128
34940 00000000 128 128
35072 00000010 128 128
35078 00000000 128 128
35110 00000010 128 128
35116 00000000 128 128
35148 00000080 128 128
35154 00000000 128 128
35186 00000040 128 128
35192 00000000 128 128
35224 00002000 128 128
35228 00000000 128 128
35300 00002000 128 128
35304 00000000 128 128
35336 00002000 128 128
35340 00000000 128 128
35372 00002000 128 128
35376 00000000 128 128
35408 00002000 128 128
35412 00000000 128 128
35444 00002000 128 128
35448 00000000 128 128
35480 00002000 128 128
35484 00000000 128 128
35516 00002000 128 128
35520 00000000 128 128
35552 00002000 128 128
35556 00000000 128 128
35588 00002000 128 128
35592 00000000 128 128
35624 00002000 128 128
35628 00000000 128 128
35660 00002000 128 128
35664 00000000 128 128
35696 00002000 128 128
35700 00000000 128 128
35792 00004000 128 128
35796 00000000 128 128
35828 00004000 128 128
35832 00000000 128 128
35864 00004000 128 128
35868 00000000 128 128
35900 00004000 128 128
35904 00000000 128 128
35976 00004000 128 128
35980 00000000 128 128
36012 00004000 128 128
36016 00000000 128 128
36048 00004000 128 128
36052 00000000 128 128
36084 00004000 128 128
36088 00000000 128 128
36160 00000010 128 128
36166 00000000 128 128
36188 00000010 128 128
36194 00000000 128 128
36216 00002000 128 128
36220 00000000 128 128
36352 00000010 128 128
36358 00000000 128 128
36390 00000010 128 128
36396 00000000 128 128
36428 00000080 128 128
36434 00000000 128 128
36466 00000040 128 128
36472 00000000 128 128
36504 00002000 128 128
36508 00000000 128 128
36580 00002000 128 128
36584 00000000 128 128
36616 00002000 128 128
36620 00000000 128 128
36652 00002000 128 128
36656 00000000 128 128
36688 00002000 128 128
36692 00000000 128 128
36724 00002000 128 128
36728 00000000 128 128
36760 00002000 128 128
36764 00000000 128 128
36796 00002000 128 128
36800 00000000 128 128
36832 00002000 128 128
36836 00000000 128 128
36868 00002000 128 128
36872 00000000 128 128
36904 00002000 128 128
36908 00000000 128 128
36940 00002000 128 128
36944 00000000 128 128
36976 00002000 128 128
36980 00000000 128 128
37192 00004000 128 128
37196 00000000 128 128
37228 00004000 128 128
37232 00000000 128 128
37264 00004000 128 128
37268 00000000 128 128
37300 00004000 128 128
37304 00000000 128 128
37336 00004000 128 128
37340 00000000 128 128
37372 00004000 128 128
37376 00000000 128 128
37408 00004000 128 128
37412 00000000 128 128
37444 00004000 128 128
37448 00000000 128 128
37480 00004000 128 128
37484 00000000 128 128
37516 00004000 128 128
37520 00000000 128 128
37552 00004000 128 128
37556 00000000 128 128
37588 00004000 128 128
37592 00000000 128 128
37624 00004000 128 128
37628 00000000 128 128
37660 00004000 128 128
37664 00000000 128 128
37696 00004000 128 128
37700 00000000 128 128
37732 00004000 128 128
37736 00000000 128 128
37768 00004000 128 128
37772 00000000 128 128
37804 00004000 128 128
37808 00000000 128 128
37840 00004000 128 128
37844 00000000 128 128
37876 00004000 128 128
37880 00000000 128 128
37912 00004000 128 128
37916 00000000 128 128
37948 00004000 128 128
37952 00000000 128 128
37984 00004000 128 128
37988 00000000 128 128
38020 00004000 128 128
38024 00000000 128 128
38056 00004000 128 128
38060 00000000 128 128
38092 00004000 128 128
38096 00000000 128 128
38128 00004000 128 128
38132 00000000 128 128
38164 00004000 128 128
38168 00000000 128 128
38200 00004000 128 128
38204 00000000 128 128
38236 00004000 128 128
38240 00000000 128 128
38272 00004000 128 128
38276 00000000 128 128
38308 00004000 128 128
38312 00000000 128 128
38344 00004000 128 128
38348 00000000 128 128
38380 00004000 128 128
38384 00000000 128 128
38416 00004000 128 128
38420 00000000 128 128
38452 00004000 128 128
38456 00000000 128 128
38488 00004000 128 128
38492 00000000 128 128
38524 00004000 128 128
38528 00000000 128 128
38560 00004000 128 128
38564 00000000 128 128
38596 00004000 128 128
38600 00000000 128 128
38632 00004000 128 128
38636 00000000 128 128
38668 00004000 128 128
38672 00000000 128 128
38704 00004000 128 128
38708 00000000 128 128
38740 00004000 128 128
38744 00000000 128 128
38776 00004000 128 128
38780 00000000 128 128
38812 00004000 128 128
38816 00000000 128 128
38848 00004000 128 128
38852 00000000 128 128
38884 00004000 128 128
38888 00000000 128 128
38920 00004000 128 128
38924 00000000 128 128
38956 00004000 128 128
38960 00000000 128 128
38992 00004000 128 128
38996 00000000 128 128
39028 00004000 128 128
39032 00000000 128 128
39064 00004000 128 128
39068 00000000 128 128
39100 00004000 128 128
39104 00000000 128 128
39136 00004000 128 128
39140 00000000 128 128
39172 00004000 128 128
39176 00000000 128 128
39208 00004000 128 128
39212 00000000 128 128
39244 00004000 128 128
39248 00000000 128 128
39280 00004000 128 128
39284 00000000 128 128
39316 00004000 128 128
39320 00000000 128 128
39412 00001000 128 128
39416 00000000 128 128
39518 00000010 128 128
39524 00000000 128 128
39546 00000010 128 128
39552 00000000 128 128
39574 00000010 128 128
39580 00000000 128 128
39602 00000020 128 128
39608 00000000 128 128
39640 00002000 128 128
39644 00000000 128 128
40056 00002000 128 128
40060 00000000 128 128
40272 00002000 128 128
40276 00000000 128 128
40488 00002000 128 128
40492 00000000 128 128
40704 00002000 128 128
40708 00000000 128 128
40920 00002000 128 128
40924 00000000 128 128
41196 00000000 128 128
