0 00000000 128 128
150 00000008 128 128
152 00000000 128 128
300 00000008 128 128
302 00000000 128 128
450 00002000 128 128
452 00000000 128 128
760 00000020 128 128
800 00000000 128 128
822 00000080 128 128
862 00000000 128 128
884 00000020 128 128
924 00000000 128 128
946 00000080 128 128
986 00000000 128 128
1008 00000020 128 128
1048 00000000 128 128
1070 00000080 128 128
1110 00000000 128 128
1132 00000020 128 128
1172 00000000 128 128
1194 00000080 128 128
1234 00000000 128 128
1256 00000020 128 128
1296 00000000 128 128
1318 00000080 128 128
1358 00000000 128 128
1380 00000020 128 128
1420 00000000 128 128
1442 00000080 128 128
1482 00000000 128 128
2404 00004000 128 128
2408 00000000 128 128
2440 00004000 128 128
2444 00000000 128 128
2476 00004000 128 128
2480 00000000 128 128
2512 00004000 128 128
2516 00000000 128 128
2548 00004000 128 128
2552 00000000 128 128
2584 00004000 128 128
2588 00000000 128 128
2620 00004000 128 128
2624 00000000 128 128
2656 00004000 128 128
2660 00000000 128 128
2692 00004000 128 128
2696 00000000 128 128
2728 00004000 128 128
2732 00000000 128 128
2764 00004000 128 128
2768 00000000 128 128
2800 00004000 128 128
2804 00000000 128 128
3136 00004000 128 128
3140 00000000 128 128
3172 00004000 128 128
3176 00000000 128 128
3208 00004000 128 128
3212 00000000 128 128
3244 00004000 128 128
3248 00000000 128 128
3320 00004000 128 128
3324 00000000 128 128
3356 00004000 128 128
3360 00000000 128 128
3392 00004000 128 128
3396 00000000 128 128
3428 00004000 128 128
3432 00000000 128 128
3504 00000010 128 128
3510 00000000 128 128
3532 00000010 128 128
3538 00000000 128 128
3560 00002000 128 128
3564 00000000 128 128
3696 00000010 128 128
3702 00000000 128 128
3734 00000010 128 128
3740 00000000 128 128
3772 00000080 128 128
3778 00000000 128 128
3810 00000040 128 128
3816 00000000 128 128
3848 00002000 128 128
3852 00000000 128 128
5424 00002000 128 128
5428 00000000 128 128
5460 00002000 128 128
5464 00000000 128 128
5496 00002000 128 128
5500 00000000 128 128
5532 00002000 128 128
5536 00000000 128 128
5568 00002000 128 128
5572 00000000 128 128
5604 00002000 128 128
5608 00000000 128 128
5640 00002000 128 128
5644 00000000 128 128
5676 00002000 128 128
5680 00000000 128 128
5712 00002000 128 128
5716 00000000 128 128
5748 00002000 128 128
5752 00000000 128 128
5784 00002000 128 128
5788 00000000 128 128
5820 00002000 128 128
5824 00000000 128 128
5856 00002000 128 128
5860 00000000 128 128
5892 00002000 128 128
5896 00000000 128 128
5928 00002000 128 128
5932 00000000 128 128
5964 00002000 128 128
5968 00000000 128 128
6000 00002000 128 128
6004 00000000 128 128
6036 00002000 128 128
6040 00000000 128 128
6072 00002000 128 128
6076 00000000 128 128
6108 00002000 128 128
6112 00000000 128 128
6144 00002000 128 128
6148 00000000 128 128
6180 00002000 128 128
6184 00000000 128 128
6216 00002000 128 128
6220 00000000 128 128
6252 00002000 128 128
6256 00000000 128 128
6288 00002000 128 128
6292 00000000 128 128
6324 00002000 128 128
6328 00000000 128 128
6360 00002000 128 128
6364 00000000 128 128
6396 00002000 128 128
6400 00000000 128 128
6432 00002000 128 128
6436 00000000 128 128
6468 00002000 128 128
6472 00000000 128 128
6504 00002000 128 128
6508 00000000 128 128
6540 00002000 128 128
6544 00000000 128 128
6576 00002000 128 128
6580 00000000 128 128
6612 00002000 128 128
6616 00000000 128 128
6648 00002000 128 128
6652 00000000 128 128
6684 00002000 128 128
6688 00000000 128 128
6720 00002000 128 128
6724 00000000 128 128
6756 00002000 128 128
6760 00000000 128 128
6792 00002000 128 128
6796 00000000 128 128
6828 00002000 128 128
6832 00000000 128 128
6864 00002000 128 128
6868 00000000 128 128
6900 00002000 128 128
6904 00000000 128 128
6936 00002000 128 128
6940 00000000 128 128
6972 00002000 128 128
6976 00000000 128 128
7008 00002000 128 128
7012 00000000 128 128
7044 00002000 128 128
7048 00000000 128 128
7080 00002000 128 128
7084 00000000 128 128
7116 00002000 128 128
7120 00000000 128 128
7152 00002000 128 128
7156 00000000 128 128
7188 00002000 128 128
7192 00000000 128 128
7224 00002000 128 128
7228 00000000 128 128
7260 00002000 128 128
7264 00000000 128 128
7296 00002000 128 128
7300 00000000 128 128
7332 00002000 128 128
7336 00000000 128 128
7368 00002000 128 128
7372 00000000 128 128
7404 00002000 128 128
7408 00000000 128 128
7440 00002000 128 128
7444 00000000 128 128
7476 00002000 128 128
7480 00000000 128 128
7512 00002000 128 128
7516 00000000 128 128
7548 00002000 128 128
7552 00000000 128 128
7584 00002000 128 128
7588 00000000 128 128
7620 00002000 128 128
7624 00000000 128 128
7656 00002000 128 128
7660 00000000 128 128
7692 00002000 128 128
7696 00000000 128 128
7728 00002000 128 128
7732 00000000 128 128
7764 00002000 128 128
7768 00000000 128 128
7800 00002000 128 128
7804 00000000 128 128
7836 00002000 128 128
7840 00000000 128 128
7872 00002000 128 128
7876 00000000 128 128
7908 00002000 128 128
7912 00000000 128 128
7944 00002000 128 128
7948 00000000 128 128
7980 00002000 128 128
7984 00000000 128 128
8016 00002000 128 128
8020 00000000 128 128
8052 00002000 128 128
8056 00000000 128 128
8088 00002000 128 128
8092 00000000 128 128
8124 00002000 128 128
8128 00000000 128 128
8160 00002000 128 128
8164 00000000 128 128
8196 00002000 128 128
8200 00000000 128 128
8232 00002000 128 128
8236 00000000 128 128
8268 00002000 128 128
8272 00000000 128 128
8304 00002000 128 128
8308 00000000 128 128
8340 00002000 128 128
8344 00000000 128 128
8376 00002000 128 128
8380 00000000 128 128
8412 00002000 128 128
8416 00000000 128 128
8448 00002000 128 128
8452 00000000 128 128
8484 00002000 128 128
8488 00000000 128 128
8520 00002000 128 128
8524 00000000 128 128
8556 00002000 128 128
8560 00000000 128 128
8592 00002000 128 128
8596 00000000 128 128
8628 00002000 128 128
8632 00000000 128 128
8664 00002000 128 128
8668 00000000 128 128
8700 00002000 128 128
8704 00000000 128 128
8736 00002000 128 128
8740 00000000 128 128
8772 00002000 128 128
8776 00000000 128 128
8808 00002000 128 128
8812 00000000 128 128
8844 00002000 128 128
8848 00000000 128 128
8880 00002000 128 128
8884 00000000 128 128
8916 00002000 128 128
8920 00000000 128 128
8952 00002000 128 128
8956 00000000 128 128
8988 00002000 128 128
8992 00000000 128 128
9024 00002000 128 128
9028 00000000 128 128
9060 00002000 128 128
9064 00000000 128 128
9096 00002000 128 128
9100 00000000 128 128
9132 00002000 128 128
9136 00000000 128 128
9168 00002000 128 128
9172 00000000 128 128
9204 00002000 128 128
9208 00000000 128 128
9240 00002000 128 128
9244 00000000 128 128
9276 00002000 128 128
9280 00000000 128 128
9312 00002000 128 128
9316 00000000 128 128
9348 00002000 128 128
9352 00000000 128 128
9384 00002000 128 128
9388 00000000 128 128
9420 00002000 128 128
9424 00000000 128 128
9456 00002000 128 128
9460 00000000 128 128
9492 00002000 128 128
9496 00000000 128 128
9528 00002000 128 128
9532 00000000 128 128
9564 00002000 128 128
9568 00000000 128 128
9600 00002000 128 128
9604 00000000 128 128
9636 00002000 128 128
9640 00000000 128 128
9672 00002000 128 128
9676 00000000 128 128
9708 00002000 128 128
9712 00000000 128 128
10344 00000000 128 128
10954 00002000 128 128
10958 00000000 128 128
10990 00002000 128 128
10994 00000000 128 128
11026 00002000 128 128
11030 00000000 128 128
11062 00002000 128 128
11066 00000000 128 128
11098 00002000 128 128
11102 00000000 128 128
11134 00002000 128 128
11138 00000000 128 128
11170 00002000 128 128
11174 00000000 128 128
11206 00002000 128 128
11210 00000000 128 128
11242 00002000 128 128
11246 00000000 128 128
11278 00002000 128 128
11282 00000000 128 128
11314 00002000 128 128
11318 00000000 128 128
11350 00002000 128 128
11354 00000000 128 128
11386 00002000 128 128
11390 00000000 128 128
11422 00002000 128 128
11426 00000000 128 128
11458 00002000 128 128
11462 00000000 128 128
11494 00002000 128 128
11498 00000000 128 128
11530 00002000 128 128
11534 00000000 128 128
11566 00002000 128 128
11570 00000000 128 128
11602 00002000 128 128
11606 00000000 128 128
11638 00002000 128 128
11642 00000000 128 128
11674 00002000 128 128
11678 00000000 128 128
11710 00002000 128 128
11714 00000000 128 128
11746 00002000 128 128
11750 00000000 128 128
11782 00002000 128 128
11786 00000000 128 128
11818 00002000 128 128
11822 00000000 128 128
11854 00002000 128 128
11858 00000000 128 128
11890 00002000 128 128
11894 00000000 128 128
11926 00002000 128 128
11930 00000000 128 128
11962 00002000 128 128
11966 00000000 128 128
11998 00002000 128 128
12002 00000000 128 128
12034 00002000 128 128
12038 00000000 128 128
12070 00002000 128 128
12074 00000000 128 128
12106 00002000 128 128
12110 00000000 128 128
12142 00002000 128 128
12146 00000000 128 128
12178 00002000 128 128
12182 00000000 128 128
12214 00002000 128 128
12218 00000000 128 128
12250 00002000 128 128
12254 00000000 128 128
12286 00002000 128 128
12290 00000000 128 128
12322 00002000 128 128
12326 00000000 128 128
12358 00002000 128 128
12362 00000000 128 128
12394 00002000 128 128
12398 00000000 128 128
12430 00002000 128 128
12434 00000000 128 128
12466 00002000 128 128
12470 00000000 128 128
12502 00002000 128 128
12506 00000000 128 128
12538 00002000 128 128
12542 00000000 128 128
12574 00002000 128 128
12578 00000000 128 128
12610 00002000 128 128
12614 00000000 128 128
12646 00002000 128 128
12650 00000000 128 128
12682 00002000 128 128
12686 00000000 128 128
12718 00002000 128 128
12722 00000000 128 128
12754 00002000 128 128
12758 00000000 128 128
12790 00002000 128 128
12794 00000000 128 128
12826 00002000 128 128
12830 00000000 128 128
12862 00002000 128 128
12866 00000000 128 128
12898 00002000 128 128
12902 00000000 128 128
12934 00002000 128 128
12938 00000000 128 128
12970 00002000 128 128
12974 00000000 128 128
13006 00002000 128 128
13010 00000000 128 128
13042 00002000 128 128
13046 00000000 128 128
13078 00002000 128 128
13082 00000000 128 128
13114 00002000 128 128
13118 00000000 128 128
13150 00002000 128 128
13154 00000000 128 128
13186 00002000 128 128
13190 00000000 128 128
13222 00002000 128 128
13226 00000000 128 128
13258 00002000 128 128
13262 00000000 128 128
13294 00002000 128 128
13298 00000000 128 128
13330 00002000 128 128
13334 00000000 128 128
13366 00002000 128 128
13370 00000000 128 128
13402 00002000 128 128
13406 00000000 128 128
13438 00002000 128 128
13442 00000000 128 128
13474 00002000 128 128
13478 00000000 128 128
13510 00002000 128 128
13514 00000000 128 128
13546 00002000 128 128
13550 00000000 128 128
13582 00002000 128 128
13586 00000000 128 128
13618 00002000 128 128
13622 00000000 128 128
13654 00002000 128 128
13658 00000000 128 128
13690 00002000 128 128
13694 00000000 128 128
13726 00002000 128 128
13730 00000000 128 128
13762 00002000 128 128
13766 00000000 128 128
13798 00002000 128 128
13802 00000000 128 128
13834 00002000 128 128
13838 00000000 128 128
13870 00002000 128 128
13874 00000000 128 128
13906 00002000 128 128
13910 00000000 128 128
13942 00002000 128 128
13946 00000000 128 128
13978 00002000 128 128
13982 00000000 128 128
14014 00002000 128 128
14018 00000000 128 128
14050 00002000 128 128
14054 00000000 128 128
14086 00002000 128 128
14090 00000000 128 128
14122 00002000 128 128
14126 00000000 128 128
14158 00002000 128 128
14162 00000000 128 128
14194 00002000 128 128
14198 00000000 128 128
14230 00002000 128 128
14234 00000000 128 128
14266 00002000 128 128
14270 00000000 128 128
14302 00002000 128 128
14306 00000000 128 128
14338 00002000 128 128
14342 00000000 128 128
14374 00002000 128 128
14378 00000000 128 128
14410 00002000 128 128
14414 00000000 128 128
14446 00002000 128 128
14450 00000000 128 128
14482 00002000 128 128
14486 00000000 128 128
14518 00002000 128 128
14522 00000000 128 128
14554 00002000 128 128
14558 00000000 128 128
14590 00002000 128 128
14594 00000000 128 128
14626 00002000 128 128
14630 00000000 128 128
14662 00002000 128 128
14666 00000000 128 128
14698 00002000 128 128
14702 00000000 128 128
14734 00002000 128 128
14738 00000000 128 128
14770 00002000 128 128
14774 00000000 128 128
14806 00002000 128 128
14810 00000000 128 128
14842 00002000 128 128
14846 00000000 128 128
14878 00002000 128 128
14882 00000000 128 128
14914 00002000 128 128
14918 00000000 128 128
14950 00002000 128 128
14954 00000000 128 128
14986 00002000 128 128
14990 00000000 128 128
15022 00002000 128 128
15026 00000000 128 128
15058 00002000 128 128
15062 00000000 128 128
15094 00002000 128 128
15098 00000000 128 128
15130 00002000 128 128
15134 00000000 128 128
15166 00002000 128 128
15170 00000000 128 128
15202 00002000 128 128
15206 00000000 128 128
15238 00002000 128 128
15242 00000000 128 128
16474 00001000 128 128
16478 00000000 128 128
16580 00000010 128 128
16586 00000000 128 128
16608 00000010 128 128
16614 00000000 128 128
16636 00000010 128 128
16642 00000000 128 128
16664 00000020 128 128
16670 00000000 128 128
16702 00002000 128 128
16706 00000000 128 128
17118 00002000 128 128
17122 00000000 128 128
17334 00002000 128 128
17338 00000000 128 128
17550 00002000 128 128
17554 00000000 128 128
17766 00002000 128 128
17770 00000000 128 128
17982 00002000 128 128
17986 00000000 128 128
18558 00001000 128 128
18562 00000000 128 128
18724 00000040 128 128
18730 00000000 128 128
18792 00002000 128 128
18796 00000000 128 128
19308 00000000 128 128
