0 00000000 128 128
150 00000008 128 128
152 00000000 128 128
300 00000008 128 128
302 00000000 128 128
450 00002000 128 128
452 00000000 128 128
2200 00004000 128 128
2204 00000000 128 128
2236 00004000 128 128
2240 00000000 128 128
2272 00004000 128 128
2276 00000000 128 128
2308 00004000 128 128
2312 00000000 128 128
2344 00004000 128 128
2348 00000000 128 128
2380 00004000 128 128
2384 00000000 128 128
2616 00000010 128 128
2624 00000000 128 128
3026 00001000 128 128
3030 00000000 128 128
3192 00000040 128 128
3198 00000000 128 128
3260 00002000 128 128
3264 00000000 128 128
3976 00002000 128 128
3980 00000000 128 128
4492 00000080 128 128
4498 00000000 128 128
4560 00002000 128 128
4564 00000000 128 128
7076 00000000 128 128
