0 00000000 128 128
150 00000008 128 128
152 00000000 128 128
300 00000008 128 128
302 00000000 128 128
450 00002000 128 128
452 00000000 128 128
700 00000040 128 128
780 00000000 128 128
872 00000080 128 128
936 00000000 128 128
938 00000040 128 128
954 00000000 128 128
956 00000080 128 128
1020 00000000 128 128
1022 00000010 128 128
1922 00000000 128 128
1924 00000020 128 128
2224 00000000 128 128
2226 00000010 128 128
3126 00000000 128 128
3158 00004000 128 128
3162 00000000 128 128
3194 00004000 128 128
3198 00000000 128 128
3230 00004000 128 128
3234 00000000 128 128
3266 00004000 128 128
3270 00000000 128 128
3302 00004000 128 128
3306 00000000 128 128
3338 00004000 128 128
3342 00000000 128 128
3374 00004000 128 128
3378 00000000 128 128
3410 00004000 128 128
3414 00000000 128 128
3446 00004000 128 128
3450 00000000 128 128
3482 00004000 128 128
3486 00000000 128 128
3548 00000040 128 128
3564 00000000 128 128
3566 00000080 128 128
4466 00000000 128 128
4468 00000010 128 128
5368 00000000 128 128
5400 00004000 128 128
5404 00000000 128 128
5436 00004000 128 128
5440 00000000 128 128
5472 00004000 128 128
5476 00000000 128 128
5508 00004000 128 128
5512 00000000 128 128
5544 00004000 128 128
5548 00000000 128 128
5580 00004000 128 128
5584 00000000 128 128
5616 00004000 128 128
5620 00000000 128 128
5652 00004000 128 128
5656 00000000 128 128
5688 00004000 128 128
5692 00000000 128 128
5724 00004000 128 128
5728 00000000 128 128
5790 00000080 128 128
5806 00000000 128 128
5808 00000010 128 128
6708 00000000 128 128
7010 00002000 128 128
7014 00000000 128 128
7046 00002000 128 128
7050 00000000 128 128
7082 00002000 128 128
7086 00000000 128 128
7118 00002000 128 128
7122 00000000 128 128
7154 00002000 128 128
7158 00000000 128 128
7190 00002000 128 128
7194 00000000 128 128
7226 00002000 128 128
7230 00000000 128 128
7262 00002000 128 128
7266 00000000 128 128
7298 00002000 128 128
7302 00000000 128 128
7334 00002000 128 128
7338 00000000 128 128
7370 00002000 128 128
7374 00000000 128 128
7406 00002000 128 128
7410 00000000 128 128
7442 00002000 128 128
7446 00000000 128 128
7478 00002000 128 128
7482 00000000 128 128
7514 00002000 128 128
7518 00000000 128 128
7550 00002000 128 128
7554 00000000 128 128
7586 00002000 128 128
7590 00000000 128 128
7622 00002000 128 128
7626 00000000 128 128
7658 00002000 128 128
7662 00000000 128 128
7694 00002000 128 128
7698 00000000 128 128
7730 00002000 128 128
7734 00000000 128 128
7766 00002000 128 128
7770 00000000 128 128
7802 00002000 128 128
7806 00000000 128 128
7838 00002000 128 128
7842 00000000 128 128
7874 00002000 128 128
7878 00000000 128 128
7910 00002000 128 128
7914 00000000 128 128
7946 00002000 128 128
7950 00000000 128 128
7982 00002000 128 128
7986 00000000 128 128
8018 00002000 128 128
8022 00000000 128 128
8054 00002000 128 128
8058 00000000 128 128
8090 00002000 128 128
8094 00000000 128 128
8126 00002000 128 128
8130 00000000 128 128
8162 00002000 128 128
8166 00000000 128 128
8198 00002000 128 128
8202 00000000 128 128
8234 00002000 128 128
8238 00000000 128 128
8270 00002000 128 128
8274 00000000 128 128
8306 00002000 128 128
8310 00000000 128 128
8342 00002000 128 128
8346 00000000 128 128
8378 00002000 128 128
8382 00000000 128 128
8414 00002000 128 128
8418 00000000 128 128
8510 00000000 128 128
