0 00000000 128 128
150 00000008 128 128
152 00000000 128 128
300 00000008 128 128
302 00000000 128 128
450 00002000 128 128
452 00000000 128 128
700 00000080 128 128
708 00000000 128 128
710 00000040 128 128
742 00000000 128 128
744 00000080 128 128
864 00000000 128 128
866 00000010 128 128
938 00000000 128 128
940 00000080 128 128
948 00000000 128 128
950 00000010 128 128
990 00000000 128 128
1052 00000080 128 128
1952 00000000 128 128
2014 00000010 128 128
2914 00000000 128 128
2976 00000000 128 128
