0 00000000 128 128
150 00000008 128 128
152 00000000 128 128
300 00000008 128 128
302 00000000 128 128
450 00002000 128 128
452 00000000 128 128
1000 00000010 128 128
1016 00000000 128 128
1076 00002000 128 128
1080 00000000 128 128
1101 00002000 128 128
1105 00000000 128 128
1126 00002000 128 128
1130 00000000 128 128
1151 00002000 128 128
1155 00000000 128 128
1176 00002000 128 128
1180 00000000 128 128
1201 00002000 128 128
1205 00000000 128 128
1226 00002000 128 128
1230 00000000 128 128
1251 00002000 128 128
1255 00000000 128 128
1276 00002000 128 128
1280 00000000 128 128
1301 00002000 128 128
1305 00000000 128 128
1326 00002000 128 128
1330 00000000 128 128
1351 00002000 128 128
1355 00000000 128 128
1376 00002000 128 128
1380 00000000 128 128
1401 00002000 128 128
1405 00000000 128 128
1426 00002000 128 128
1430 00000000 128 128
1451 00002000 128 128
1455 00000000 128 128
1476 00002000 128 128
1480 00000000 128 128
1501 00002000 128 128
1505 00000000 128 128
1526 00002000 128 128
1530 00000000 128 128
1551 00002000 128 128
1555 00000000 128 128
1576 00002000 128 128
1580 00000000 128 128
1601 00002000 128 128
1605 00000000 128 128
1626 00002000 128 128
1630 00000000 128 128
1651 00002000 128 128
1655 00000000 128 128
1676 00002000 128 128
1680 00000000 128 128
1701 00002000 128 128
1705 00000000 128 128
1726 00002000 128 128
1730 00000000 128 128
1751 00002000 128 128
1755 00000000 128 128
1776 00002000 128 128
1780 00000000 128 128
1801 00002000 128 128
1805 00000000 128 128
1826 00002000 128 128
1830 00000000 128 128
1851 00002000 128 128
1855 00000000 128 128
1876 00002000 128 128
1880 00000000 128 128
1901 00002000 128 128
1905 00000000 128 128
1926 00002000 128 128
1930 00000000 128 128
1951 00002000 128 128
1955 00000000 128 128
1976 00002000 128 128
1980 00000000 128 128
2001 00002000 128 128
2005 00000000 128 128
2026 00002000 128 128
2030 00000000 128 128
2051 00002000 128 128
2055 00000000 128 128
2076 00002000 128 128
2080 00000000 128 128
2101 00002000 128 128
2105 00000000 128 128
2126 00002000 128 128
2130 00000000 128 128
2151 00002000 128 128
2155 00000000 128 128
2176 00002000 128 128
2180 00000000 128 128
2201 00002000 128 128
2205 00000000 128 128
2226 00002000 128 128
2230 00000000 128 128
2251 00002000 128 128
2255 00000000 128 128
2276 00002000 128 128
2280 00000000 128 128
2301 00002000 128 128
2305 00000000 128 128
2326 00002000 128 128
2330 00000000 128 128
2351 00002000 128 128
2355 00000000 128 128
2376 00002000 128 128
2380 00000000 128 128
2401 00002000 128 128
2405 00000000 128 128
2426 00002000 128 128
2430 00000000 128 128
2451 00002000 128 128
2455 00000000 128 128
2476 00002000 128 128
2480 00000000 128 128
2501 00002000 128 128
2505 00000000 128 128
2526 00002000 128 128
2530 00000000 128 128
2551 00002000 128 128
2555 00000000 128 128
2576 00002000 128 128
2580 00000000 128 128
2601 00002000 128 128
2605 00000000 128 128
2626 00002000 128 128
2630 00000000 128 128
2651 00002000 128 128
2655 00000000 128 128
2676 00002000 128 128
2680 00000000 128 128
2701 00002000 128 128
2705 00000000 128 128
2726 00002000 128 128
2730 00000000 128 128
2751 00002000 128 128
2755 00000000 128 128
2776 00002000 128 128
2780 00000000 128 128
2801 00002000 128 128
2805 00000000 128 128
2826 00002000 128 128
2830 00000000 128 128
2851 00002000 128 128
2855 00000000 128 128
2876 00002000 128 128
2880 00000000 128 128
2901 00002000 128 128
2905 00000000 128 128
2926 00002000 128 128
2930 00000000 128 128
2951 00002000 128 128
2955 00000000 128 128
2976 00002000 128 128
2980 00000000 128 128
3001 00002000 128 128
3005 00000000 128 128
3026 00002000 128 128
3030 00000000 128 128
3051 00002000 128 128
3055 00000000 128 128
3076 00002000 128 128
3080 00000000 128 128
3101 00002000 128 128
3105 00000000 128 128
3126 00002000 128 128
3130 00000000 128 128
3151 00002000 128 128
3155 00000000 128 128
3176 00002000 128 128
3180 00000000 128 128
3201 00002000 128 128
3205 00000000 128 128
3226 00002000 128 128
3230 00000000 128 128
3251 00002000 128 128
3255 00000000 128 128
3276 00002000 128 128
3280 00000000 128 128
3301 00002000 128 128
3305 00000000 128 128
3326 00002000 128 128
3330 00000000 128 128
3351 00002000 128 128
3355 00000000 128 128
3376 00002000 128 128
3380 00000000 128 128
3401 00002000 128 128
3405 00000000 128 128
3426 00002000 128 128
3430 00000000 128 128
3451 00002000 128 128
3455 00000000 128 128
3476 00002000 128 128
3480 00000000 128 128
3501 00002000 128 128
3505 00000000 128 128
3526 00002000 128 128
3530 00000000 128 128
3551 00002000 128 128
3555 00000000 128 128
3576 00000000 128 128
3636 00000010 128 128
3638 00000000 128 128
3668 00002000 128 128
3672 00000000 128 128
3792 00004000 128 128
3796 00000000 128 128
3856 00004000 128 128
3860 00000000 128 128
3920 00000010 128 128
3928 00000000 128 128
3958 00000020 128 128
3974 00000000 128 128
4004 00000010 128 128
4020 00000000 128 128
4050 00000020 128 128
4052 00000000 128 128
4082 00002000 128 128
4086 00000000 128 128
4206 00004000 128 128
4210 00000000 128 128
4270 00000040 128 128
4278 00000000 128 128
4308 00000020 128 128
4316 00000000 128 128
4346 00000010 128 128
4348 00000000 128 128
4378 00002000 128 128
4382 00000000 128 128
4502 00004000 128 128
4506 00000000 128 128
4566 00000000 128 128
