0 00000000 128 128
150 00000008 128 128
152 00000000 128 128
300 00000008 128 128
302 00000000 128 128
450 00002000 128 128
452 00000000 128 128
1200 00000080 128 128
1264 00000000 128 128
1280 00000040 128 128
1288 00000000 128 128
1320 00004000 128 128
1324 00000000 128 128
1354 00004000 128 128
1358 00000000 128 128
1388 00004000 128 128
1392 00000000 128 128
1422 00004000 128 128
1426 00000000 128 128
1456 00004000 128 128
1460 00000000 128 128
1490 00004000 128 128
1494 00000000 128 128
1524 00000020 128 128
1588 00000000 128 128
1604 00000040 128 128
1612 00000000 128 128
1644 00004000 128 128
1648 00000000 128 128
1678 00004000 128 128
1682 00000000 128 128
1712 00004000 128 128
1716 00000000 128 128
1746 00004000 128 128
1750 00000000 128 128
1780 00004000 128 128
1784 00000000 128 128
1814 00004000 128 128
1818 00000000 128 128
1848 00000080 128 128
1912 00000000 128 128
1928 00000040 128 128
1936 00000000 128 128
1968 00004000 128 128
1972 00000000 128 128
2002 00004000 128 128
2006 00000000 128 128
2036 00004000 128 128
2040 00000000 128 128
2070 00004000 128 128
2074 00000000 128 128
2104 00004000 128 128
2108 00000000 128 128
2138 00004000 128 128
2142 00000000 128 128
2172 00000020 128 128
2236 00000000 128 128
2252 00000040 128 128
2260 00000000 128 128
2292 00004000 128 128
2296 00000000 128 128
2326 00004000 128 128
2330 00000000 128 128
2360 00004000 128 128
2364 00000000 128 128
2394 00004000 128 128
2398 00000000 128 128
2428 00004000 128 128
2432 00000000 128 128
2462 00004000 128 128
2466 00000000 128 128
2496 00000080 128 128
2560 00000000 128 128
2576 00000040 128 128
2584 00000000 128 128
2616 00004000 128 128
2620 00000000 128 128
2650 00004000 128 128
2654 00000000 128 128
2684 00004000 128 128
2688 00000000 128 128
2718 00004000 128 128
2722 00000000 128 128
2752 00004000 128 128
2756 00000000 128 128
2786 00004000 128 128
2790 00000000 128 128
2820 00000020 128 128
2884 00000000 128 128
2900 00000040 128 128
2908 00000000 128 128
2940 00004000 128 128
2944 00000000 128 128
2974 00004000 128 128
2978 00000000 128 128
3008 00004000 128 128
3012 00000000 128 128
3042 00004000 128 128
3046 00000000 128 128
3076 00004000 128 128
3080 00000000 128 128
3110 00004000 128 128
3114 00000000 128 128
3144 00000080 128 128
3208 00000000 128 128
3224 00000040 128 128
3232 00000000 128 128
3264 00004000 128 128
3268 00000000 128 128
3298 00004000 128 128
3302 00000000 128 128
3332 00004000 128 128
3336 00000000 128 128
3366 00004000 128 128
3370 00000000 128 128
3400 00004000 128 128
3404 00000000 128 128
3434 00004000 128 128
3438 00000000 128 128
3468 00000020 128 128
3532 00000000 128 128
3548 00000040 128 128
3556 00000000 128 128
3588 00004000 128 128
3592 00000000 128 128
3622 00004000 128 128
3626 00000000 128 128
3656 00004000 128 128
3660 00000000 128 128
3690 00004000 128 128
3694 00000000 128 128
3724 00004000 128 128
3728 00000000 128 128
3758 00004000 128 128
3762 00000000 128 128
3792 00000000 128 128
