0 00000000 128 128
150 00000008 128 128
152 00000000 128 128
300 00000008 128 128
302 00000000 128 128
450 00002000 128 128
452 00000000 128 128
1200 00000040 128 128
1208 00000000 128 128
1300 00000020 128 128
1380 00000000 128 128
1500 00000010 128 128
1508 00000000 128 128
2000 00000010 128 128
2024 00000000 128 128
2100 00000020 128 128
2116 00000000 128 128
2200 00002000 128 128
2204 00000000 128 128
2234 00002000 128 128
2238 00000000 128 128
2268 00002000 128 128
2272 00000000 128 128
2302 00002000 128 128
2306 00000000 128 128
2336 00002000 128 128
2340 00000000 128 128
2370 00002000 128 128
2374 00000000 128 128
2404 00004000 128 128
2408 00000000 128 128
2438 00004000 128 128
2442 00000000 128 128
2472 00004000 128 128
2476 00000000 128 128
2506 00004000 128 128
2510 00000000 128 128
2540 00004000 128 128
2544 00000000 128 128
2574 00004000 128 128
2578 00000000 128 128
2608 00004000 128 128
2612 00000000 128 128
2642 00004000 128 128
2646 00000000 128 128
2676 00004000 128 128
2680 00000000 128 128
2710 00004000 128 128
2714 00000000 128 128
2744 00004000 128 128
2748 00000000 128 128
2778 00004000 128 128
2782 00000000 128 128
2812 00004000 128 128
2816 00000000 128 128
2846 00004000 128 128
2850 00000000 128 128
2880 00004000 128 128
2884 00000000 128 128
2914 00004000 128 128
2918 00000000 128 128
2948 00004000 128 128
2952 00000000 128 128
2982 00004000 128 128
2986 00000000 128 128
3016 00004000 128 128
3020 00000000 128 128
3050 00004000 128 128
3054 00000000 128 128
3084 00004000 128 128
3088 00000000 128 128
3118 00004000 128 128
3122 00000000 128 128
3152 00004000 128 128
3156 00000000 128 128
3186 00004000 128 128
3190 00000000 128 128
3220 00004000 128 128
3224 00000000 128 128
3254 00004000 128 128
3258 00000000 128 128
3288 00004000 128 128
3292 00000000 128 128
3322 00004000 128 128
3326 00000000 128 128
3356 00004000 128 128
3360 00000000 128 128
3390 00004000 128 128
3394 00000000 128 128
3424 00004000 128 128
3428 00000000 128 128
3458 00004000 128 128
3462 00000000 128 128
3492 00004000 128 128
3496 00000000 128 128
3526 00004000 128 128
3530 00000000 128 128
3560 00004000 128 128
3564 00000000 128 128
3594 00004000 128 128
3598 00000000 128 128
3628 00004000 128 128
3632 00000000 128 128
3662 00004000 128 128
3666 00000000 128 128
3696 00004000 128 128
3700 00000000 128 128
3730 00004000 128 128
3734 00000000 128 128
3764 00004000 128 128
3768 00000000 128 128
3798 00004000 128 128
3802 00000000 128 128
3832 00004000 128 128
3836 00000000 128 128
3866 00004000 128 128
3870 00000000 128 128
3900 00004000 128 128
3904 00000000 128 128
3934 00004000 128 128
3938 00000000 128 128
3968 00004000 128 128
3972 00000000 128 128
4002 00004000 128 128
4006 00000000 128 128
4036 00004000 128 128
4040 00000000 128 128
4070 00004000 128 128
4074 00000000 128 128
4104 00004000 128 128
4108 00000000 128 128
4138 00004000 128 128
4142 00000000 128 128
4172 00004000 128 128
4176 00000000 128 128
4206 00004000 128 128
4210 00000000 128 128
4240 00004000 128 128
4244 00000000 128 128
4274 00004000 128 128
4278 00000000 128 128
4308 00004000 128 128
4312 00000000 128 128
4342 00004000 128 128
4346 00000000 128 128
4376 00004000 128 128
4380 00000000 128 128
4410 00004000 128 128
4414 00000000 128 128
4444 00004000 128 128
4448 00000000 128 128
4478 00004000 128 128
4482 00000000 128 128
4512 00004000 128 128
4516 00000000 128 128
4546 00004000 128 128
4550 00000000 128 128
4580 00004000 128 128
4584 00000000 128 128
4614 00004000 128 128
4618 00000000 128 128
4648 00004000 128 128
4652 00000000 128 128
4682 00004000 128 128
4686 00000000 128 128
4716 00004000 128 128
4720 00000000 128 128
4750 00004000 128 128
4754 00000000 128 128
4784 00004000 128 128
4788 00000000 128 128
4818 00004000 128 128
4822 00000000 128 128
4852 00004000 128 128
4856 00000000 128 128
4886 00004000 128 128
4890 00000000 128 128
4920 00004000 128 128
4924 00000000 128 128
4954 00004000 128 128
4958 00000000 128 128
4988 00004000 128 128
4992 00000000 128 128
5022 00004000 128 128
5026 00000000 128 128
5056 00004000 128 128
5060 00000000 128 128
5090 00004000 128 128
5094 00000000 128 128
5124 00000040 128 128
5164 00000000 128 128
5224 00000080 128 128
5240 00000000 128 128
5300 00000040 128 128
5360 00000000 128 128
5760 00000080 128 128
5930 00000000 128 128
6130 00004000 128 128
6134 00000000 128 128
6164 00004000 128 128
6168 00000000 128 128
6198 00004000 128 128
6202 00000000 128 128
6232 00004000 128 128
6236 00000000 128 128
6266 00004000 128 128
6270 00000000 128 128
6300 00004000 128 128
6304 00000000 128 128
6334 00004000 128 128
6338 00000000 128 128
6368 00004000 128 128
6372 00000000 128 128
6402 00004000 128 128
6406 00000000 128 128
6436 00004000 128 128
6440 00000000 128 128
6470 00004000 128 128
6474 00000000 128 128
6504 00004000 128 128
6508 00000000 128 128
6538 00004000 128 128
6542 00000000 128 128
6572 00004000 128 128
6576 00000000 128 128
6606 00004000 128 128
6610 00000000 128 128
6640 00004000 128 128
6644 00000000 128 128
6674 00004000 128 128
6678 00000000 128 128
6708 00004000 128 128
6712 00000000 128 128
6742 00004000 128 128
6746 00000000 128 128
6776 00004000 128 128
6780 00000000 128 128
6810 00004000 128 128
6814 00000000 128 128
6844 00004000 128 128
6848 00000000 128 128
6878 00004000 128 128
6882 00000000 128 128
6912 00004000 128 128
6916 00000000 128 128
6946 00004000 128 128
6950 00000000 128 128
6980 00004000 128 128
6984 00000000 128 128
7014 00004000 128 128
7018 00000000 128 128
7048 00004000 128 128
7052 00000000 128 128
7082 00004000 128 128
7086 00000000 128 128
7116 00004000 128 128
7120 00000000 128 128
7150 00004000 128 128
7154 00000000 128 128
7184 00004000 128 128
7188 00000000 128 128
7218 00004000 128 128
7222 00000000 128 128
7252 00004000 128 128
7256 00000000 128 128
7286 00004000 128 128
7290 00000000 128 128
7320 00004000 128 128
7324 00000000 128 128
7354 00004000 128 128
7358 00000000 128 128
7388 00004000 128 128
7392 00000000 128 128
7422 00004000 128 128
7426 00000000 128 128
7456 00004000 128 128
7460 00000000 128 128
7490 00004000 128 128
7494 00000000 128 128
7524 00004000 128 128
7528 00000000 128 128
7558 00004000 128 128
7562 00000000 128 128
7592 00004000 128 128
7596 00000000 128 128
7626 00004000 128 128
7630 00000000 128 128
7660 00004000 128 128
7664 00000000 128 128
7694 00004000 128 128
7698 00000000 128 128
7728 00004000 128 128
7732 00000000 128 128
7762 00004000 128 128
7766 00000000 128 128
7796 00004000 128 128
7800 00000000 128 128
7830 00004000 128 128
7834 00000000 128 128
7864 00004000 128 128
7868 00000000 128 128
7898 00004000 128 128
7902 00000000 128 128
7932 00004000 128 128
7936 00000000 128 128
7966 00004000 128 128
7970 00000000 128 128
8000 00004000 128 128
8004 00000000 128 128
8034 00004000 128 128
8038 00000000 128 128
8068 00004000 128 128
8072 00000000 128 128
8102 00004000 128 128
8106 00000000 128 128
8136 00004000 128 128
8140 00000000 128 128
8170 00000080 128 128
8410 00000000 128 128
8670 00004000 128 128
8674 00000000 128 128
8704 00004000 128 128
8708 00000000 128 128
8738 00004000 128 128
8742 00000000 128 128
8772 00004000 128 128
8776 00000000 128 128
8806 00004000 128 128
8810 00000000 128 128
8840 00004000 128 128
8844 00000000 128 128
8874 00004000 128 128
8878 00000000 128 128
8908 00004000 128 128
8912 00000000 128 128
8942 00004000 128 128
8946 00000000 128 128
8976 00004000 128 128
8980 00000000 128 128
9010 00004000 128 128
9014 00000000 128 128
9044 00004000 128 128
9048 00000000 128 128
9078 00004000 128 128
9082 00000000 128 128
9112 00004000 128 128
9116 00000000 128 128
9146 00004000 128 128
9150 00000000 128 128
9180 00004000 128 128
9184 00000000 128 128
9214 00004000 128 128
9218 00000000 128 128
9248 00004000 128 128
9252 00000000 128 128
9282 00004000 128 128
9286 00000000 128 128
9316 00004000 128 128
9320 00000000 128 128
9550 00001000 128 128
9554 00000000 128 128
9644 00000200 128 128
9648 00000000 128 128
9658 00000080 128 128
9664 00000000 128 128
9670 00000010 128 128
9680 00000000 128 128
9690 00004000 128 128
9694 00000000 128 128
9844 00002000 128 128
9848 00000000 128 128
10028 00002000 128 128
10032 00000000 128 128
10212 00002000 128 128
10216 00000000 128 128
10716 00002000 128 128
10720 00000000 128 128
10840 00000200 128 128
10844 00000000 128 128
10874 00004000 128 128
10878 00000000 128 128
10968 00000000 128 128
