0 00000000 128 128
150 00000008 128 128
152 00000000 128 128
300 00000008 128 128
302 00000000 128 128
450 00002000 128 128
452 00000000 128 128
1000 00000020 128 128
1040 00000000 128 128
1100 00000080 128 128
1110 00000000 128 128
1150 00000010 128 128
1210 00000000 128 128
1250 00000080 128 128
1260 00000000 128 128
1300 00000010 128 128
1360 00000000 128 128
1400 00000020 128 128
1410 00000000 128 128
1450 00000020 128 128
1460 00000000 128 128
1500 00000020 128 128
1510 00000000 128 128
1550 00000010 128 128
1610 00000000 128 128
1650 00000020 128 128
1660 00000000 128 128
1700 00000010 128 128
1760 00000000 128 128
1800 00000000 128 128
