0 00000000 128 128
150 00000008 128 128
152 00000000 128 128
300 00000008 128 128
302 00000000 128 128
450 00002000 128 128
452 00000000 128 128
760 00000080 128 128
808 00000000 128 128
840 00000010 128 128
888 00000000 128 128
920 00000020 128 128
936 00000000 128 128
968 00000020 128 128
976 00000000 128 128
1008 00002000 128 128
1012 00000000 128 128
1144 00004000 128 128
1148 00000000 128 128
1180 00004000 128 128
1184 00000000 128 128
1216 00004000 128 128
1220 00000000 128 128
1252 00004000 128 128
1256 00000000 128 128
1288 00004000 128 128
1292 00000000 128 128
1324 00004000 128 128
1328 00000000 128 128
1360 00004000 128 128
1364 00000000 128 128
1396 00004000 128 128
1400 00000000 128 128
1432 00004000 128 128
1436 00000000 128 128
1468 00004000 128 128
1472 00000000 128 128
1504 00004000 128 128
1508 00000000 128 128
1540 00004000 128 128
1544 00000000 128 128
1576 00004000 128 128
1580 00000000 128 128
1612 00004000 128 128
1616 00000000 128 128
1648 00004000 128 128
1652 00000000 128 128
1684 00004000 128 128
1688 00000000 128 128
1720 00004000 128 128
1724 00000000 128 128
1756 00004000 128 128
1760 00000000 128 128
1792 00004000 128 128
1796 00000000 128 128
1828 00004000 128 128
1832 00000000 128 128
1864 00004000 128 128
1868 00000000 128 128
1900 00004000 128 128
1904 00000000 128 128
1936 00004000 128 128
1940 00000000 128 128
1972 00004000 128 128
1976 00000000 128 128
2008 00004000 128 128
2012 00000000 128 128
2044 00004000 128 128
2048 00000000 128 128
2080 00004000 128 128
2084 00000000 128 128
2116 00004000 128 128
2120 00000000 128 128
2152 00004000 128 128
2156 00000000 128 128
2188 00004000 128 128
2192 00000000 128 128
2224 00004000 128 128
2228 00000000 128 128
2260 00004000 128 128
2264 00000000 128 128
2296 00004000 128 128
2300 00000000 128 128
2332 00004000 128 128
2336 00000000 128 128
2368 00004000 128 128
2372 00000000 128 128
2404 00004000 128 128
2408 00000000 128 128
2440 00004000 128 128
2444 00000000 128 128
2476 00004000 128 128
2480 00000000 128 128
2512 00004000 128 128
2516 00000000 128 128
2548 00004000 128 128
2552 00000000 128 128
2584 00004000 128 128
2588 00000000 128 128
2620 00004000 128 128
2624 00000000 128 128
2656 00004000 128 128
2660 00000000 128 128
2692 00004000 128 128
2696 00000000 128 128
2728 00004000 128 128
2732 00000000 128 128
2764 00004000 128 128
2768 00000000 128 128
2800 00004000 128 128
2804 00000000 128 128
2836 00004000 128 128
2840 00000000 128 128
2872 00004000 128 128
2876 00000000 128 128
2908 00004000 128 128
2912 00000000 128 128
2944 00004000 128 128
2948 00000000 128 128
2980 00004000 128 128
2984 00000000 128 128
3016 00004000 128 128
3020 00000000 128 128
3052 00004000 128 128
3056 00000000 128 128
3088 00004000 128 128
3092 00000000 128 128
3124 00004000 128 128
3128 00000000 128 128
3160 00004000 128 128
3164 00000000 128 128
3196 00004000 128 128
3200 00000000 128 128
3232 00004000 128 128
3236 00000000 128 128
3268 00004000 128 128
3272 00000000 128 128
3604 00004000 128 128
3608 00000000 128 128
3640 00004000 128 128
3644 00000000 128 128
3676 00004000 128 128
3680 00000000 128 128
3712 00004000 128 128
3716 00000000 128 128
3788 00004000 128 128
3792 00000000 128 128
3824 00004000 128 128
3828 00000000 128 128
3860 00004000 128 128
3864 00000000 128 128
3896 00004000 128 128
3900 00000000 128 128
3972 00000010 128 128
3978 00000000 128 128
4000 00000010 128 128
4006 00000000 128 128
4028 00002000 128 128
4032 00000000 128 128
4164 00000010 128 128
4170 00000000 128 128
4202 00000010 128 128
4208 00000000 128 128
4240 00000080 128 128
4246 00000000 128 128
4278 00000040 128 128
4284 00000000 128 128
4316 00002000 128 128
4320 00000000 128 128
4392 00002000 128 128
4396 00000000 128 128
4428 00002000 128 128
4432 00000000 128 128
4464 00002000 128 128
4468 00000000 128 128
4500 00002000 128 128
4504 00000000 128 128
4536 00002000 128 128
4540 00000000 128 128
4572 00002000 128 128
4576 00000000 128 128
4608 00002000 128 128
4612 00000000 128 128
4644 00002000 128 128
4648 00000000 128 128
4680 00002000 128 128
4684 00000000 128 128
4716 00002000 128 128
4720 00000000 128 128
4752 00002000 128 128
4756 00000000 128 128
4788 00002000 128 128
4792 00000000 128 128
4884 00004000 128 128
4888 00000000 128 128
4920 00004000 128 128
4924 00000000 128 128
4956 00004000 128 128
4960 00000000 128 128
4992 00004000 128 128
4996 00000000 128 128
5068 00004000 128 128
5072 00000000 128 128
5104 00004000 128 128
5108 00000000 128 128
5140 00004000 128 128
5144 00000000 128 128
5176 00004000 128 128
5180 00000000 128 128
5252 00000010 128 128
5258 00000000 128 128
5280 00000010 128 128
5286 00000000 128 128
5308 00002000 128 128
5312 00000000 128 128
5444 00000010 128 128
5450 00000000 128 128
5482 00000010 128 128
5488 00000000 128 128
5520 00000080 128 128
5526 00000000 128 128
5558 00000040 128 128
5564 00000000 128 128
5596 00002000 128 128
5600 00000000 128 128
5672 00002000 128 128
5676 00000000 128 128
5708 00002000 128 128
5712 00000000 128 128
5744 00002000 128 128
5748 00000000 128 128
5780 00002000 128 128
5784 00000000 128 128
5816 00002000 128 128
5820 00000000 128 128
5852 00002000 128 128
5856 00000000 128 128
5888 00002000 128 128
5892 00000000 128 128
5924 00002000 128 128
5928 00000000 128 128
5960 00002000 128 128
5964 00000000 128 128
5996 00002000 128 128
6000 00000000 128 128
6032 00002000 128 128
6036 00000000 128 128
6068 00002000 128 128
6072 00000000 128 128
6164 00004000 128 128
6168 00000000 128 128
6200 00004000 128 128
6204 00000000 128 128
6236 00004000 128 128
6240 00000000 128 128
6272 00004000 128 128
6276 00000000 128 128
6348 00004000 128 128
6352 00000000 128 128
6384 00004000 128 128
6388 00000000 128 128
6420 00004000 128 128
6424 00000000 128 128
6456 00004000 128 128
6460 00000000 128 128
6532 00000010 128 128
6538 00000000 128 128
6560 00000010 128 128
6566 00000000 128 128
6588 00002000 128 128
6592 00000000 128 128
6724 00000010 128 128
6730 00000000 128 128
6762 00000010 128 128
6768 00000000 128 128
6800 00000080 128 128
6806 00000000 128 128
6838 00000040 128 128
6844 00000000 128 128
6876 00002000 128 128
6880 00000000 128 128
6952 00002000 128 128
6956 00000000 128 128
6988 00002000 128 128
6992 00000000 128 128
7024 00002000 128 128
7028 00000000 128 128
7060 00002000 128 128
7064 00000000 128 128
7096 00002000 128 128
7100 00000000 128 128
7132 00002000 128 128
7136 00000000 128 128
7168 00002000 128 128
7172 00000000 128 128
7204 00002000 128 128
7208 00000000 128 128
7240 00002000 128 128
7244 00000000 128 128
7276 00002000 128 128
7280 00000000 128 128
7312 00002000 128 128
7316 00000000 128 128
7348 00002000 128 128
7352 00000000 128 128
7444 00004000 128 128
7448 00000000 128 128
7480 00004000 128 128
7484 00000000 128 128
7516 00004000 128 128
7520 00000000 128 128
7552 00004000 128 128
7556 00000000 128 128
7628 00004000 128 128
7632 00000000 128 128
7664 00004000 128 128
7668 00000000 128 128
7700 00004000 128 128
7704 00000000 128 128
7736 00004000 128 128
7740 00000000 128 128
7812 00000010 128 128
7818 00000000 128 128
7840 00000010 128 128
7846 00000000 128 128
7868 00002000 128 128
7872 00000000 128 128
8004 00000010 128 128
8010 00000000 128 128
8042 00000010 128 128
8048 00000000 128 128
8080 00000080 128 128
8086 00000000 128 128
8118 00000040 128 128
8124 00000000 128 128
8156 00002000 128 128
8160 00000000 128 128
8232 00002000 128 128
8236 00000000 128 128
8268 00002000 128 128
8272 00000000 128 128
8304 00002000 128 128
8308 00000000 128 128
8340 00002000 128 128
8344 00000000 128 128
8376 00002000 128 128
8380 00000000 128 128
8412 00002000 128 128
8416 00000000 128 128
8448 00002000 128 128
8452 00000000 128 128
8484 00002000 128 128
8488 00000000 128 128
8520 00002000 128 128
8524 00000000 128 128
8556 00002000 128 128
8560 00000000 128 128
8592 00002000 128 128
8596 00000000 128 128
8628 00002000 128 128
8632 00000000 128 128
8724 00004000 128 128
8728 00000000 128 128
8760 00004000 128 128
8764 00000000 128 128
8796 00004000 128 128
8800 00000000 128 128
8832 00004000 128 128
8836 00000000 128 128
8908 00004000 128 128
8912 00000000 128 128
8944 00004000 128 128
8948 00000000 128 128
8980 00004000 128 128
8984 00000000 128 128
9016 00004000 128 128
9020 00000000 128 128
9092 00000010 128 128
9098 00000000 128 128
9120 00000010 128 128
9126 00000000 128 128
9148 00002000 128 128
9152 00000000 128 128
9284 00000010 128 128
9290 00000000 128 128
9322 00000010 128 128
9328 00000000 128 128
9360 00000080 128 128
9366 00000000 128 128
9398 00000040 128 128
9404 00000000 128 128
9436 00002000 128 128
9440 00000000 128 128
9512 00002000 128 128
9516 00000000 128 128
9548 00002000 128 128
9552 00000000 128 128
9584 00002000 128 128
9588 00000000 128 128
9620 00002000 128 128
9624 00000000 128 128
9656 00002000 128 128
9660 00000000 128 128
9692 00002000 128 128
9696 00000000 128 128
9728 00002000 128 128
9732 00000000 128 128
9764 00002000 128 128
9768 00000000 128 128
9800 00002000 128 128
9804 00000000 128 128
9836 00002000 128 128
9840 00000000 128 128
9872 00002000 128 128
9876 00000000 128 128
9908 00002000 128 128
9912 00000000 128 128
10004 00004000 128 128
10008 00000000 128 128
10040 00004000 128 128
10044 00000000 128 128
10076 00004000 128 128
10080 00000000 128 128
10112 00004000 128 128
10116 00000000 128 128
10188 00004000 128 128
10192 00000000 128 128
10224 00004000 128 128
10228 00000000 128 128
10260 00004000 128 128
10264 00000000 128 128
10296 00004000 128 128
10300 00000000 128 128
10372 00000010 128 128
10378 00000000 128 128
10400 00000010 128 128
10406 00000000 128 128
10428 00002000 128 128
10432 00000000 128 128
10564 00000010 128 128
10570 00000000 128 128
10602 00000010 128 128
10608 00000000 128 128
10640 00000080 128 128
10646 00000000 128 128
10678 00000040 128 128
10684 00000000 128 128
10716 00002000 128 128
10720 00000000 128 128
10792 00002000 128 128
10796 00000000 128 128
10828 00002000 128 128
10832 00000000 128 128
10864 00002000 128 128
10868 00000000 128 128
10900 00002000 128 128
10904 00000000 128 128
10936 00002000 128 128
10940 00000000 128 128
10972 00002000 128 128
10976 00000000 128 128
11008 00002000 128 128
11012 00000000 128 128
11044 00002000 128 128
11048 00000000 128 128
11080 00002000 128 128
11084 00000000 128 128
11116 00002000 128 128
11120 00000000 128 128
11152 00002000 128 128
11156 00000000 128 128
11188 00002000 128 128
11192 00000000 128 128
11284 00004000 128 128
11288 00000000 128 128
11320 00004000 128 128
11324 00000000 128 128
11356 00004000 128 128
11360 00000000 128 128
11392 00004000 128 128
11396 00000000 128 128
11468 00004000 128 128
11472 00000000 128 128
11504 00004000 128 128
11508 00000000 128 128
11540 00004000 128 128
11544 00000000 128 128
11576 00004000 128 128
11580 00000000 128 128
11652 00000010 128 128
11658 00000000 128 128
11680 00000010 128 128
11686 00000000 128 128
11708 00002000 128 128
11712 00000000 128 128
11844 00000010 128 128
11850 00000000 128 128
11882 00000010 128 128
11888 00000000 128 128
11920 00000080 128 128
11926 00000000 128 128
11958 00000040 128 128
11964 00000000 128 128
11996 00002000 128 128
12000 00000000 128 128
12072 00002000 128 128
12076 00000000 128 128
12108 00002000 128 128
12112 00000000 128 128
12144 00002000 128 128
12148 00000000 128 128
12180 00002000 128 128
12184 00000000 128 128
12216 00002000 128 128
12220 00000000 128 128
12252 00002000 128 128
12256 00000000 128 128
12288 00002000 128 128
12292 00000000 128 128
12324 00002000 128 128
12328 00000000 128 128
12360 00002000 128 128
12364 00000000 128 128
12396 00002000 128 128
12400 00000000 128 128
12432 00002000 128 128
12436 00000000 128 128
12468 00002000 128 128
12472 00000000 128 128
12564 00004000 128 128
12568 00000000 128 128
12600 00004000 128 128
12604 00000000 128 128
12636 00004000 128 128
12640 00000000 128 128
12672 00004000 128 128
12676 00000000 128 128
12748 00004000 128 128
12752 00000000 128 128
12784 00004000 128 128
12788 00000000 128 128
12820 00004000 128 128
12824 00000000 128 128
12856 00004000 128 128
12860 00000000 128 128
12932 00000010 128 128
12938 00000000 128 128
12960 00000010 128 128
12966 00000000 128 128
12988 00002000 128 128
12992 00000000 128 128
13124 00000010 128 128
13130 00000000 128 128
13162 00000010 128 128
13168 00000000 128 128
13200 00000080 128 128
13206 00000000 128 128
13238 00000040 128 128
13244 00000000 128 128
13276 00002000 128 128
13280 00000000 128 128
13352 00002000 128 128
13356 00000000 128 128
13388 00002000 128 128
13392 00000000 128 128
13424 00002000 128 128
13428 00000000 128 128
13460 00002000 128 128
13464 00000000 128 128
13496 00002000 128 128
13500 00000000 128 128
13532 00002000 128 128
13536 00000000 128 128
13568 00002000 128 128
13572 00000000 128 128
13604 00002000 128 128
13608 00000000 128 128
13640 00002000 128 128
13644 00000000 128 128
13676 00002000 128 128
13680 00000000 128 128
13712 00002000 128 128
13716 00000000 128 128
13748 00002000 128 128
13752 00000000 128 128
13844 00004000 128 128
13848 00000000 128 128
13880 00004000 128 128
13884 00000000 128 128
13916 00004000 128 128
13920 00000000 128 128
13952 00004000 128 128
13956 00000000 128 128
14028 00004000 128 128
14032 00000000 128 128
14064 00004000 128 128
14068 00000000 128 128
14100 00004000 128 128
14104 00000000 128 128
14136 00004000 128 128
14140 00000000 128 128
14212 00000010 128 128
14218 00000000 128 128
14240 00000010 128 128
14246 00000000 128 128
14268 00002000 128 128
14272 00000000 128 128
14404 00000010 128 128
14410 00000000 128 128
14442 00000010 128 128
14448 00000000 128 128
14480 00000080 128 128
14486 00000000 128 128
14518 00000040 128 128
14524 00000000 128 128
14556 00002000 128 128
14560 00000000 128 128
14632 00002000 128 128
14636 00000000 128 128
14668 00002000 128 128
14672 00000000 128 128
14704 00002000 128 128
14708 00000000 128 128
14740 00002000 128 128
14744 00000000 128 128
14776 00002000 128 128
14780 00000000 128 128
14812 00002000 128 128
14816 00000000 128 128
14848 00002000 128 128
14852 00000000 128 128
14884 00002000 128 128
14888 00000000 128 128
14920 00002000 128 128
14924 00000000 128 128
14956 00002000 128 128
14960 00000000 128 128
14992 00002000 128 128
14996 00000000 128 128
15028 00002000 128 128
15032 00000000 128 128
15124 00004000 128 128
15128 00000000 128 128
15160 00004000 128 128
15164 00000000 128 128
15196 00004000 128 128
15200 00000000 128 128
15232 00004000 128 128
15236 00000000 128 128
15308 00004000 128 128
15312 00000000 128 128
15344 00004000 128 128
15348 00000000 128 128
15380 00004000 128 128
15384 00000000 128 128
15416 00004000 128 128
15420 00000000 128 128
15492 00000010 128 128
15498 00000000 128 128
15520 00000010 128 128
15526 00000000 128 128
15548 00002000 128 128
15552 00000000 128 128
15684 00000010 128 128
15690 00000000 128 128
15722 00000010 128 128
15728 00000000 128 128
15760 00000080 128 128
15766 00000000 128 128
15798 00000040 128 128
15804 00000000 128 128
15836 00002000 128 128
15840 00000000 128 128
15912 00002000 128 128
15916 00000000 128 128
15948 00002000 128 128
15952 00000000 128 128
15984 00002000 128 128
15988 00000000 128 128
16020 00002000 128 128
16024 00000000 128 128
16056 00002000 128 128
16060 00000000 128 128
16092 00002000 128 128
16096 00000000 128 128
16128 00002000 128 128
16132 00000000 128 128
16164 00002000 128 128
16168 00000000 128 128
16200 00002000 128 128
16204 00000000 128 128
16236 00002000 128 128
16240 00000000 128 128
16272 00002000 128 128
16276 00000000 128 128
16308 00002000 128 128
16312 00000000 128 128
16404 00004000 128 128
16408 00000000 128 128
16440 00004000 128 128
16444 00000000 128 128
16476 00004000 128 128
16480 00000000 128 128
16512 00004000 128 128
16516 00000000 128 128
16588 00004000 128 128
16592 00000000 128 128
16624 00004000 128 128
16628 00000000 128 128
16660 00004000 128 128
16664 00000000 128 128
16696 00004000 128 128
16700 00000000 128 128
16772 00000010 128 128
16778 00000000 128 128
16800 00000010 128 128
16806 00000000 128 128
16828 00002000 128 128
16832 00000000 128 128
16964 00000010 128 128
16970 00000000 128 128
17002 00000010 128 128
17008 00000000 128 128
17040 00000080 128 128
17046 00000000 128 128
17078 00000040 128 128
17084 00000000 128 128
17116 00002000 128 128
17120 00000000 128 128
17192 00002000 128 128
17196 00000000 128 128
17228 00002000 128 128
17232 00000000 128 128
17264 00002000 128 128
17268 00000000 128 128
17300 00002000 128 128
17304 00000000 128 128
17336 00002000 128 128
17340 00000000 128 128
17372 00002000 128 128
17376 00000000 128 128
17408 00002000 128 128
17412 00000000 128 128
17444 00002000 128 128
17448 00000000 128 128
17480 00002000 128 128
17484 00000000 128 128
17516 00002000 128 128
17520 00000000 128 128
17552 00002000 128 128
17556 00000000 128 128
17588 00002000 128 128
17592 00000000 128 128
17684 00004000 128 128
17688 00000000 128 128
17720 00004000 128 128
17724 00000000 128 128
17756 00004000 128 128
17760 00000000 128 128
17792 00004000 128 128
17796 00000000 128 128
17868 00004000 128 128
17872 00000000 128 128
17904 00004000 128 128
17908 00000000 128 128
17940 00004000 128 128
17944 00000000 128 128
17976 00004000 128 128
17980 00000000 128 128
18052 00000010 128 128
18058 00000000 128 128
18080 00000010 128 128
18086 00000000 128 128
18108 00002000 128 128
18112 00000000 128 128
18244 00000010 128 128
18250 00000000 128 128
18282 00000010 128 128
18288 00000000 128 128
18320 00000080 128 128
18326 00000000 128 128
18358 00000040 128 128
18364 00000000 128 128
18396 00002000 128 128
18400 00000000 128 128
18472 00002000 128 128
18476 00000000 128 128
18508 00002000 128 128
18512 00000000 128 128
18544 00002000 128 128
18548 00000000 128 128
18580 00002000 128 128
18584 00000000 128 128
18616 00002000 128 128
18620 00000000 128 128
18652 00002000 128 128
18656 00000000 128 128
18688 00002000 128 128
18692 00000000 128 128
18724 00002000 128 128
18728 00000000 128 128
18760 00002000 128 128
18764 00000000 128 128
18796 00002000 128 128
18800 00000000 128 128
18832 00002000 128 128
18836 00000000 128 128
18868 00002000 128 128
18872 00000000 128 128
18964 00004000 128 128
18968 00000000 128 128
19000 00004000 128 128
19004 00000000 128 128
19036 00004000 128 128
19040 00000000 128 128
19072 00004000 128 128
19076 00000000 128 128
19148 00004000 128 128
19152 00000000 128 128
19184 00004000 128 128
19188 00000000 128 128
19220 00004000 128 128
19224 00000000 128 128
19256 00004000 128 128
19260 00000000 128 128
19332 00000010 128 128
19338 00000000 128 128
19360 00000010 128 128
19366 00000000 128 128
19388 00002000 128 128
19392 00000000 128 128
19524 00000010 128 128
19530 00000000 128 128
19562 00000010 128 128
19568 00000000 128 128
19600 00000080 128 128
19606 00000000 128 128
19638 00000040 128 128
19644 00000000 128 128
19676 00002000 128 128
19680 00000000 128 128
19752 00002000 128 128
19756 00000000 128 128
19788 00002000 128 128
19792 00000000 128 128
19824 00002000 128 128
19828 00000000 128 128
19860 00002000 128 128
19864 00000000 128 128
19896 00002000 128 128
19900 00000000 128 128
19932 00002000 128 128
19936 00000000 128 128
19968 00002000 128 128
19972 00000000 128 128
20004 00002000 128 128
20008 00000000 128 128
20040 00002000 128 128
20044 00000000 128 128
20076 00002000 128 128
20080 00000000 128 128
20112 00002000 128 128
20116 00000000 128 128
20148 00002000 128 128
20152 00000000 128 128
20244 00004000 128 128
20248 00000000 128 128
20280 00004000 128 128
20284 00000000 128 128
20316 00004000 128 128
20320 00000000 128 128
20352 00004000 128 128
20356 00000000 128 128
20428 00004000 128 128
20432 00000000 128 128
20464 00004000 128 128
20468 00000000 128 128
20500 00004000 128 128
20504 00000000 128 128
20536 00004000 128 128
20540 00000000 128 128
20612 00000010 128 128
20618 00000000 128 128
20640 00000010 128 128
20646 00000000 128 128
20668 00002000 128 128
20672 00000000 128 128
20804 00000010 128 128
20810 00000000 128 128
20842 00000010 128 128
20848 00000000 128 128
20880 00000080 128 128
20886 00000000 128 128
20918 00000040 128 128
20924 00000000 128 128
20956 00002000 128 128
20960 00000000 128 128
21032 00002000 128 128
21036 00000000 128 128
21068 00002000 128 128
21072 00000000 128 128
21104 00002000 128 128
21108 00000000 128 128
21140 00002000 128 128
21144 00000000 128 128
21176 00002000 128 128
21180 00000000 128 128
21212 00002000 128 128
21216 00000000 128 128
21248 00002000 128 128
21252 00000000 128 128
21284 00002000 128 128
21288 00000000 128 128
21320 00002000 128 128
21324 00000000 128 128
21356 00002000 128 128
21360 00000000 128 128
21392 00002000 128 128
21396 00000000 128 128
21428 00002000 128 128
21432 00000000 128 128
21524 00004000 128 128
21528 00000000 128 128
21560 00004000 128 128
21564 00000000 128 128
21596 00004000 128 128
21600 00000000 128 128
21632 00004000 128 128
21636 00000000 128 128
21708 00004000 128 128
21712 00000000 128 128
21744 00004000 128 128
21748 00000000 128 128
21780 00004000 128 128
21784 00000000 128 128
21816 00004000 128 128
21820 00000000 128 128
21892 00000010 128 128
21898 00000000 128 128
21920 00000010 128 128
21926 00000000 128 128
21948 00002000 128 128
21952 00000000 128 128
22084 00000010 128 128
22090 00000000 128 128
22122 00000010 128 128
22128 00000000 128 128
22160 00000080 128 128
22166 00000000 128 128
22198 00000040 128 128
22204 00000000 128 128
22236 00002000 128 128
22240 00000000 128 128
22312 00002000 128 128
22316 00000000 128 128
22348 00002000 128 128
22352 00000000 128 128
22384 00002000 128 128
22388 00000000 128 128
22420 00002000 128 128
22424 00000000 128 128
22456 00002000 128 128
22460 00000000 128 128
22492 00002000 128 128
22496 00000000 128 128
22528 00002000 128 128
22532 00000000 128 128
22564 00002000 128 128
22568 00000000 128 128
22600 00002000 128 128
22604 00000000 128 128
22636 00002000 128 128
22640 00000000 128 128
22672 00002000 128 128
22676 00000000 128 128
22708 00002000 128 128
22712 00000000 128 128
22804 00004000 128 128
22808 00000000 128 128
22840 00004000 128 128
22844 00000000 128 128
22876 00004000 128 128
22880 00000000 128 128
22912 00004000 128 128
22916 00000000 128 128
22988 00004000 128 128
22992 00000000 128 128
23024 00004000 128 128
23028 00000000 128 128
23060 00004000 128 128
23064 00000000 128 128
23096 00004000 128 128
23100 00000000 128 128
23172 00000010 128 128
23178 00000000 128 128
23200 00000010 128 128
23206 00000000 128 128
23228 00002000 128 128
23232 00000000 128 128
23364 00000010 128 128
23370 00000000 128 128
23402 00000010 128 128
23408 00000000 128 128
23440 00000080 128 128
23446 00000000 128 128
23478 00000040 128 128
23484 00000000 128 128
23516 00002000 128 128
23520 00000000 128 128
23592 00002000 128 128
23596 00000000 128 128
23628 00002000 128 128
23632 00000000 128 128
23664 00002000 128 128
23668 00000000 128 128
23700 00002000 128 128
23704 00000000 128 128
23736 00002000 128 128
23740 00000000 128 128
23772 00002000 128 128
23776 00000000 128 128
23808 00002000 128 128
23812 00000000 128 128
23844 00002000 128 128
23848 00000000 128 128
23880 00002000 128 128
23884 00000000 128 128
23916 00002000 128 128
23920 00000000 128 128
23952 00002000 128 128
23956 00000000 128 128
23988 00002000 128 128
23992 00000000 128 128
24084 00004000 128 128
24088 00000000 128 128
24120 00004000 128 128
24124 00000000 128 128
24156 00004000 128 128
24160 00000000 128 128
24192 00004000 128 128
24196 00000000 128 128
24268 00004000 128 128
24272 00000000 128 128
24304 00004000 128 128
24308 00000000 128 128
24340 00004000 128 128
24344 00000000 128 128
24376 00004000 128 128
24380 00000000 128 128
24452 00000010 128 128
24458 00000000 128 128
24480 00000010 128 128
24486 00000000 128 128
24508 00002000 128 128
24512 00000000 128 128
24644 00000010 128 128
24650 00000000 128 128
24682 00000010 128 128
24688 00000000 128 128
24720 00000080 128 128
24726 00000000 128 128
24758 00000040 128 128
24764 00000000 128 128
24796 00002000 128 128
24800 00000000 128 128
24872 00002000 128 128
24876 00000000 128 128
24908 00002000 128 128
24912 00000000 128 128
24944 00002000 128 128
24948 00000000 128 128
24980 00002000 128 128
24984 00000000 128 128
25016 00002000 128 128
25020 00000000 128 128
25052 00002000 128 128
25056 00000000 128 128
25088 00002000 128 128
25092 00000000 128 128
25124 00002000 128 128
25128 00000000 128 128
25160 00002000 128 128
25164 00000000 128 128
25196 00002000 128 128
25200 00000000 128 128
25232 00002000 128 128
25236 00000000 128 128
25268 00002000 128 128
25272 00000000 128 128
25364 00004000 128 128
25368 00000000 128 128
25400 00004000 128 128
25404 00000000 128 128
25436 00004000 128 128
25440 00000000 128 128
25472 00004000 128 128
25476 00000000 128 128
25548 00004000 128 128
25552 00000000 128 128
25584 00004000 128 128
25588 00000000 128 128
25620 00004000 128 128
25624 00000000 128 128
25656 00004000 128 128
25660 00000000 128 128
25732 00000010 128 128
25738 00000000 128 128
25760 00000010 128 128
25766 00000000 128 128
25788 00002000 128 128
25792 00000000 128 128
25924 00000010 128 128
25930 00000000 128 128
25962 00000010 128 128
25968 00000000 128 128
26000 00000080 128 128
26006 00000000 128 128
26038 00000040 128 128
26044 00000000 128 128
26076 00002000 128 128
26080 00000000 128 128
26152 00002000 128 128
26156 00000000 128 128
26188 00002000 128 128
26192 00000000 128 128
26224 00002000 128 128
26228 00000000 128 128
26260 00002000 128 128
26264 00000000 128 128
26296 00002000 128 128
26300 00000000 128 128
26332 00002000 128 128
26336 00000000 128 128
26368 00002000 128 128
26372 00000000 128 128
26404 00002000 128 128
26408 00000000 128 128
26440 00002000 128 128
26444 00000000 128 128
26476 00002000 128 128
26480 00000000 128 128
26512 00002000 128 128
26516 00000000 128 128
26548 00002000 128 128
26552 00000000 128 128
26644 00004000 128 128
26648 00000000 128 128
26680 00004000 128 128
26684 00000000 128 128
26716 00004000 128 128
26720 00000000 128 128
26752 00004000 128 128
26756 00000000 128 128
26828 00004000 128 128
26832 00000000 128 128
26864 00004000 128 128
26868 00000000 128 128
26900 00004000 128 128
26904 00000000 128 128
26936 00004000 128 128
26940 00000000 128 128
27012 00000010 128 128
27018 00000000 128 128
27040 00000010 128 128
27046 00000000 128 128
27068 00002000 128 128
27072 00000000 128 128
27204 00000010 128 128
27210 00000000 128 128
27242 00000010 128 128
27248 00000000 128 128
27280 00000080 128 128
27286 00000000 128 128
27318 00000040 128 128
27324 00000000 128 128
27356 00002000 128 128
27360 00000000 128 128
27432 00002000 128 128
27436 00000000 128 128
27468 00002000 128 128
27472 00000000 128 128
27504 00002000 128 128
27508 00000000 128 128
27540 00002000 128 128
27544 00000000 128 128
27576 00002000 128 128
27580 00000000 128 128
27612 00002000 128 128
27616 00000000 128 128
27648 00002000 128 128
27652 00000000 128 128
27684 00002000 128 128
27688 00000000 128 128
27720 00002000 128 128
27724 00000000 128 128
27756 00002000 128 128
27760 00000000 128 128
27792 00002000 128 128
27796 00000000 128 128
27828 00002000 128 128
27832 00000000 128 128
27924 00004000 128 128
27928 00000000 128 128
27960 00004000 128 128
27964 00000000 128 128
27996 00004000 128 128
28000 00000000 128 128
28032 00004000 128 128
28036 00000000 128 128
28108 00004000 128 128
28112 00000000 128 128
28144 00004000 128 128
28148 00000000 128 128
28180 00004000 128 128
28184 00000000 128 128
28216 00004000 128 128
28220 00000000 128 128
28292 00000010 128 128
28298 00000000 128 128
28320 00000010 128 128
28326 00000000 128 128
28348 00002000 128 128
28352 00000000 128 128
28484 00000010 128 128
28490 00000000 128 128
28522 00000010 128 128
28528 00000000 128 128
28560 00000080 128 128
28566 00000000 128 128
28598 00000040 128 128
28604 00000000 128 128
28636 00002000 128 128
28640 00000000 128 128
28712 00002000 128 128
28716 00000000 128 128
28748 00002000 128 128
28752 00000000 128 128
28784 00002000 128 128
28788 00000000 128 128
28820 00002000 128 128
28824 00000000 128 128
28856 00002000 128 128
28860 00000000 128 128
28892 00002000 128 128
28896 00000000 128 128
28928 00002000 128 128
28932 00000000 128 128
28964 00002000 128 128
28968 00000000 128 128
29000 00002000 128 128
29004 00000000 128 128
29036 00002000 128 128
29040 00000000 128 128
29072 00002000 128 128
29076 00000000 128 128
29108 00002000 128 128
29112 00000000 128 128
29204 00004000 128 128
29208 00000000 128 128
29240 00004000 128 128
29244 00000000 128 128
29276 00004000 128 128
29280 00000000 128 128
29312 00004000 128 128
29316 00000000 128 128
29388 00004000 128 128
29392 00000000 128 128
29424 00004000 128 128
29428 00000000 128 128
29460 00004000 128 128
29464 00000000 128 128
29496 00004000 128 128
29500 00000000 128 128
29572 00000010 128 128
29578 00000000 128 128
29600 00000010 128 128
29606 00000000 128 128
29628 00002000 128 128
29632 00000000 128 128
29764 00000010 128 128
29770 00000000 128 128
29802 00000010 128 128
29808 00000000 128 128
29840 00000080 128 128
29846 00000000 128 128
29878 00000040 128 128
29884 00000000 128 128
29916 00002000 128 128
29920 00000000 128 128
29992 00002000 128 128
29996 00000000 128 128
30028 00002000 128 128
30032 00000000 128 128
30064 00002000 128 128
30068 00000000 128 128
30100 00002000 128 128
30104 00000000 128 128
30136 00002000 128 128
30140 00000000 128 128
30172 00002000 128 128
30176 00000000 128 128
30208 00002000 128 128
30212 00000000 128 128
30244 00002000 128 128
30248 00000000 128 128
30280 00002000 128 128
30284 00000000 128 128
30316 00002000 128 128
30320 00000000 128 128
30352 00002000 128 128
30356 00000000 128 128
30388 00002000 128 128
30392 00000000 128 128
30484 00004000 128 128
30488 00000000 128 128
30520 00004000 128 128
30524 00000000 128 128
30556 00004000 128 128
30560 00000000 128 128
30592 00004000 128 128
30596 00000000 128 128
30668 00004000 128 128
30672 00000000 128 128
30704 00004000 128 128
30708 00000000 128 128
30740 00004000 128 128
30744 00000000 128 128
30776 00004000 128 128
30780 00000000 128 128
30852 00000010 128 128
30858 00000000 128 128
30880 00000010 128 128
30886 00000000 128 128
30908 00002000 128 128
30912 00000000 128 128
31044 00000010 128 128
31050 00000000 128 128
31082 00000010 128 128
31088 00000000 128 128
31120 00000080 128 128
31126 00000000 128 128
31158 00000040 128 128
31164 00000000 128 128
31196 00002000 128 128
31200 00000000 128 128
31272 00002000 128 128
31276 00000000 128 128
31308 00002000 128 128
31312 00000000 128 128
31344 00002000 128 128
31348 00000000 128 128
31380 00002000 128 128
31384 00000000 128 128
31416 00002000 128 128
31420 00000000 128 128
31452 00002000 128 128
31456 00000000 128 128
31488 00002000 128 128
31492 00000000 128 128
31524 00002000 128 128
31528 00000000 128 128
31560 00002000 128 128
31564 00000000 128 128
31596 00002000 128 128
31600 00000000 128 128
31632 00002000 128 128
31636 00000000 128 128
31668 00002000 128 128
31672 00000000 128 128
31764 00004000 128 128
31768 00000000 128 128
31800 00004000 128 128
31804 00000000 128 128
31836 00004000 128 128
31840 00000000 128 128
31872 00004000 128 128
31876 00000000 128 128
31948 00004000 128 128
31952 00000000 128 128
31984 00004000 128 128
31988 00000000 128 128
32020 00004000 128 128
32024 00000000 128 128
32056 00004000 128 128
32060 00000000 128 128
32132 00000010 128 128
32138 00000000 128 128
32160 00000010 128 128
32166 00000000 128 128
32188 00002000 128 128
32192 00000000 128 128
32324 00000010 128 128
32330 00000000 128 128
32362 00000010 128 128
32368 00000000 128 128
32400 00000080 128 128
32406 00000000 128 128
32438 00000040 128 128
32444 00000000 128 128
32476 00002000 128 128
32480 00000000 128 128
32552 00002000 128 128
32556 00000000 128 128
32588 00002000 128 128
32592 00000000 128 128
32624 00002000 128 128
32628 00000000 128 128
32660 00002000 128 128
32664 00000000 128 128
32696 00002000 128 128
32700 00000000 128 128
32732 00002000 128 128
32736 00000000 128 128
32768 00002000 128 128
32772 00000000 128 128
32804 00002000 128 128
32808 00000000 128 128
32840 00002000 128 128
32844 00000000 128 128
32876 00002000 128 128
32880 00000000 128 128
32912 00002000 128 128
32916 00000000 128 128
32948 00002000 128 128
32952 00000000 128 128
33044 00004000 128 128
33048 00000000 128 128
33080 00004000 128 128
33084 00000000 128 128
33116 00004000 128 128
33120 00000000 128 128
33152 00004000 128 128
33156 00000000 128 128
33228 00004000 128 128
33232 00000000 128 128
33264 00004000 128 128
33268 00000000 128 128
33300 00004000 128 128
33304 00000000 128 128
33336 00004000 128 128
33340 00000000 128 128
33412 00000010 128 128
33418 00000000 128 128
33440 00000010 128 128
33446 00000000 128 128
33468 00002000 128 128
33472 00000000 128 128
33604 00000010 128 128
33610 00000000 128 128
33642 00000010 128 128
33648 00000000 128 128
33680 00000080 128 128
33686 00000000 128 128
33718 00000040 128 128
33724 00000000 128 128
33756 00002000 128 128
33760 00000000 128 128
33832 00002000 128 128
33836 00000000 128 128
33868 00002000 128 128
33872 00000000 128 128
33904 00002000 128 128
33908 00000000 128 128
33940 00002000 128 128
33944 00000000 128 128
33976 00002000 128 128
33980 00000000 128 128
34012 00002000 128 128
34016 00000000 128 128
34048 00002000 128 128
34052 00000000 128 128
34084 00002000 128 128
34088 00000000 128 128
34120 00002000 128 128
34124 00000000 128 128
34156 00002000 128 128
34160 00000000 128 128
34192 00002000 128 128
34196 00000000 128 128
34228 00002000 128 128
34232 00000000 128 128
34524 00004000 128 128
34528 00000000 128 128
34560 00004000 128 128
34564 00000000 128 128
34596 00004000 128 128
34600 00000000 128 128
34632 00004000 128 128
34636 00000000 128 128
34668 00004000 128 128
34672 00000000 128 128
34704 00004000 128 128
34708 00000000 128 128
34740 00004000 128 128
34744 00000000 128 128
34776 00004000 128 128
34780 00000000 128 128
34812 00004000 128 128
34816 00000000 128 128
34848 00004000 128 128
34852 00000000 128 128
34884 00004000 128 128
34888 00000000 128 128
34920 00004000 128 128
34924 00000000 128 128
34956 00004000 128 128
34960 00000000 128 128
34992 00004000 128 128
34996 00000000 128 128
35028 00004000 128 128
35032 00000000 128 128
35064 00004000 128 128
35068 00000000 128 128
35100 00004000 128 128
35104 00000000 128 128
35136 00004000 128 128
35140 00000000 128 128
35172 00004000 128 128
35176 00000000 128 128
35208 00004000 128 128
35212 00000000 128 128
35244 00004000 128 128
35248 00000000 128 128
35280 00004000 128 128
35284 00000000 128 128
35316 00004000 128 128
35320 00000000 128 128
35352 00004000 128 128
35356 00000000 128 128
35388 00004000 128 128
35392 00000000 128 128
35424 00004000 128 128
35428 00000000 128 128
35460 00004000 128 128
35464 00000000 128 128
35496 00004000 128 128
35500 00000000 128 128
35532 00004000 128 128
35536 00000000 128 128
35568 00004000 128 128
35572 00000000 128 128
35604 00004000 128 128
35608 00000000 128 128
35640 00004000 128 128
35644 00000000 128 128
35676 00004000 128 128
35680 00000000 128 128
35712 00004000 128 128
35716 00000000 128 128
35748 00004000 128 128
35752 00000000 128 128
35784 00004000 128 128
35788 00000000 128 128
35820 00004000 128 128
35824 00000000 128 128
35856 00004000 128 128
35860 00000000 128 128
35892 00004000 128 128
35896 00000000 128 128
35928 00004000 128 128
35932 00000000 128 128
35964 00004000 128 128
35968 00000000 128 128
36000 00004000 128 128
36004 00000000 128 128
36036 00004000 128 128
36040 00000000 128 128
36072 00004000 128 128
36076 00000000 128 128
36108 00004000 128 128
36112 00000000 128 128
36144 00004000 128 128
36148 00000000 128 128
36180 00004000 128 128
36184 00000000 128 128
36216 00004000 128 128
36220 00000000 128 128
36252 00004000 128 128
36256 00000000 128 128
36288 00004000 128 128
36292 00000000 128 128
36324 00004000 128 128
36328 00000000 128 128
36360 00004000 128 128
36364 00000000 128 128
36396 00004000 128 128
36400 00000000 128 128
36432 00004000 128 128
36436 00000000 128 128
36468 00004000 128 128
36472 00000000 128 128
36504 00004000 128 128
36508 00000000 128 128
36540 00004000 128 128
36544 00000000 128 128
36576 00004000 128 128
36580 00000000 128 128
36612 00004000 128 128
36616 00000000 128 128
36648 00004000 128 128
36652 00000000 128 128
36684 00004000 128 128
36688 00000000 128 128
36720 00004000 128 128
36724 00000000 128 128
36756 00004000 128 128
36760 00000000 128 128
36792 00004000 128 128
36796 00000000 128 128
36828 00004000 128 128
36832 00000000 128 128
36864 00004000 128 128
36868 00000000 128 128
36900 00004000 128 128
36904 00000000 128 128
36936 00004000 128 128
36940 00000000 128 128
36972 00004000 128 128
36976 00000000 128 128
37008 00004000 128 128
37012 00000000 128 128
37044 00004000 128 128
37048 00000000 128 128
37080 00004000 128 128
37084 00000000 128 128
37116 00004000 128 128
37120 00000000 128 128
37152 00004000 128 128
37156 00000000 128 128
37188 00004000 128 128
37192 00000000 128 128
37224 00004000 128 128
37228 00000000 128 128
37260 00004000 128 128
37264 00000000 128 128
37296 00004000 128 128
37300 00000000 128 128
37332 00004000 128 128
37336 00000000 128 128
37368 00004000 128 128
37372 00000000 128 128
37404 00004000 128 128
37408 00000000 128 128
37440 00004000 128 128
37444 00000000 128 128
37476 00004000 128 128
37480 00000000 128 128
37512 00004000 128 128
37516 00000000 128 128
37548 00004000 128 128
37552 00000000 128 128
37584 00004000 128 128
37588 00000000 128 128
37620 00004000 128 128
37624 00000000 128 128
37656 00004000 128 128
37660 00000000 128 128
37692 00004000 128 128
37696 00000000 128 128
37728 00004000 128 128
37732 00000000 128 128
37764 00004000 128 128
37768 00000000 128 128
37800 00004000 128 128
37804 00000000 128 128
37836 00004000 128 128
37840 00000000 128 128
37872 00004000 128 128
37876 00000000 128 128
37908 00004000 128 128
37912 00000000 128 128
37944 00004000 128 128
37948 00000000 128 128
37980 00004000 128 128
37984 00000000 128 128
38016 00004000 128 128
38020 00000000 128 128
38052 00004000 128 128
38056 00000000 128 128
38088 00004000 128 128
38092 00000000 128 128
38124 00004000 128 128
38128 00000000 128 128
38160 00004000 128 128
38164 00000000 128 128
38196 00004000 128 128
38200 00000000 128 128
38232 00004000 128 128
38236 00000000 128 128
38268 00004000 128 128
38272 00000000 128 128
38304 00004000 128 128
38308 00000000 128 128
38340 00004000 128 128
38344 00000000 128 128
38376 00004000 128 128
38380 00000000 128 128
38412 00004000 128 128
38416 00000000 128 128
38448 00004000 128 128
38452 00000000 128 128
38484 00004000 128 128
38488 00000000 128 128
38520 00004000 128 128
38524 00000000 128 128
38556 00004000 128 128
38560 00000000 128 128
38592 00004000 128 128
38596 00000000 128 128
38628 00004000 128 128
38632 00000000 128 128
38664 00004000 128 128
38668 00000000 128 128
38700 00004000 128 128
38704 00000000 128 128
38736 00004000 128 128
38740 00000000 128 128
38772 00004000 128 128
38776 00000000 128 128
38808 00004000 128 128
38812 00000000 128 128
39144 00001000 128 128
39148 00000000 128 128
39250 00000010 128 128
39256 00000000 128 128
39278 00000010 128 128
39284 00000000 128 128
39306 00000010 128 128
39312 00000000 128 128
39334 00000020 128 128
39340 00000000 128 128
39372 00002000 128 128
39376 00000000 128 128
39788 00002000 128 128
39792 00000000 128 128
40004 00002000 128 128
40008 00000000 128 128
40220 00002000 128 128
40224 00000000 128 128
40436 00002000 128 128
40440 00000000 128 128
40652 00002000 128 128
40656 00000000 128 128
40928 00000000 128 128
