0 00000000 128 128
150 00000008 128 128
152 00000000 128 128
300 00000008 128 128
302 00000000 128 128
450 00002000 128 128
452 00000000 128 128
900 00004000 128 128
904 00000000 128 128
936 00004000 128 128
940 00000000 128 128
972 00004000 128 128
976 00000000 128 128
1008 00004000 128 128
1012 00000000 128 128
1144 00001000 128 128
1148 00000000 128 128
1310 00000020 128 128
1316 00000000 128 128
1378 00002000 128 128
1382 00000000 128 128
2294 00000200 128 128
2298 00000000 128 128
2370 00004000 128 128
2374 00000000 128 128
3086 00000080 128 128
3110 00000000 128 128
3112 00000040 128 128
3140 00000000 128 128
3172 00004000 128 128
3176 00000000 128 128
3888 00000200 128 128
3892 00000000 128 128
3964 00002000 128 128
3968 00000000 128 128
5480 00000000 128 128
