0 00000000 128 128
150 00000008 128 128
152 00000000 128 128
300 00000008 128 128
302 00000000 128 128
450 00002000 128 128
452 00000000 128 128
1200 00000080 128 128
1264 00000000 128 128
1280 00000040 128 128
1288 00000000 128 128
1320 00004000 128 128
1324 00000000 128 128
1354 00004000 128 128
1358 00000000 128 128
1388 00004000 128 128
1392 00000000 128 128
1422 00004000 128 128
1426 00000000 128 128
1456 00004000 128 128
1460 00000000 128 128
1490 00004000 128 128
1494 00000000 128 128
1524 00000020 128 128
1588 00000000 128 128
1604 00000040 128 128
1612 00000000 128 128
1644 00004000 128 128
1648 00000000 128 128
1678 00004000 128 128
1682 00000000 128 128
1712 00004000 128 128
1716 00000000 128 128
1746 00004000 128 128
1750 00000000 128 128
1780 00004000 128 128
1784 00000000 128 128
1814 00004000 128 128
1818 00000000 128 128
1848 00000080 128 128
1912 00000000 128 128
1928 00000040 128 128
1936 00000000 128 128
1968 00004000 128 128
1972 00000000 128 128
2002 00004000 128 128
2006 00000000 128 128
2036 00004000 128 128
2040 00000000 128 128
2070 00004000 128 128
2074 00000000 128 128
2104 00004000 128 128
2108 00000000 128 128
2138 00004000 128 128
2142 00000000 128 128
2172 00000020 128 128
3000 00000200 128 128
3004 00000000 128 128
3030 00000010 128 128
3042 00000000 128 128
3072 00004000 128 128
3078 00000000 128 128
3172 00000080 128 128
3180 00000000 128 128
3210 00004000 128 128
3216 00000000 128 128
3270 00000020 128 128
3278 00000000 128 128
3308 00000200 128 128
3312 00000000 128 128
3338 00004000 128 128
3342 00000000 128 128
3372 00004000 128 128
3376 00000000 128 128
3406 00004000 128 128
3410 00000000 128 128
3440 00004000 128 128
3444 00000000 128 128
3474 00004000 128 128
3478 00000000 128 128
3508 00004000 128 128
3512 00000000 128 128
3542 00004000 128 128
3546 00000000 128 128
3576 00004000 128 128
3580 00000000 128 128
3610 00004000 128 128
3614 00000000 128 128
3644 00004000 128 128
3648 00000000 128 128
3678 00004000 128 128
3682 00000000 128 128
3712 00004000 128 128
3716 00000000 128 128
3746 00004000 128 128
3750 00000000 128 128
3780 00004000 128 128
3784 00000000 128 128
3814 00004000 128 128
3818 00000000 128 128
3848 00004000 128 128
3852 00000000 128 128
3882 00004000 128 128
3886 00000000 128 128
3916 00004000 128 128
3920 00000000 128 128
3950 00004000 128 128
3954 00000000 128 128
3984 00004000 128 128
3988 00000000 128 128
4018 00004000 128 128
4022 00000000 128 128
4052 00004000 128 128
4056 00000000 128 128
4086 00004000 128 128
4090 00000000 128 128
4120 00004000 128 128
4124 00000000 128 128
4154 00004000 128 128
4158 00000000 128 128
4188 00004000 128 128
4192 00000000 128 128
4222 00004000 128 128
4226 00000000 128 128
4256 00004000 128 128
4260 00000000 128 128
4290 00004000 128 128
4294 00000000 128 128
4324 00004000 128 128
4328 00000000 128 128
4358 00004000 128 128
4362 00000000 128 128
4392 00004000 128 128
4396 00000000 128 128
4426 00004000 128 128
4430 00000000 128 128
4460 00004000 128 128
4464 00000000 128 128
4494 00004000 128 128
4498 00000000 128 128
4528 00004000 128 128
4532 00000000 128 128
4562 00004000 128 128
4566 00000000 128 128
4596 00004000 128 128
4600 00000000 128 128
4630 00004000 128 128
4634 00000000 128 128
4664 00004000 128 128
4668 00000000 128 128
4698 00000200 128 128
4702 00000000 128 128
4728 00004000 128 128
4734 00000000 128 128
4828 00000080 128 128
4836 00000000 128 128
4866 00004000 128 128
4872 00000000 128 128
4926 00000020 128 128
4934 00000000 128 128
4964 00000200 128 128
4968 00000000 128 128
4994 00004000 128 128
4998 00000000 128 128
5028 00004000 128 128
5032 00000000 128 128
5062 00004000 128 128
5066 00000000 128 128
5096 00004000 128 128
5100 00000000 128 128
5130 00004000 128 128
5134 00000000 128 128
5164 00004000 128 128
5168 00000000 128 128
5198 00004000 128 128
5202 00000000 128 128
5232 00004000 128 128
5236 00000000 128 128
5266 00004000 128 128
5270 00000000 128 128
5300 00004000 128 128
5304 00000000 128 128
5334 00004000 128 128
5338 00000000 128 128
5368 00004000 128 128
5372 00000000 128 128
5402 00004000 128 128
5406 00000000 128 128
5436 00004000 128 128
5440 00000000 128 128
5470 00004000 128 128
5474 00000000 128 128
5504 00004000 128 128
5508 00000000 128 128
5538 00004000 128 128
5542 00000000 128 128
5572 00004000 128 128
5576 00000000 128 128
5606 00004000 128 128
5610 00000000 128 128
5640 00004000 128 128
5644 00000000 128 128
5674 00004000 128 128
5678 00000000 128 128
5708 00004000 128 128
5712 00000000 128 128
5742 00004000 128 128
5746 00000000 128 128
5776 00004000 128 128
5780 00000000 128 128
5810 00004000 128 128
5814 00000000 128 128
5844 00004000 128 128
5848 00000000 128 128
5878 00004000 128 128
5882 00000000 128 128
5912 00004000 128 128
5916 00000000 128 128
5946 00004000 128 128
5950 00000000 128 128
5980 00004000 128 128
5984 00000000 128 128
6014 00004000 128 128
6018 00000000 128 128
6048 00004000 128 128
6052 00000000 128 128
6082 00004000 128 128
6086 00000000 128 128
6116 00004000 128 128
6120 00000000 128 128
6150 00004000 128 128
6154 00000000 128 128
6184 00004000 128 128
6188 00000000 128 128
6218 00004000 128 128
6222 00000000 128 128
6252 00004000 128 128
6256 00000000 128 128
6286 00004000 128 128
6290 00000000 128 128
6320 00004000 128 128
6324 00000000 128 128
6354 00000200 128 128
6358 00000000 128 128
6384 00004000 128 128
6390 00000000 128 128
6484 00000080 128 128
6492 00000000 128 128
6522 00004000 128 128
6528 00000000 128 128
6582 00000020 128 128
6590 00000000 128 128
6620 00000200 128 128
6624 00000000 128 128
6650 00004000 128 128
6654 00000000 128 128
6684 00004000 128 128
6688 00000000 128 128
6718 00004000 128 128
6722 00000000 128 128
6752 00004000 128 128
6756 00000000 128 128
6786 00004000 128 128
6790 00000000 128 128
6820 00004000 128 128
6824 00000000 128 128
6854 00004000 128 128
6858 00000000 128 128
6888 00004000 128 128
6892 00000000 128 128
6922 00004000 128 128
6926 00000000 128 128
6956 00004000 128 128
6960 00000000 128 128
6990 00004000 128 128
6994 00000000 128 128
7024 00004000 128 128
7028 00000000 128 128
7058 00004000 128 128
7062 00000000 128 128
7092 00004000 128 128
7096 00000000 128 128
7126 00004000 128 128
7130 00000000 128 128
7160 00004000 128 128
7164 00000000 128 128
7194 00004000 128 128
7198 00000000 128 128
7228 00004000 128 128
7232 00000000 128 128
7262 00004000 128 128
7266 00000000 128 128
7296 00004000 128 128
7300 00000000 128 128
7330 00004000 128 128
7334 00000000 128 128
7364 00004000 128 128
7368 00000000 128 128
7398 00004000 128 128
7402 00000000 128 128
7432 00004000 128 128
7436 00000000 128 128
7466 00004000 128 128
7470 00000000 128 128
7500 00004000 128 128
7504 00000000 128 128
7534 00004000 128 128
7538 00000000 128 128
7568 00004000 128 128
7572 00000000 128 128
7602 00004000 128 128
7606 00000000 128 128
7636 00004000 128 128
7640 00000000 128 128
7670 00004000 128 128
7674 00000000 128 128
7704 00004000 128 128
7708 00000000 128 128
7738 00004000 128 128
7742 00000000 128 128
7772 00004000 128 128
7776 00000000 128 128
7806 00004000 128 128
7810 00000000 128 128
7840 00004000 128 128
7844 00000000 128 128
7874 00004000 128 128
7878 00000000 128 128
7908 00004000 128 128
7912 00000000 128 128
7942 00004000 128 128
7946 00000000 128 128
7976 00004000 128 128
7980 00000000 128 128
8010 00000200 128 128
8014 00000000 128 128
8040 00004000 128 128
8046 00000000 128 128
8140 00000080 128 128
8148 00000000 128 128
8178 00004000 128 128
8184 00000000 128 128
8238 00000020 128 128
8246 00000000 128 128
8276 00000200 128 128
8280 00000000 128 128
8306 00004000 128 128
8310 00000000 128 128
8340 00004000 128 128
8344 00000000 128 128
8374 00004000 128 128
8378 00000000 128 128
8408 00004000 128 128
8412 00000000 128 128
8442 00004000 128 128
8446 00000000 128 128
8476 00004000 128 128
8480 00000000 128 128
8510 00004000 128 128
8514 00000000 128 128
8544 00004000 128 128
8548 00000000 128 128
8578 00004000 128 128
8582 00000000 128 128
8612 00004000 128 128
8616 00000000 128 128
8646 00004000 128 128
8650 00000000 128 128
8680 00004000 128 128
8684 00000000 128 128
8714 00004000 128 128
8718 00000000 128 128
8748 00004000 128 128
8752 00000000 128 128
8782 00004000 128 128
8786 00000000 128 128
8816 00004000 128 128
8820 00000000 128 128
8850 00004000 128 128
8854 00000000 128 128
8884 00004000 128 128
8888 00000000 128 128
8918 00004000 128 128
8922 00000000 128 128
8952 00004000 128 128
8956 00000000 128 128
8986 00004000 128 128
8990 00000000 128 128
9020 00004000 128 128
9024 00000000 128 128
9054 00004000 128 128
9058 00000000 128 128
9088 00004000 128 128
9092 00000000 128 128
9122 00004000 128 128
9126 00000000 128 128
9156 00004000 128 128
9160 00000000 128 128
9190 00004000 128 128
9194 00000000 128 128
9224 00004000 128 128
9228 00000000 128 128
9258 00004000 128 128
9262 00000000 128 128
9292 00004000 128 128
9296 00000000 128 128
9326 00004000 128 128
9330 00000000 128 128
9360 00004000 128 128
9364 00000000 128 128
9394 00004000 128 128
9398 00000000 128 128
9428 00004000 128 128
9432 00000000 128 128
9462 00004000 128 128
9466 00000000 128 128
9496 00004000 128 128
9500 00000000 128 128
9530 00004000 128 128
9534 00000000 128 128
9564 00004000 128 128
9568 00000000 128 128
9598 00004000 128 128
9602 00000000 128 128
9632 00004000 128 128
9636 00000000 128 128
9666 00000200 128 128
9670 00000000 128 128
9696 00004000 128 128
9702 00000000 128 128
9796 00000080 128 128
9804 00000000 128 128
9834 00004000 128 128
9840 00000000 128 128
9894 00000020 128 128
9902 00000000 128 128
9932 00000200 128 128
9936 00000000 128 128
9962 00004000 128 128
9966 00000000 128 128
9996 00004000 128 128
10000 00000000 128 128
10030 00004000 128 128
10034 00000000 128 128
10064 00004000 128 128
10068 00000000 128 128
10098 00004000 128 128
10102 00000000 128 128
10132 00004000 128 128
10136 00000000 128 128
10166 00004000 128 128
10170 00000000 128 128
10200 00004000 128 128
10204 00000000 128 128
10234 00004000 128 128
10238 00000000 128 128
10268 00004000 128 128
10272 00000000 128 128
10302 00004000 128 128
10306 00000000 128 128
10336 00004000 128 128
10340 00000000 128 128
10370 00004000 128 128
10374 00000000 128 128
10404 00004000 128 128
10408 00000000 128 128
10438 00004000 128 128
10442 00000000 128 128
10472 00004000 128 128
10476 00000000 128 128
10506 00004000 128 128
10510 00000000 128 128
10540 00004000 128 128
10544 00000000 128 128
10574 00004000 128 128
10578 00000000 128 128
10608 00004000 128 128
10612 00000000 128 128
10642 00004000 128 128
10646 00000000 128 128
10676 00004000 128 128
10680 00000000 128 128
10710 00004000 128 128
10714 00000000 128 128
10744 00004000 128 128
10748 00000000 128 128
10778 00004000 128 128
10782 00000000 128 128
10812 00004000 128 128
10816 00000000 128 128
10846 00004000 128 128
10850 00000000 128 128
10880 00004000 128 128
10884 00000000 128 128
10914 00004000 128 128
10918 00000000 128 128
10948 00004000 128 128
10952 00000000 128 128
10982 00004000 128 128
10986 00000000 128 128
11016 00004000 128 128
11020 00000000 128 128
11050 00004000 128 128
11054 00000000 128 128
11084 00004000 128 128
11088 00000000 128 128
11118 00004000 128 128
11122 00000000 128 128
11152 00004000 128 128
11156 00000000 128 128
11186 00004000 128 128
11190 00000000 128 128
11220 00004000 128 128
11224 00000000 128 128
11254 00004000 128 128
11258 00000000 128 128
11288 00004000 128 128
11292 00000000 128 128
11322 00000200 128 128
11326 00000000 128 128
11352 00004000 128 128
11358 00000000 128 128
11452 00000080 128 128
11460 00000000 128 128
11490 00004000 128 128
11496 00000000 128 128
11550 00000020 128 128
11558 00000000 128 128
11588 00000200 128 128
11592 00000000 128 128
11618 00004000 128 128
11622 00000000 128 128
11652 00004000 128 128
11656 00000000 128 128
11686 00004000 128 128
11690 00000000 128 128
11720 00004000 128 128
11724 00000000 128 128
11754 00004000 128 128
11758 00000000 128 128
11788 00004000 128 128
11792 00000000 128 128
11822 00004000 128 128
11826 00000000 128 128
11856 00004000 128 128
11860 00000000 128 128
11890 00004000 128 128
11894 00000000 128 128
11924 00004000 128 128
11928 00000000 128 128
11958 00004000 128 128
11962 00000000 128 128
11992 00004000 128 128
11996 00000000 128 128
12026 00004000 128 128
12030 00000000 128 128
12060 00004000 128 128
12064 00000000 128 128
12094 00004000 128 128
12098 00000000 128 128
12128 00004000 128 128
12132 00000000 128 128
12162 00004000 128 128
12166 00000000 128 128
12196 00004000 128 128
12200 00000000 128 128
12230 00004000 128 128
12234 00000000 128 128
12264 00004000 128 128
12268 00000000 128 128
12298 00004000 128 128
12302 00000000 128 128
12332 00004000 128 128
12336 00000000 128 128
12366 00004000 128 128
12370 00000000 128 128
12400 00004000 128 128
12404 00000000 128 128
12434 00004000 128 128
12438 00000000 128 128
12468 00004000 128 128
12472 00000000 128 128
12502 00004000 128 128
12506 00000000 128 128
12536 00004000 128 128
12540 00000000 128 128
12570 00004000 128 128
12574 00000000 128 128
12604 00004000 128 128
12608 00000000 128 128
12638 00004000 128 128
12642 00000000 128 128
12672 00004000 128 128
12676 00000000 128 128
12706 00004000 128 128
12710 00000000 128 128
12740 00004000 128 128
12744 00000000 128 128
12774 00004000 128 128
12778 00000000 128 128
12808 00004000 128 128
12812 00000000 128 128
12842 00004000 128 128
12846 00000000 128 128
12876 00004000 128 128
12880 00000000 128 128
12910 00004000 128 128
12914 00000000 128 128
12944 00004000 128 128
12948 00000000 128 128
12978 00000200 128 128
12982 00000000 128 128
13008 00004000 128 128
13014 00000000 128 128
13108 00000080 128 128
13116 00000000 128 128
13146 00004000 128 128
13152 00000000 128 128
13206 00000020 128 128
13214 00000000 128 128
13244 00000200 128 128
13248 00000000 128 128
13274 00004000 128 128
13278 00000000 128 128
13308 00004000 128 128
13312 00000000 128 128
13342 00004000 128 128
13346 00000000 128 128
13376 00004000 128 128
13380 00000000 128 128
13410 00004000 128 128
13414 00000000 128 128
13444 00004000 128 128
13448 00000000 128 128
13478 00004000 128 128
13482 00000000 128 128
13512 00004000 128 128
13516 00000000 128 128
13546 00004000 128 128
13550 00000000 128 128
13580 00004000 128 128
13584 00000000 128 128
13614 00004000 128 128
13618 00000000 128 128
13648 00004000 128 128
13652 00000000 128 128
13682 00004000 128 128
13686 00000000 128 128
13716 00004000 128 128
13720 00000000 128 128
13750 00004000 128 128
13754 00000000 128 128
13784 00004000 128 128
13788 00000000 128 128
13818 00004000 128 128
13822 00000000 128 128
13852 00004000 128 128
13856 00000000 128 128
13886 00004000 128 128
13890 00000000 128 128
13920 00004000 128 128
13924 00000000 128 128
13954 00004000 128 128
13958 00000000 128 128
13988 00004000 128 128
13992 00000000 128 128
14022 00004000 128 128
14026 00000000 128 128
14056 00004000 128 128
14060 00000000 128 128
14090 00004000 128 128
14094 00000000 128 128
14124 00004000 128 128
14128 00000000 128 128
14158 00004000 128 128
14162 00000000 128 128
14192 00004000 128 128
14196 00000000 128 128
14226 00004000 128 128
14230 00000000 128 128
14260 00004000 128 128
14264 00000000 128 128
14294 00004000 128 128
14298 00000000 128 128
14328 00004000 128 128
14332 00000000 128 128
14362 00004000 128 128
14366 00000000 128 128
14396 00004000 128 128
14400 00000000 128 128
14430 00004000 128 128
14434 00000000 128 128
14464 00004000 128 128
14468 00000000 128 128
14498 00004000 128 128
14502 00000000 128 128
14532 00004000 128 128
14536 00000000 128 128
14566 00004000 128 128
14570 00000000 128 128
14600 00004000 128 128
14604 00000000 128 128
14634 00000200 128 128
14638 00000000 128 128
14664 00004000 128 128
14670 00000000 128 128
14764 00000080 128 128
14772 00000000 128 128
14802 00004000 128 128
14808 00000000 128 128
14862 00000020 128 128
14870 00000000 128 128
14900 00000200 128 128
14904 00000000 128 128
14930 00004000 128 128
14934 00000000 128 128
14964 00004000 128 128
14968 00000000 128 128
14998 00004000 128 128
15002 00000000 128 128
15032 00004000 128 128
15036 00000000 128 128
15066 00004000 128 128
15070 00000000 128 128
15100 00004000 128 128
15104 00000000 128 128
15134 00004000 128 128
15138 00000000 128 128
15168 00004000 128 128
15172 00000000 128 128
15202 00004000 128 128
15206 00000000 128 128
15236 00004000 128 128
15240 00000000 128 128
15270 00004000 128 128
15274 00000000 128 128
15304 00004000 128 128
15308 00000000 128 128
15338 00004000 128 128
15342 00000000 128 128
15372 00004000 128 128
15376 00000000 128 128
15406 00004000 128 128
15410 00000000 128 128
15440 00004000 128 128
15444 00000000 128 128
15474 00004000 128 128
15478 00000000 128 128
15508 00004000 128 128
15512 00000000 128 128
15542 00004000 128 128
15546 00000000 128 128
15576 00004000 128 128
15580 00000000 128 128
15610 00004000 128 128
15614 00000000 128 128
15644 00004000 128 128
15648 00000000 128 128
15678 00004000 128 128
15682 00000000 128 128
15712 00004000 128 128
15716 00000000 128 128
15746 00004000 128 128
15750 00000000 128 128
15780 00004000 128 128
15784 00000000 128 128
15814 00004000 128 128
15818 00000000 128 128
15848 00004000 128 128
15852 00000000 128 128
15882 00004000 128 128
15886 00000000 128 128
15916 00004000 128 128
15920 00000000 128 128
15950 00004000 128 128
15954 00000000 128 128
15984 00004000 128 128
15988 00000000 128 128
16018 00004000 128 128
16022 00000000 128 128
16052 00004000 128 128
16056 00000000 128 128
16086 00004000 128 128
16090 00000000 128 128
16120 00004000 128 128
16124 00000000 128 128
16154 00004000 128 128
16158 00000000 128 128
16188 00004000 128 128
16192 00000000 128 128
16222 00004000 128 128
16226 00000000 128 128
16256 00004000 128 128
16260 00000000 128 128
16590 00001000 128 128
16594 00000000 128 128
16684 00000200 128 128
16688 00000000 128 128
16698 00000080 128 128
16704 00000000 128 128
16710 00000040 128 128
16712 00000000 128 128
16730 00004000 128 128
16734 00000000 128 128
16884 00002000 128 128
16888 00000000 128 128
17068 00002000 128 128
17072 00000000 128 128
17252 00002000 128 128
17256 00000000 128 128
17756 00002000 128 128
17760 00000000 128 128
17880 00000200 128 128
17884 00000000 128 128
17914 00004000 128 128
17918 00000000 128 128
18008 00000000 128 128
