0 00000000 128 128
150 00000008 128 128
152 00000000 128 128
300 00000008 128 128
302 00000000 128 128
450 00002000 128 128
452 00000000 128 128
700 00000080 128 128
740 00000000 128 128
742 00000010 128 128
782 00000000 128 128
784 00000080 128 128
864 00000000 128 128
866 00000040 128 128
882 00000000 128 128
884 00000080 128 128
948 00000000 128 128
950 00000010 128 128
1850 00000000 128 128
1852 00000020 128 128
2152 00000000 128 128
2154 00000010 128 128
3054 00000000 128 128
3086 00004000 128 128
3090 00000000 128 128
3122 00004000 128 128
3126 00000000 128 128
3158 00004000 128 128
3162 00000000 128 128
3194 00004000 128 128
3198 00000000 128 128
3230 00004000 128 128
3234 00000000 128 128
3266 00004000 128 128
3270 00000000 128 128
3302 00004000 128 128
3306 00000000 128 128
3338 00004000 128 128
3342 00000000 128 128
3374 00004000 128 128
3378 00000000 128 128
3410 00004000 128 128
3414 00000000 128 128
3476 00000040 128 128
3492 00000000 128 128
3494 00000080 128 128
4394 00000000 128 128
4396 00000010 128 128
5296 00000000 128 128
5328 00004000 128 128
5332 00000000 128 128
5364 00004000 128 128
5368 00000000 128 128
5400 00004000 128 128
5404 00000000 128 128
5436 00004000 128 128
5440 00000000 128 128
5472 00004000 128 128
5476 00000000 128 128
5508 00004000 128 128
5512 00000000 128 128
5544 00004000 128 128
5548 00000000 128 128
5580 00004000 128 128
5584 00000000 128 128
5616 00004000 128 128
5620 00000000 128 128
5652 00004000 128 128
5656 00000000 128 128
5718 00000010 128 128
6618 00000000 128 128
6620 00000080 128 128
6636 00000000 128 128
6638 00000010 128 128
7538 00000000 128 128
7840 00002000 128 128
7844 00000000 128 128
7876 00002000 128 128
7880 00000000 128 128
7912 00002000 128 128
7916 00000000 128 128
7948 00002000 128 128
7952 00000000 128 128
7984 00002000 128 128
7988 00000000 128 128
8020 00002000 128 128
8024 00000000 128 128
8056 00002000 128 128
8060 00000000 128 128
8092 00002000 128 128
8096 00000000 128 128
8128 00002000 128 128
8132 00000000 128 128
8164 00002000 128 128
8168 00000000 128 128
8200 00002000 128 128
8204 00000000 128 128
8236 00002000 128 128
8240 00000000 128 128
8272 00002000 128 128
8276 00000000 128 128
8308 00002000 128 128
8312 00000000 128 128
8344 00002000 128 128
8348 00000000 128 128
8380 00002000 128 128
8384 00000000 128 128
8416 00002000 128 128
8420 00000000 128 128
8452 00002000 128 128
8456 00000000 128 128
8488 00002000 128 128
8492 00000000 128 128
8524 00002000 128 128
8528 00000000 128 128
8560 00002000 128 128
8564 00000000 128 128
8596 00002000 128 128
8600 00000000 128 128
8632 00002000 128 128
8636 00000000 128 128
8668 00002000 128 128
8672 00000000 128 128
8704 00002000 128 128
8708 00000000 128 128
8740 00002000 128 128
8744 00000000 128 128
8776 00002000 128 128
8780 00000000 128 128
8812 00002000 128 128
8816 00000000 128 128
8848 00002000 128 128
8852 00000000 128 128
8884 00002000 128 128
8888 00000000 128 128
8920 00002000 128 128
8924 00000000 128 128
8956 00002000 128 128
8960 00000000 128 128
8992 00002000 128 128
8996 00000000 128 128
9028 00002000 128 128
9032 00000000 128 128
9064 00002000 128 128
9068 00000000 128 128
9100 00002000 128 128
9104 00000000 128 128
9136 00002000 128 128
9140 00000000 128 128
9172 00002000 128 128
9176 00000000 128 128
9208 00002000 128 128
9212 00000000 128 128
9244 00002000 128 128
9248 00000000 128 128
9280 00002000 128 128
9284 00000000 128 128
9316 00002000 128 128
9320 00000000 128 128
9352 00002000 128 128
9356 00000000 128 128
9388 00002000 128 128
9392 00000000 128 128
9424 00002000 128 128
9428 00000000 128 128
9460 00002000 128 128
9464 00000000 128 128
9496 00002000 128 128
9500 00000000 128 128
9532 00002000 128 128
9536 00000000 128 128
9568 00002000 128 128
9572 00000000 128 128
9604 00002000 128 128
9608 00000000 128 128
9640 00002000 128 128
9644 00000000 128 128
9676 00002000 128 128
9680 00000000 128 128
9712 00002000 128 128
9716 00000000 128 128
9748 00002000 128 128
9752 00000000 128 128
9784 00002000 128 128
9788 00000000 128 128
9820 00002000 128 128
9824 00000000 128 128
9856 00002000 128 128
9860 00000000 128 128
9892 00002000 128 128
9896 00000000 128 128
9928 00002000 128 128
9932 00000000 128 128
9964 00002000 128 128
9968 00000000 128 128
10000 00002000 128 128
10004 00000000 128 128
10036 00002000 128 128
10040 00000000 128 128
10072 00002000 128 128
10076 00000000 128 128
10108 00002000 128 128
10112 00000000 128 128
10144 00002000 128 128
10148 00000000 128 128
10180 00002000 128 128
10184 00000000 128 128
10216 00002000 128 128
10220 00000000 128 128
10252 00002000 128 128
10256 00000000 128 128
10288 00002000 128 128
10292 00000000 128 128
10324 00002000 128 128
10328 00000000 128 128
10360 00002000 128 128
10364 00000000 128 128
10396 00002000 128 128
10400 00000000 128 128
10432 00002000 128 128
10436 00000000 128 128
10468 00002000 128 128
10472 00000000 128 128
10504 00002000 128 128
10508 00000000 128 128
10540 00002000 128 128
10544 00000000 128 128
10576 00002000 128 128
10580 00000000 128 128
10612 00002000 128 128
10616 00000000 128 128
10648 00002000 128 128
10652 00000000 128 128
10684 00002000 128 128
10688 00000000 128 128
10720 00002000 128 128
10724 00000000 128 128
10756 00002000 128 128
10760 00000000 128 128
10792 00002000 128 128
10796 00000000 128 128
10828 00002000 128 128
10832 00000000 128 128
10864 00002000 128 128
10868 00000000 128 128
10900 00002000 128 128
10904 00000000 128 128
10936 00002000 128 128
10940 00000000 128 128
10972 00002000 128 128
10976 00000000 128 128
11008 00002000 128 128
11012 00000000 128 128
11044 00002000 128 128
11048 00000000 128 128
11080 00002000 128 128
11084 00000000 128 128
11116 00002000 128 128
11120 00000000 128 128
11152 00002000 128 128
11156 00000000 128 128
11188 00002000 128 128
11192 00000000 128 128
11224 00002000 128 128
11228 00000000 128 128
11260 00002000 128 128
11264 00000000 128 128
11296 00002000 128 128
11300 00000000 128 128
11332 00002000 128 128
11336 00000000 128 128
11368 00002000 128 128
11372 00000000 128 128
11404 00002000 128 128
11408 00000000 128 128
11440 00002000 128 128
11444 00000000 128 128
11476 00002000 128 128
11480 00000000 128 128
11512 00002000 128 128
11516 00000000 128 128
11548 00002000 128 128
11552 00000000 128 128
11584 00002000 128 128
11588 00000000 128 128
11620 00002000 128 128
11624 00000000 128 128
11656 00002000 128 128
11660 00000000 128 128
11692 00002000 128 128
11696 00000000 128 128
11728 00002000 128 128
11732 00000000 128 128
11764 00002000 128 128
11768 00000000 128 128
11800 00002000 128 128
11804 00000000 128 128
11836 00002000 128 128
11840 00000000 128 128
11872 00002000 128 128
11876 00000000 128 128
11908 00002000 128 128
11912 00000000 128 128
11944 00002000 128 128
11948 00000000 128 128
11980 00002000 128 128
11984 00000000 128 128
12016 00002000 128 128
12020 00000000 128 128
12052 00002000 128 128
12056 00000000 128 128
12088 00002000 128 128
12092 00000000 128 128
12124 00002000 128 128
12128 00000000 128 128
12160 00002000 128 128
12164 00000000 128 128
12196 00002000 128 128
12200 00000000 128 128
12232 00002000 128 128
12236 00000000 128 128
12268 00002000 128 128
12272 00000000 128 128
12304 00002000 128 128
12308 00000000 128 128
12340 00002000 128 128
12344 00000000 128 128
12376 00002000 128 128
12380 00000000 128 128
12412 00002000 128 128
12416 00000000 128 128
12448 00002000 128 128
12452 00000000 128 128
12484 00002000 128 128
12488 00000000 128 128
12520 00002000 128 128
12524 00000000 128 128
12556 00002000 128 128
12560 00000000 128 128
12592 00002000 128 128
12596 00000000 128 128
12628 00002000 128 128
12632 00000000 128 128
12664 00002000 128 128
12668 00000000 128 128
12700 00002000 128 128
12704 00000000 128 128
12736 00002000 128 128
12740 00000000 128 128
12772 00002000 128 128
12776 00000000 128 128
12808 00002000 128 128
12812 00000000 128 128
12844 00002000 128 128
12848 00000000 128 128
12880 00002000 128 128
12884 00000000 128 128
12916 00002000 128 128
12920 00000000 128 128
12952 00002000 128 128
12956 00000000 128 128
12988 00002000 128 128
12992 00000000 128 128
13024 00002000 128 128
13028 00000000 128 128
13060 00002000 128 128
13064 00000000 128 128
13096 00002000 128 128
13100 00000000 128 128
13132 00002000 128 128
13136 00000000 128 128
13168 00002000 128 128
13172 00000000 128 128
13204 00002000 128 128
13208 00000000 128 128
13240 00002000 128 128
13244 00000000 128 128
13276 00002000 128 128
13280 00000000 128 128
13312 00002000 128 128
13316 00000000 128 128
13348 00002000 128 128
13352 00000000 128 128
13384 00002000 128 128
13388 00000000 128 128
13420 00002000 128 128
13424 00000000 128 128
13456 00002000 128 128
13460 00000000 128 128
13492 00002000 128 128
13496 00000000 128 128
13528 00002000 128 128
13532 00000000 128 128
13564 00002000 128 128
13568 00000000 128 128
13600 00002000 128 128
13604 00000000 128 128
13636 00002000 128 128
13640 00000000 128 128
13672 00002000 128 128
13676 00000000 128 128
13708 00002000 128 128
13712 00000000 128 128
13744 00002000 128 128
13748 00000000 128 128
13780 00002000 128 128
13784 00000000 128 128
13816 00002000 128 128
13820 00000000 128 128
13852 00002000 128 128
13856 00000000 128 128
13888 00002000 128 128
13892 00000000 128 128
13924 00002000 128 128
13928 00000000 128 128
13960 00002000 128 128
13964 00000000 128 128
13996 00002000 128 128
14000 00000000 128 128
14032 00002000 128 128
14036 00000000 128 128
14068 00002000 128 128
14072 00000000 128 128
14104 00002000 128 128
14108 00000000 128 128
14140 00002000 128 128
14144 00000000 128 128
14176 00002000 128 128
14180 00000000 128 128
14212 00002000 128 128
14216 00000000 128 128
14248 00002000 128 128
14252 00000000 128 128
14284 00002000 128 128
14288 00000000 128 128
14320 00002000 128 128
14324 00000000 128 128
14356 00002000 128 128
14360 00000000 128 128
14392 00002000 128 128
14396 00000000 128 128
14428 00002000 128 128
14432 00000000 128 128
14464 00002000 128 128
14468 00000000 128 128
14500 00002000 128 128
14504 00000000 128 128
14536 00002000 128 128
14540 00000000 128 128
14572 00002000 128 128
14576 00000000 128 128
14608 00002000 128 128
14612 00000000 128 128
14644 00002000 128 128
14648 00000000 128 128
14680 00002000 128 128
14684 00000000 128 128
14716 00002000 128 128
14720 00000000 128 128
14752 00002000 128 128
14756 00000000 128 128
14788 00002000 128 128
14792 00000000 128 128
14824 00002000 128 128
14828 00000000 128 128
14860 00002000 128 128
14864 00000000 128 128
14896 00002000 128 128
14900 00000000 128 128
14932 00002000 128 128
14936 00000000 128 128
14968 00002000 128 128
14972 00000000 128 128
15004 00002000 128 128
15008 00000000 128 128
15040 00002000 128 128
15044 00000000 128 128
15076 00002000 128 128
15080 00000000 128 128
15112 00002000 128 128
15116 00000000 128 128
15148 00002000 128 128
15152 00000000 128 128
15184 00002000 128 128
15188 00000000 128 128
15220 00002000 128 128
15224 00000000 128 128
15256 00002000 128 128
15260 00000000 128 128
15292 00002000 128 128
15296 00000000 128 128
15328 00002000 128 128
15332 00000000 128 128
15364 00002000 128 128
15368 00000000 128 128
15400 00002000 128 128
15404 00000000 128 128
15436 00002000 128 128
15440 00000000 128 128
15472 00002000 128 128
15476 00000000 128 128
15508 00002000 128 128
15512 00000000 128 128
15544 00002000 128 128
15548 00000000 128 128
15580 00002000 128 128
15584 00000000 128 128
15616 00002000 128 128
15620 00000000 128 128
15652 00002000 128 128
15656 00000000 128 128
15688 00002000 128 128
15692 00000000 128 128
15724 00002000 128 128
15728 00000000 128 128
15760 00002000 128 128
15764 00000000 128 128
15796 00002000 128 128
15800 00000000 128 128
15832 00002000 128 128
15836 00000000 128 128
15868 00002000 128 128
15872 00000000 128 128
15904 00002000 128 128
15908 00000000 128 128
15940 00002000 128 128
15944 00000000 128 128
15976 00002000 128 128
15980 00000000 128 128
16012 00002000 128 128
16016 00000000 128 128
16048 00002000 128 128
16052 00000000 128 128
16084 00002000 128 128
16088 00000000 128 128
16120 00002000 128 128
16124 00000000 128 128
16156 00002000 128 128
16160 00000000 128 128
16192 00002000 128 128
16196 00000000 128 128
16228 00002000 128 128
16232 00000000 128 128
16264 00002000 128 128
16268 00000000 128 128
16300 00002000 128 128
16304 00000000 128 128
16336 00002000 128 128
16340 00000000 128 128
16372 00002000 128 128
16376 00000000 128 128
16408 00002000 128 128
16412 00000000 128 128
16444 00002000 128 128
16448 00000000 128 128
16480 00002000 128 128
16484 00000000 128 128
16516 00002000 128 128
16520 00000000 128 128
16552 00002000 128 128
16556 00000000 128 128
16588 00002000 128 128
16592 00000000 128 128
16624 00002000 128 128
16628 00000000 128 128
16660 00002000 128 128
16664 00000000 128 128
16696 00002000 128 128
16700 00000000 128 128
16732 00002000 128 128
16736 00000000 128 128
16768 00002000 128 128
16772 00000000 128 128
16804 00002000 128 128
16808 00000000 128 128
16840 00002000 128 128
16844 00000000 128 128
16876 00002000 128 128
16880 00000000 128 128
16912 00002000 128 128
16916 00000000 128 128
16948 00002000 128 128
16952 00000000 128 128
16984 00002000 128 128
16988 00000000 128 128
17020 00002000 128 128
17024 00000000 128 128
17056 00002000 128 128
17060 00000000 128 128
17092 00002000 128 128
17096 00000000 128 128
17128 00002000 128 128
17132 00000000 128 128
17164 00002000 128 128
17168 00000000 128 128
17200 00002000 128 128
17204 00000000 128 128
17236 00002000 128 128
17240 00000000 128 128
17272 00002000 128 128
17276 00000000 128 128
17308 00002000 128 128
17312 00000000 128 128
17344 00002000 128 128
17348 00000000 128 128
17380 00002000 128 128
17384 00000000 128 128
17416 00002000 128 128
17420 00000000 128 128
17452 00002000 128 128
17456 00000000 128 128
17488 00002000 128 128
17492 00000000 128 128
17524 00002000 128 128
17528 00000000 128 128
17560 00002000 128 128
17564 00000000 128 128
17596 00002000 128 128
17600 00000000 128 128
17632 00002000 128 128
17636 00000000 128 128
17668 00002000 128 128
17672 00000000 128 128
17704 00002000 128 128
17708 00000000 128 128
17740 00002000 128 128
17744 00000000 128 128
17776 00002000 128 128
17780 00000000 128 128
17812 00002000 128 128
17816 00000000 128 128
17848 00002000 128 128
17852 00000000 128 128
17884 00002000 128 128
17888 00000000 128 128
17920 00002000 128 128
17924 00000000 128 128
17956 00002000 128 128
17960 00000000 128 128
17992 00002000 128 128
17996 00000000 128 128
18028 00002000 128 128
18032 00000000 128 128
18064 00002000 128 128
18068 00000000 128 128
18100 00002000 128 128
18104 00000000 128 128
18136 00002000 128 128
18140 00000000 128 128
18172 00002000 128 128
18176 00000000 128 128
18208 00002000 128 128
18212 00000000 128 128
18244 00002000 128 128
18248 00000000 128 128
18280 00002000 128 128
18284 00000000 128 128
18316 00002000 128 128
18320 00000000 128 128
18352 00002000 128 128
18356 00000000 128 128
18388 00002000 128 128
18392 00000000 128 128
18424 00002000 128 128
18428 00000000 128 128
18460 00002000 128 128
18464 00000000 128 128
18496 00002000 128 128
18500 00000000 128 128
18532 00002000 128 128
18536 00000000 128 128
18568 00002000 128 128
18572 00000000 128 128
18604 00002000 128 128
18608 00000000 128 128
18760 00004000 128 128
18764 00000000 128 128
18796 00004000 128 128
18800 00000000 128 128
18832 00004000 128 128
18836 00000000 128 128
18868 00004000 128 128
18872 00000000 128 128
18904 00004000 128 128
18908 00000000 128 128
18940 00004000 128 128
18944 00000000 128 128
18976 00004000 128 128
18980 00000000 128 128
19012 00004000 128 128
19016 00000000 128 128
19048 00004000 128 128
19052 00000000 128 128
19084 00004000 128 128
19088 00000000 128 128
19120 00004000 128 128
19124 00000000 128 128
19156 00004000 128 128
19160 00000000 128 128
19192 00004000 128 128
19196 00000000 128 128
19228 00004000 128 128
19232 00000000 128 128
19264 00004000 128 128
19268 00000000 128 128
19300 00004000 128 128
19304 00000000 128 128
19336 00004000 128 128
19340 00000000 128 128
19372 00004000 128 128
19376 00000000 128 128
19408 00004000 128 128
19412 00000000 128 128
19444 00004000 128 128
19448 00000000 128 128
19540 00000010 128 128
20440 00000000 128 128
20502 00000000 128 128
