0 00000000 128 128
150 00000008 128 128
152 00000000 128 128
300 00000008 128 128
302 00000000 128 128
450 00002000 128 128
452 00000000 128 128
1200 00000040 128 128
1280 00000000 128 128
1310 00000080 128 128
1510 00000000 128 128
1540 00000040 128 128
1556 00000000 128 128
1586 00000080 128 128
1806 00000000 128 128
1836 00000010 128 128
1926 00000000 128 128
1956 00000020 128 128
2026 00000000 128 128
2056 00000010 128 128
2116 00000000 128 128
2146 00000080 128 128
2286 00000000 128 128
2316 00000010 128 128
2348 00000000 128 128
2378 00000080 128 128
2598 00000000 128 128
2628 00000040 128 128
2652 00000000 128 128
2682 00000080 128 128
2902 00000000 128 128
2932 00000040 128 128
2956 00000000 128 128
2986 00000020 128 128
3018 00000000 128 128
3048 00000040 128 128
3064 00000000 128 128
3094 00000080 128 128
3514 00000000 128 128
3844 00000000 128 128
