0 00000000 128 128
150 00000008 128 128
152 00000000 128 128
300 00000008 128 128
302 00000000 128 128
450 00002000 128 128
452 00000000 128 128
700 00000010 128 128
708 00000000 128 128
710 00000080 128 128
718 00000000 128 128
720 00000010 128 128
744 00000000 128 128
746 00000010 128 128
754 00000000 128 128
1056 00004000 128 128
1060 00000000 128 128
1092 00004000 128 128
1096 00000000 128 128
1128 00004000 128 128
1132 00000000 128 128
1164 00004000 128 128
1168 00000000 128 128
1200 00004000 128 128
1204 00000000 128 128
1236 00004000 128 128
1240 00000000 128 128
1272 00004000 128 128
1276 00000000 128 128
1308 00004000 128 128
1312 00000000 128 128
1344 00004000 128 128
1348 00000000 128 128
1380 00004000 128 128
1384 00000000 128 128
1416 00004000 128 128
1420 00000000 128 128
1452 00004000 128 128
1456 00000000 128 128
1488 00004000 128 128
1492 00000000 128 128
1524 00004000 128 128
1528 00000000 128 128
1560 00004000 128 128
1564 00000000 128 128
1596 00004000 128 128
1600 00000000 128 128
1632 00004000 128 128
1636 00000000 128 128
1668 00004000 128 128
1672 00000000 128 128
1704 00004000 128 128
1708 00000000 128 128
1740 00004000 128 128
1744 00000000 128 128
1776 00004000 128 128
1780 00000000 128 128
1812 00004000 128 128
1816 00000000 128 128
1848 00004000 128 128
1852 00000000 128 128
1884 00004000 128 128
1888 00000000 128 128
1920 00004000 128 128
1924 00000000 128 128
1956 00004000 128 128
1960 00000000 128 128
1992 00004000 128 128
1996 00000000 128 128
2028 00004000 128 128
2032 00000000 128 128
2064 00004000 128 128
2068 00000000 128 128
2100 00004000 128 128
2104 00000000 128 128
2136 00004000 128 128
2140 00000000 128 128
2172 00004000 128 128
2176 00000000 128 128
2208 00004000 128 128
2212 00000000 128 128
2244 00004000 128 128
2248 00000000 128 128
2280 00004000 128 128
2284 00000000 128 128
2316 00004000 128 128
2320 00000000 128 128
2352 00004000 128 128
2356 00000000 128 128
2388 00004000 128 128
2392 00000000 128 128
2424 00004000 128 128
2428 00000000 128 128
2460 00004000 128 128
2464 00000000 128 128
2496 00004000 128 128
2500 00000000 128 128
2532 00004000 128 128
2536 00000000 128 128
2568 00004000 128 128
2572 00000000 128 128
2604 00004000 128 128
2608 00000000 128 128
2640 00004000 128 128
2644 00000000 128 128
2676 00004000 128 128
2680 00000000 128 128
2712 00004000 128 128
2716 00000000 128 128
2748 00004000 128 128
2752 00000000 128 128
2784 00004000 128 128
2788 00000000 128 128
2820 00004000 128 128
2824 00000000 128 128
2856 00004000 128 128
2860 00000000 128 128
2892 00004000 128 128
2896 00000000 128 128
2928 00004000 128 128
2932 00000000 128 128
2964 00004000 128 128
2968 00000000 128 128
3000 00004000 128 128
3004 00000000 128 128
3036 00004000 128 128
3040 00000000 128 128
3072 00004000 128 128
3076 00000000 128 128
3108 00004000 128 128
3112 00000000 128 128
3144 00004000 128 128
3148 00000000 128 128
3180 00004000 128 128
3184 00000000 128 128
3216 00004000 128 128
3220 00000000 128 128
3252 00004000 128 128
3256 00000000 128 128
3288 00004000 128 128
3292 00000000 128 128
3324 00004000 128 128
3328 00000000 128 128
3360 00004000 128 128
3364 00000000 128 128
3396 00004000 128 128
3400 00000000 128 128
3432 00004000 128 128
3436 00000000 128 128
3468 00004000 128 128
3472 00000000 128 128
3504 00004000 128 128
3508 00000000 128 128
3540 00004000 128 128
3544 00000000 128 128
3576 00004000 128 128
3580 00000000 128 128
3612 00004000 128 128
3616 00000000 128 128
3648 00004000 128 128
3652 00000000 128 128
3684 00004000 128 128
3688 00000000 128 128
3720 00004000 128 128
3724 00000000 128 128
3756 00004000 128 128
3760 00000000 128 128
3792 00004000 128 128
3796 00000000 128 128
3828 00004000 128 128
3832 00000000 128 128
3864 00004000 128 128
3868 00000000 128 128
3900 00004000 128 128
3904 00000000 128 128
3936 00004000 128 128
3940 00000000 128 128
3972 00004000 128 128
3976 00000000 128 128
4008 00004000 128 128
4012 00000000 128 128
4044 00004000 128 128
4048 00000000 128 128
4080 00004000 128 128
4084 00000000 128 128
4116 00004000 128 128
4120 00000000 128 128
4152 00004000 128 128
4156 00000000 128 128
4188 00004000 128 128
4192 00000000 128 128
4224 00004000 128 128
4228 00000000 128 128
4260 00004000 128 128
4264 00000000 128 128
4296 00004000 128 128
4300 00000000 128 128
4332 00004000 128 128
4336 00000000 128 128
4368 00004000 128 128
4372 00000000 128 128
4404 00004000 128 128
4408 00000000 128 128
4440 00004000 128 128
4444 00000000 128 128
4476 00004000 128 128
4480 00000000 128 128
4512 00004000 128 128
4516 00000000 128 128
4548 00004000 128 128
4552 00000000 128 128
4584 00004000 128 128
4588 00000000 128 128
4620 00004000 128 128
4624 00000000 128 128
4776 00000010 128 128
4808 00000000 128 128
4810 00000080 128 128
4818 00000000 128 128
4820 00000010 128 128
4844 00000000 128 128
4906 00002000 128 128
4910 00000000 128 128
5012 00004000 128 128
5016 00000000 128 128
5048 00004000 128 128
5052 00000000 128 128
5084 00004000 128 128
5088 00000000 128 128
5120 00004000 128 128
5124 00000000 128 128
5156 00004000 128 128
5160 00000000 128 128
5192 00004000 128 128
5196 00000000 128 128
5228 00004000 128 128
5232 00000000 128 128
5264 00004000 128 128
5268 00000000 128 128
5300 00004000 128 128
5304 00000000 128 128
5336 00004000 128 128
5340 00000000 128 128
5372 00004000 128 128
5376 00000000 128 128
5408 00004000 128 128
5412 00000000 128 128
5444 00004000 128 128
5448 00000000 128 128
5480 00004000 128 128
5484 00000000 128 128
5516 00004000 128 128
5520 00000000 128 128
5552 00004000 128 128
5556 00000000 128 128
5588 00004000 128 128
5592 00000000 128 128
5624 00004000 128 128
5628 00000000 128 128
5660 00004000 128 128
5664 00000000 128 128
5696 00004000 128 128
5700 00000000 128 128
5732 00004000 128 128
5736 00000000 128 128
5768 00004000 128 128
5772 00000000 128 128
5804 00004000 128 128
5808 00000000 128 128
5840 00004000 128 128
5844 00000000 128 128
5876 00004000 128 128
5880 00000000 128 128
5912 00004000 128 128
5916 00000000 128 128
5948 00004000 128 128
5952 00000000 128 128
5984 00004000 128 128
5988 00000000 128 128
6020 00004000 128 128
6024 00000000 128 128
6056 00004000 128 128
6060 00000000 128 128
6092 00004000 128 128
6096 00000000 128 128
6128 00004000 128 128
6132 00000000 128 128
6164 00004000 128 128
6168 00000000 128 128
6200 00004000 128 128
6204 00000000 128 128
6236 00004000 128 128
6240 00000000 128 128
6272 00004000 128 128
6276 00000000 128 128
6308 00004000 128 128
6312 00000000 128 128
6344 00004000 128 128
6348 00000000 128 128
6380 00004000 128 128
6384 00000000 128 128
6416 00004000 128 128
6420 00000000 128 128
6452 00004000 128 128
6456 00000000 128 128
6488 00004000 128 128
6492 00000000 128 128
6524 00004000 128 128
6528 00000000 128 128
6560 00004000 128 128
6564 00000000 128 128
6596 00004000 128 128
6600 00000000 128 128
6632 00004000 128 128
6636 00000000 128 128
6668 00004000 128 128
6672 00000000 128 128
6704 00004000 128 128
6708 00000000 128 128
6740 00004000 128 128
6744 00000000 128 128
6776 00004000 128 128
6780 00000000 128 128
6812 00004000 128 128
6816 00000000 128 128
6848 00004000 128 128
6852 00000000 128 128
6884 00004000 128 128
6888 00000000 128 128
6920 00004000 128 128
6924 00000000 128 128
6956 00004000 128 128
6960 00000000 128 128
6992 00004000 128 128
6996 00000000 128 128
7028 00004000 128 128
7032 00000000 128 128
7064 00004000 128 128
7068 00000000 128 128
7100 00004000 128 128
7104 00000000 128 128
7136 00004000 128 128
7140 00000000 128 128
7172 00004000 128 128
7176 00000000 128 128
7208 00004000 128 128
7212 00000000 128 128
7244 00004000 128 128
7248 00000000 128 128
7280 00004000 128 128
7284 00000000 128 128
7316 00004000 128 128
7320 00000000 128 128
7352 00004000 128 128
7356 00000000 128 128
7388 00004000 128 128
7392 00000000 128 128
7424 00004000 128 128
7428 00000000 128 128
7460 00004000 128 128
7464 00000000 128 128
7496 00004000 128 128
7500 00000000 128 128
7532 00004000 128 128
7536 00000000 128 128
7568 00004000 128 128
7572 00000000 128 128
7604 00004000 128 128
7608 00000000 128 128
7640 00004000 128 128
7644 00000000 128 128
7676 00004000 128 128
7680 00000000 128 128
7712 00004000 128 128
7716 00000000 128 128
7748 00004000 128 128
7752 00000000 128 128
7784 00004000 128 128
7788 00000000 128 128
7820 00004000 128 128
7824 00000000 128 128
7856 00004000 128 128
7860 00000000 128 128
7892 00004000 128 128
7896 00000000 128 128
7928 00004000 128 128
7932 00000000 128 128
7964 00004000 128 128
7968 00000000 128 128
8000 00004000 128 128
8004 00000000 128 128
8036 00004000 128 128
8040 00000000 128 128
8072 00004000 128 128
8076 00000000 128 128
8108 00004000 128 128
8112 00000000 128 128
8144 00004000 128 128
8148 00000000 128 128
8180 00004000 128 128
8184 00000000 128 128
8216 00004000 128 128
8220 00000000 128 128
8252 00004000 128 128
8256 00000000 128 128
8288 00004000 128 128
8292 00000000 128 128
8324 00004000 128 128
8328 00000000 128 128
8360 00004000 128 128
8364 00000000 128 128
8396 00004000 128 128
8400 00000000 128 128
8432 00004000 128 128
8436 00000000 128 128
8468 00004000 128 128
8472 00000000 128 128
8504 00004000 128 128
8508 00000000 128 128
8540 00004000 128 128
8544 00000000 128 128
8576 00004000 128 128
8580 00000000 128 128
8912 00004000 128 128
8916 00000000 128 128
8948 00004000 128 128
8952 00000000 128 128
8984 00004000 128 128
8988 00000000 128 128
9020 00004000 128 128
9024 00000000 128 128
9096 00004000 128 128
9100 00000000 128 128
9132 00004000 128 128
9136 00000000 128 128
9168 00004000 128 128
9172 00000000 128 128
9204 00004000 128 128
9208 00000000 128 128
9280 00002000 128 128
9284 00000000 128 128
9416 00000010 128 128
9422 00000000 128 128
9454 00000010 128 128
9460 00000000 128 128
9492 00000040 128 128
9498 00000000 128 128
9530 00002000 128 128
9534 00000000 128 128
9606 00002000 128 128
9610 00000000 128 128
9642 00002000 128 128
9646 00000000 128 128
9678 00002000 128 128
9682 00000000 128 128
9714 00002000 128 128
9718 00000000 128 128
9750 00002000 128 128
9754 00000000 128 128
9786 00002000 128 128
9790 00000000 128 128
9822 00002000 128 128
9826 00000000 128 128
9858 00002000 128 128
9862 00000000 128 128
9894 00002000 128 128
9898 00000000 128 128
9930 00002000 128 128
9934 00000000 128 128
9966 00002000 128 128
9970 00000000 128 128
10002 00002000 128 128
10006 00000000 128 128
10098 00004000 128 128
10102 00000000 128 128
10134 00004000 128 128
10138 00000000 128 128
10170 00004000 128 128
10174 00000000 128 128
10206 00004000 128 128
10210 00000000 128 128
10282 00004000 128 128
10286 00000000 128 128
10318 00004000 128 128
10322 00000000 128 128
10354 00004000 128 128
10358 00000000 128 128
10390 00004000 128 128
10394 00000000 128 128
10466 00002000 128 128
10470 00000000 128 128
10602 00000010 128 128
10608 00000000 128 128
10640 00000010 128 128
10646 00000000 128 128
10678 00000040 128 128
10684 00000000 128 128
10716 00002000 128 128
10720 00000000 128 128
10792 00002000 128 128
10796 00000000 128 128
10828 00002000 128 128
10832 00000000 128 128
10864 00002000 128 128
10868 00000000 128 128
10900 00002000 128 128
10904 00000000 128 128
10936 00002000 128 128
10940 00000000 128 128
10972 00002000 128 128
10976 00000000 128 128
11008 00002000 128 128
11012 00000000 128 128
11044 00002000 128 128
11048 00000000 128 128
11080 00002000 128 128
11084 00000000 128 128
11116 00002000 128 128
11120 00000000 128 128
11152 00002000 128 128
11156 00000000 128 128
11188 00002000 128 128
11192 00000000 128 128
11284 00004000 128 128
11288 00000000 128 128
11320 00004000 128 128
11324 00000000 128 128
11356 00004000 128 128
11360 00000000 128 128
11392 00004000 128 128
11396 00000000 128 128
11468 00004000 128 128
11472 00000000 128 128
11504 00004000 128 128
11508 00000000 128 128
11540 00004000 128 128
11544 00000000 128 128
11576 00004000 128 128
11580 00000000 128 128
11652 00002000 128 128
11656 00000000 128 128
11788 00000010 128 128
11794 00000000 128 128
11826 00000010 128 128
11832 00000000 128 128
11864 00000040 128 128
11870 00000000 128 128
11902 00002000 128 128
11906 00000000 128 128
11978 00002000 128 128
11982 00000000 128 128
12014 00002000 128 128
12018 00000000 128 128
12050 00002000 128 128
12054 00000000 128 128
12086 00002000 128 128
12090 00000000 128 128
12122 00002000 128 128
12126 00000000 128 128
12158 00002000 128 128
12162 00000000 128 128
12194 00002000 128 128
12198 00000000 128 128
12230 00002000 128 128
12234 00000000 128 128
12266 00002000 128 128
12270 00000000 128 128
12302 00002000 128 128
12306 00000000 128 128
12338 00002000 128 128
12342 00000000 128 128
12374 00002000 128 128
12378 00000000 128 128
12470 00004000 128 128
12474 00000000 128 128
12506 00004000 128 128
12510 00000000 128 128
12542 00004000 128 128
12546 00000000 128 128
12578 00004000 128 128
12582 00000000 128 128
12654 00004000 128 128
12658 00000000 128 128
12690 00004000 128 128
12694 00000000 128 128
12726 00004000 128 128
12730 00000000 128 128
12762 00004000 128 128
12766 00000000 128 128
12838 00002000 128 128
12842 00000000 128 128
12974 00000010 128 128
12980 00000000 128 128
13012 00000010 128 128
13018 00000000 128 128
13050 00000040 128 128
13056 00000000 128 128
13088 00002000 128 128
13092 00000000 128 128
13164 00002000 128 128
13168 00000000 128 128
13200 00002000 128 128
13204 00000000 128 128
13236 00002000 128 128
13240 00000000 128 128
13272 00002000 128 128
13276 00000000 128 128
13308 00002000 128 128
13312 00000000 128 128
13344 00002000 128 128
13348 00000000 128 128
13380 00002000 128 128
13384 00000000 128 128
13416 00002000 128 128
13420 00000000 128 128
13452 00002000 128 128
13456 00000000 128 128
13488 00002000 128 128
13492 00000000 128 128
13524 00002000 128 128
13528 00000000 128 128
13560 00002000 128 128
13564 00000000 128 128
13656 00004000 128 128
13660 00000000 128 128
13692 00004000 128 128
13696 00000000 128 128
13728 00004000 128 128
13732 00000000 128 128
13764 00004000 128 128
13768 00000000 128 128
13840 00004000 128 128
13844 00000000 128 128
13876 00004000 128 128
13880 00000000 128 128
13912 00004000 128 128
13916 00000000 128 128
13948 00004000 128 128
13952 00000000 128 128
14024 00002000 128 128
14028 00000000 128 128
14160 00000010 128 128
14166 00000000 128 128
14198 00000010 128 128
14204 00000000 128 128
14236 00000040 128 128
14242 00000000 128 128
14274 00002000 128 128
14278 00000000 128 128
14350 00002000 128 128
14354 00000000 128 128
14386 00002000 128 128
14390 00000000 128 128
14422 00002000 128 128
14426 00000000 128 128
14458 00002000 128 128
14462 00000000 128 128
14494 00002000 128 128
14498 00000000 128 128
14530 00002000 128 128
14534 00000000 128 128
14566 00002000 128 128
14570 00000000 128 128
14602 00002000 128 128
14606 00000000 128 128
14638 00002000 128 128
14642 00000000 128 128
14674 00002000 128 128
14678 00000000 128 128
14710 00002000 128 128
14714 00000000 128 128
14746 00002000 128 128
14750 00000000 128 128
14842 00004000 128 128
14846 00000000 128 128
14878 00004000 128 128
14882 00000000 128 128
14914 00004000 128 128
14918 00000000 128 128
14950 00004000 128 128
14954 00000000 128 128
15026 00004000 128 128
15030 00000000 128 128
15062 00004000 128 128
15066 00000000 128 128
15098 00004000 128 128
15102 00000000 128 128
15134 00004000 128 128
15138 00000000 128 128
15210 00002000 128 128
15214 00000000 128 128
15346 00000010 128 128
15352 00000000 128 128
15384 00000010 128 128
15390 00000000 128 128
15422 00000040 128 128
15428 00000000 128 128
15460 00002000 128 128
15464 00000000 128 128
15536 00002000 128 128
15540 00000000 128 128
15572 00002000 128 128
15576 00000000 128 128
15608 00002000 128 128
15612 00000000 128 128
15644 00002000 128 128
15648 00000000 128 128
15680 00002000 128 128
15684 00000000 128 128
15716 00002000 128 128
15720 00000000 128 128
15752 00002000 128 128
15756 00000000 128 128
15788 00002000 128 128
15792 00000000 128 128
15824 00002000 128 128
15828 00000000 128 128
15860 00002000 128 128
15864 00000000 128 128
15896 00002000 128 128
15900 00000000 128 128
15932 00002000 128 128
15936 00000000 128 128
16028 00004000 128 128
16032 00000000 128 128
16064 00004000 128 128
16068 00000000 128 128
16100 00004000 128 128
16104 00000000 128 128
16136 00004000 128 128
16140 00000000 128 128
16212 00004000 128 128
16216 00000000 128 128
16248 00004000 128 128
16252 00000000 128 128
16284 00004000 128 128
16288 00000000 128 128
16320 00004000 128 128
16324 00000000 128 128
16396 00002000 128 128
16400 00000000 128 128
16532 00000010 128 128
16538 00000000 128 128
16570 00000010 128 128
16576 00000000 128 128
16608 00000040 128 128
16614 00000000 128 128
16646 00002000 128 128
16650 00000000 128 128
16722 00002000 128 128
16726 00000000 128 128
16758 00002000 128 128
16762 00000000 128 128
16794 00002000 128 128
16798 00000000 128 128
16830 00002000 128 128
16834 00000000 128 128
16866 00002000 128 128
16870 00000000 128 128
16902 00002000 128 128
16906 00000000 128 128
16938 00002000 128 128
16942 00000000 128 128
16974 00002000 128 128
16978 00000000 128 128
17010 00002000 128 128
17014 00000000 128 128
17046 00002000 128 128
17050 00000000 128 128
17082 00002000 128 128
17086 00000000 128 128
17118 00002000 128 128
17122 00000000 128 128
17214 00004000 128 128
17218 00000000 128 128
17250 00004000 128 128
17254 00000000 128 128
17286 00004000 128 128
17290 00000000 128 128
17322 00004000 128 128
17326 00000000 128 128
17398 00004000 128 128
17402 00000000 128 128
17434 00004000 128 128
17438 00000000 128 128
17470 00004000 128 128
17474 00000000 128 128
17506 00004000 128 128
17510 00000000 128 128
17582 00002000 128 128
17586 00000000 128 128
17718 00000010 128 128
17724 00000000 128 128
17756 00000010 128 128
17762 00000000 128 128
17794 00000040 128 128
17800 00000000 128 128
17832 00002000 128 128
17836 00000000 128 128
17908 00002000 128 128
17912 00000000 128 128
17944 00002000 128 128
17948 00000000 128 128
17980 00002000 128 128
17984 00000000 128 128
18016 00002000 128 128
18020 00000000 128 128
18052 00002000 128 128
18056 00000000 128 128
18088 00002000 128 128
18092 00000000 128 128
18124 00002000 128 128
18128 00000000 128 128
18160 00002000 128 128
18164 00000000 128 128
18196 00002000 128 128
18200 00000000 128 128
18232 00002000 128 128
18236 00000000 128 128
18268 00002000 128 128
18272 00000000 128 128
18304 00002000 128 128
18308 00000000 128 128
18400 00004000 128 128
18404 00000000 128 128
18436 00004000 128 128
18440 00000000 128 128
18472 00004000 128 128
18476 00000000 128 128
18508 00004000 128 128
18512 00000000 128 128
18584 00004000 128 128
18588 00000000 128 128
18620 00004000 128 128
18624 00000000 128 128
18656 00004000 128 128
18660 00000000 128 128
18692 00004000 128 128
18696 00000000 128 128
18768 00002000 128 128
18772 00000000 128 128
18904 00000010 128 128
18910 00000000 128 128
18942 00000010 128 128
18948 00000000 128 128
18980 00000040 128 128
18986 00000000 128 128
19018 00002000 128 128
19022 00000000 128 128
19094 00002000 128 128
19098 00000000 128 128
19130 00002000 128 128
19134 00000000 128 128
19166 00002000 128 128
19170 00000000 128 128
19202 00002000 128 128
19206 00000000 128 128
19238 00002000 128 128
19242 00000000 128 128
19274 00002000 128 128
19278 00000000 128 128
19310 00002000 128 128
19314 00000000 128 128
19346 00002000 128 128
19350 00000000 128 128
19382 00002000 128 128
19386 00000000 128 128
19418 00002000 128 128
19422 00000000 128 128
19454 00002000 128 128
19458 00000000 128 128
19490 00002000 128 128
19494 00000000 128 128
19586 00004000 128 128
19590 00000000 128 128
19622 00004000 128 128
19626 00000000 128 128
19658 00004000 128 128
19662 00000000 128 128
19694 00004000 128 128
19698 00000000 128 128
19770 00004000 128 128
19774 00000000 128 128
19806 00004000 128 128
19810 00000000 128 128
19842 00004000 128 128
19846 00000000 128 128
19878 00004000 128 128
19882 00000000 128 128
19954 00002000 128 128
19958 00000000 128 128
20090 00000010 128 128
20096 00000000 128 128
20128 00000010 128 128
20134 00000000 128 128
20166 00000040 128 128
20172 00000000 128 128
20204 00002000 128 128
20208 00000000 128 128
20280 00002000 128 128
20284 00000000 128 128
20316 00002000 128 128
20320 00000000 128 128
20352 00002000 128 128
20356 00000000 128 128
20388 00002000 128 128
20392 00000000 128 128
20424 00002000 128 128
20428 00000000 128 128
20460 00002000 128 128
20464 00000000 128 128
20496 00002000 128 128
20500 00000000 128 128
20532 00002000 128 128
20536 00000000 128 128
20568 00002000 128 128
20572 00000000 128 128
20604 00002000 128 128
20608 00000000 128 128
20640 00002000 128 128
20644 00000000 128 128
20676 00002000 128 128
20680 00000000 128 128
20772 00004000 128 128
20776 00000000 128 128
20808 00004000 128 128
20812 00000000 128 128
20844 00004000 128 128
20848 00000000 128 128
20880 00004000 128 128
20884 00000000 128 128
20956 00004000 128 128
20960 00000000 128 128
20992 00004000 128 128
20996 00000000 128 128
21028 00004000 128 128
21032 00000000 128 128
21064 00004000 128 128
21068 00000000 128 128
21140 00002000 128 128
21144 00000000 128 128
21276 00000010 128 128
21282 00000000 128 128
21314 00000010 128 128
21320 00000000 128 128
21352 00000040 128 128
21358 00000000 128 128
21390 00002000 128 128
21394 00000000 128 128
21466 00002000 128 128
21470 00000000 128 128
21502 00002000 128 128
21506 00000000 128 128
21538 00002000 128 128
21542 00000000 128 128
21574 00002000 128 128
21578 00000000 128 128
21610 00002000 128 128
21614 00000000 128 128
21646 00002000 128 128
21650 00000000 128 128
21682 00002000 128 128
21686 00000000 128 128
21718 00002000 128 128
21722 00000000 128 128
21754 00002000 128 128
21758 00000000 128 128
21790 00002000 128 128
21794 00000000 128 128
21826 00002000 128 128
21830 00000000 128 128
21862 00002000 128 128
21866 00000000 128 128
21958 00004000 128 128
21962 00000000 128 128
21994 00004000 128 128
21998 00000000 128 128
22030 00004000 128 128
22034 00000000 128 128
22066 00004000 128 128
22070 00000000 128 128
22142 00004000 128 128
22146 00000000 128 128
22178 00004000 128 128
22182 00000000 128 128
22214 00004000 128 128
22218 00000000 128 128
22250 00004000 128 128
22254 00000000 128 128
22326 00002000 128 128
22330 00000000 128 128
22462 00000010 128 128
22468 00000000 128 128
22500 00000010 128 128
22506 00000000 128 128
22538 00000040 128 128
22544 00000000 128 128
22576 00002000 128 128
22580 00000000 128 128
22652 00002000 128 128
22656 00000000 128 128
22688 00002000 128 128
22692 00000000 128 128
22724 00002000 128 128
22728 00000000 128 128
22760 00002000 128 128
22764 00000000 128 128
22796 00002000 128 128
22800 00000000 128 128
22832 00002000 128 128
22836 00000000 128 128
22868 00002000 128 128
22872 00000000 128 128
22904 00002000 128 128
22908 00000000 128 128
22940 00002000 128 128
22944 00000000 128 128
22976 00002000 128 128
22980 00000000 128 128
23012 00002000 128 128
23016 00000000 128 128
23048 00002000 128 128
23052 00000000 128 128
23144 00004000 128 128
23148 00000000 128 128
23180 00004000 128 128
23184 00000000 128 128
23216 00004000 128 128
23220 00000000 128 128
23252 00004000 128 128
23256 00000000 128 128
23328 00004000 128 128
23332 00000000 128 128
23364 00004000 128 128
23368 00000000 128 128
23400 00004000 128 128
23404 00000000 128 128
23436 00004000 128 128
23440 00000000 128 128
23512 00002000 128 128
23516 00000000 128 128
23648 00000010 128 128
23654 00000000 128 128
23686 00000010 128 128
23692 00000000 128 128
23724 00000040 128 128
23730 00000000 128 128
23762 00002000 128 128
23766 00000000 128 128
23838 00002000 128 128
23842 00000000 128 128
23874 00002000 128 128
23878 00000000 128 128
23910 00002000 128 128
23914 00000000 128 128
23946 00002000 128 128
23950 00000000 128 128
23982 00002000 128 128
23986 00000000 128 128
24018 00002000 128 128
24022 00000000 128 128
24054 00002000 128 128
24058 00000000 128 128
24090 00002000 128 128
24094 00000000 128 128
24126 00002000 128 128
24130 00000000 128 128
24162 00002000 128 128
24166 00000000 128 128
24198 00002000 128 128
24202 00000000 128 128
24234 00002000 128 128
24238 00000000 128 128
24330 00004000 128 128
24334 00000000 128 128
24366 00004000 128 128
24370 00000000 128 128
24402 00004000 128 128
24406 00000000 128 128
24438 00004000 128 128
24442 00000000 128 128
24514 00004000 128 128
24518 00000000 128 128
24550 00004000 128 128
24554 00000000 128 128
24586 00004000 128 128
24590 00000000 128 128
24622 00004000 128 128
24626 00000000 128 128
24698 00002000 128 128
24702 00000000 128 128
24834 00000010 128 128
24840 00000000 128 128
24872 00000010 128 128
24878 00000000 128 128
24910 00000040 128 128
24916 00000000 128 128
24948 00002000 128 128
24952 00000000 128 128
25024 00002000 128 128
25028 00000000 128 128
25060 00002000 128 128
25064 00000000 128 128
25096 00002000 128 128
25100 00000000 128 128
25132 00002000 128 128
25136 00000000 128 128
25168 00002000 128 128
25172 00000000 128 128
25204 00002000 128 128
25208 00000000 128 128
25240 00002000 128 128
25244 00000000 128 128
25276 00002000 128 128
25280 00000000 128 128
25312 00002000 128 128
25316 00000000 128 128
25348 00002000 128 128
25352 00000000 128 128
25384 00002000 128 128
25388 00000000 128 128
25420 00002000 128 128
25424 00000000 128 128
25516 00004000 128 128
25520 00000000 128 128
25552 00004000 128 128
25556 00000000 128 128
25588 00004000 128 128
25592 00000000 128 128
25624 00004000 128 128
25628 00000000 128 128
25700 00004000 128 128
25704 00000000 128 128
25736 00004000 128 128
25740 00000000 128 128
25772 00004000 128 128
25776 00000000 128 128
25808 00004000 128 128
25812 00000000 128 128
25884 00002000 128 128
25888 00000000 128 128
26020 00000010 128 128
26026 00000000 128 128
26058 00000010 128 128
26064 00000000 128 128
26096 00000040 128 128
26102 00000000 128 128
26134 00002000 128 128
26138 00000000 128 128
26210 00002000 128 128
26214 00000000 128 128
26246 00002000 128 128
26250 00000000 128 128
26282 00002000 128 128
26286 00000000 128 128
26318 00002000 128 128
26322 00000000 128 128
26354 00002000 128 128
26358 00000000 128 128
26390 00002000 128 128
26394 00000000 128 128
26426 00002000 128 128
26430 00000000 128 128
26462 00002000 128 128
26466 00000000 128 128
26498 00002000 128 128
26502 00000000 128 128
26534 00002000 128 128
26538 00000000 128 128
26570 00002000 128 128
26574 00000000 128 128
26606 00002000 128 128
26610 00000000 128 128
26702 00004000 128 128
26706 00000000 128 128
26738 00004000 128 128
26742 00000000 128 128
26774 00004000 128 128
26778 00000000 128 128
26810 00004000 128 128
26814 00000000 128 128
26886 00004000 128 128
26890 00000000 128 128
26922 00004000 128 128
26926 00000000 128 128
26958 00004000 128 128
26962 00000000 128 128
26994 00004000 128 128
26998 00000000 128 128
27070 00002000 128 128
27074 00000000 128 128
27206 00000010 128 128
27212 00000000 128 128
27244 00000010 128 128
27250 00000000 128 128
27282 00000040 128 128
27288 00000000 128 128
27320 00002000 128 128
27324 00000000 128 128
27396 00002000 128 128
27400 00000000 128 128
27432 00002000 128 128
27436 00000000 128 128
27468 00002000 128 128
27472 00000000 128 128
27504 00002000 128 128
27508 00000000 128 128
27540 00002000 128 128
27544 00000000 128 128
27576 00002000 128 128
27580 00000000 128 128
27612 00002000 128 128
27616 00000000 128 128
27648 00002000 128 128
27652 00000000 128 128
27684 00002000 128 128
27688 00000000 128 128
27720 00002000 128 128
27724 00000000 128 128
27756 00002000 128 128
27760 00000000 128 128
27792 00002000 128 128
27796 00000000 128 128
27888 00004000 128 128
27892 00000000 128 128
27924 00004000 128 128
27928 00000000 128 128
27960 00004000 128 128
27964 00000000 128 128
27996 00004000 128 128
28000 00000000 128 128
28072 00004000 128 128
28076 00000000 128 128
28108 00004000 128 128
28112 00000000 128 128
28144 00004000 128 128
28148 00000000 128 128
28180 00004000 128 128
28184 00000000 128 128
28256 00002000 128 128
28260 00000000 128 128
28392 00000010 128 128
28398 00000000 128 128
28430 00000010 128 128
28436 00000000 128 128
28468 00000040 128 128
28474 00000000 128 128
28506 00002000 128 128
28510 00000000 128 128
28582 00002000 128 128
28586 00000000 128 128
28618 00002000 128 128
28622 00000000 128 128
28654 00002000 128 128
28658 00000000 128 128
28690 00002000 128 128
28694 00000000 128 128
28726 00002000 128 128
28730 00000000 128 128
28762 00002000 128 128
28766 00000000 128 128
28798 00002000 128 128
28802 00000000 128 128
28834 00002000 128 128
28838 00000000 128 128
28870 00002000 128 128
28874 00000000 128 128
28906 00002000 128 128
28910 00000000 128 128
28942 00002000 128 128
28946 00000000 128 128
28978 00002000 128 128
28982 00000000 128 128
29074 00004000 128 128
29078 00000000 128 128
29110 00004000 128 128
29114 00000000 128 128
29146 00004000 128 128
29150 00000000 128 128
29182 00004000 128 128
29186 00000000 128 128
29258 00004000 128 128
29262 00000000 128 128
29294 00004000 128 128
29298 00000000 128 128
29330 00004000 128 128
29334 00000000 128 128
29366 00004000 128 128
29370 00000000 128 128
29442 00002000 128 128
29446 00000000 128 128
29578 00000010 128 128
29584 00000000 128 128
29616 00000010 128 128
29622 00000000 128 128
29654 00000040 128 128
29660 00000000 128 128
29692 00002000 128 128
29696 00000000 128 128
29768 00002000 128 128
29772 00000000 128 128
29804 00002000 128 128
29808 00000000 128 128
29840 00002000 128 128
29844 00000000 128 128
29876 00002000 128 128
29880 00000000 128 128
29912 00002000 128 128
29916 00000000 128 128
29948 00002000 128 128
29952 00000000 128 128
29984 00002000 128 128
29988 00000000 128 128
30020 00002000 128 128
30024 00000000 128 128
30056 00002000 128 128
30060 00000000 128 128
30092 00002000 128 128
30096 00000000 128 128
30128 00002000 128 128
30132 00000000 128 128
30164 00002000 128 128
30168 00000000 128 128
30260 00004000 128 128
30264 00000000 128 128
30296 00004000 128 128
30300 00000000 128 128
30332 00004000 128 128
30336 00000000 128 128
30368 00004000 128 128
30372 00000000 128 128
30444 00004000 128 128
30448 00000000 128 128
30480 00004000 128 128
30484 00000000 128 128
30516 00004000 128 128
30520 00000000 128 128
30552 00004000 128 128
30556 00000000 128 128
30628 00002000 128 128
30632 00000000 128 128
30764 00000010 128 128
30770 00000000 128 128
30802 00000010 128 128
30808 00000000 128 128
30840 00000040 128 128
30846 00000000 128 128
30878 00002000 128 128
30882 00000000 128 128
30954 00002000 128 128
30958 00000000 128 128
30990 00002000 128 128
30994 00000000 128 128
31026 00002000 128 128
31030 00000000 128 128
31062 00002000 128 128
31066 00000000 128 128
31098 00002000 128 128
31102 00000000 128 128
31134 00002000 128 128
31138 00000000 128 128
31170 00002000 128 128
31174 00000000 128 128
31206 00002000 128 128
31210 00000000 128 128
31242 00002000 128 128
31246 00000000 128 128
31278 00002000 128 128
31282 00000000 128 128
31314 00002000 128 128
31318 00000000 128 128
31350 00002000 128 128
31354 00000000 128 128
31446 00004000 128 128
31450 00000000 128 128
31482 00004000 128 128
31486 00000000 128 128
31518 00004000 128 128
31522 00000000 128 128
31554 00004000 128 128
31558 00000000 128 128
31630 00004000 128 128
31634 00000000 128 128
31666 00004000 128 128
31670 00000000 128 128
31702 00004000 128 128
31706 00000000 128 128
31738 00004000 128 128
31742 00000000 128 128
31814 00002000 128 128
31818 00000000 128 128
31950 00000010 128 128
31956 00000000 128 128
31988 00000010 128 128
31994 00000000 128 128
32026 00000040 128 128
32032 00000000 128 128
32064 00002000 128 128
32068 00000000 128 128
32140 00002000 128 128
32144 00000000 128 128
32176 00002000 128 128
32180 00000000 128 128
32212 00002000 128 128
32216 00000000 128 128
32248 00002000 128 128
32252 00000000 128 128
32284 00002000 128 128
32288 00000000 128 128
32320 00002000 128 128
32324 00000000 128 128
32356 00002000 128 128
32360 00000000 128 128
32392 00002000 128 128
32396 00000000 128 128
32428 00002000 128 128
32432 00000000 128 128
32464 00002000 128 128
32468 00000000 128 128
32500 00002000 128 128
32504 00000000 128 128
32536 00002000 128 128
32540 00000000 128 128
32752 00004000 128 128
32756 00000000 128 128
32788 00004000 128 128
32792 00000000 128 128
32824 00004000 128 128
32828 00000000 128 128
32860 00004000 128 128
32864 00000000 128 128
32896 00004000 128 128
32900 00000000 128 128
32932 00004000 128 128
32936 00000000 128 128
32968 00004000 128 128
32972 00000000 128 128
33004 00004000 128 128
33008 00000000 128 128
33040 00004000 128 128
33044 00000000 128 128
33076 00004000 128 128
33080 00000000 128 128
33112 00004000 128 128
33116 00000000 128 128
33148 00004000 128 128
33152 00000000 128 128
33184 00004000 128 128
33188 00000000 128 128
33220 00004000 128 128
33224 00000000 128 128
33256 00004000 128 128
33260 00000000 128 128
33292 00004000 128 128
33296 00000000 128 128
33328 00004000 128 128
33332 00000000 128 128
33364 00004000 128 128
33368 00000000 128 128
33400 00004000 128 128
33404 00000000 128 128
33436 00004000 128 128
33440 00000000 128 128
33472 00004000 128 128
33476 00000000 128 128
33508 00004000 128 128
33512 00000000 128 128
33544 00004000 128 128
33548 00000000 128 128
33580 00004000 128 128
33584 00000000 128 128
33616 00004000 128 128
33620 00000000 128 128
33652 00004000 128 128
33656 00000000 128 128
33688 00004000 128 128
33692 00000000 128 128
33724 00004000 128 128
33728 00000000 128 128
33760 00004000 128 128
33764 00000000 128 128
33796 00004000 128 128
33800 00000000 128 128
33832 00004000 128 128
33836 00000000 128 128
33868 00004000 128 128
33872 00000000 128 128
33904 00004000 128 128
33908 00000000 128 128
33940 00004000 128 128
33944 00000000 128 128
33976 00004000 128 128
33980 00000000 128 128
34012 00004000 128 128
34016 00000000 128 128
34048 00004000 128 128
34052 00000000 128 128
34084 00004000 128 128
34088 00000000 128 128
34120 00004000 128 128
34124 00000000 128 128
34156 00004000 128 128
34160 00000000 128 128
34192 00004000 128 128
34196 00000000 128 128
34228 00004000 128 128
34232 00000000 128 128
34264 00004000 128 128
34268 00000000 128 128
34300 00004000 128 128
34304 00000000 128 128
34336 00004000 128 128
34340 00000000 128 128
34372 00004000 128 128
34376 00000000 128 128
34408 00004000 128 128
34412 00000000 128 128
34444 00004000 128 128
34448 00000000 128 128
34480 00004000 128 128
34484 00000000 128 128
34516 00004000 128 128
34520 00000000 128 128
34552 00004000 128 128
34556 00000000 128 128
34588 00004000 128 128
34592 00000000 128 128
34624 00004000 128 128
34628 00000000 128 128
34660 00004000 128 128
34664 00000000 128 128
34696 00004000 128 128
34700 00000000 128 128
34732 00004000 128 128
34736 00000000 128 128
34768 00004000 128 128
34772 00000000 128 128
34804 00004000 128 128
34808 00000000 128 128
34840 00004000 128 128
34844 00000000 128 128
34876 00004000 128 128
34880 00000000 128 128
34972 00001000 128 128
34976 00000000 128 128
35078 00000010 128 128
35084 00000000 128 128
35106 00000010 128 128
35112 00000000 128 128
35134 00000010 128 128
35140 00000000 128 128
35162 00000020 128 128
35168 00000000 128 128
35200 00002000 128 128
35204 00000000 128 128
35616 00002000 128 128
35620 00000000 128 128
35832 00002000 128 128
35836 00000000 128 128
36048 00002000 128 128
36052 00000000 128 128
36264 00002000 128 128
36268 00000000 128 128
36480 00002000 128 128
36484 00000000 128 128
36756 00000000 128 128
