0 00000000 128 128
150 00000008 128 128
152 00000000 128 128
300 00000008 128 128
302 00000000 128 128
450 00002000 128 128
452 00000000 128 128
700 00000040 128 128
780 00000000 128 128
872 00000040 128 128
896 00000000 128 128
928 00004000 128 128
932 00000000 128 128
964 00004000 128 128
968 00000000 128 128
1000 00004000 128 128
1004 00000000 128 128
1036 00004000 128 128
1040 00000000 128 128
1072 00004000 128 128
1076 00000000 128 128
1108 00004000 128 128
1112 00000000 128 128
1144 00004000 128 128
1148 00000000 128 128
1180 00004000 128 128
1184 00000000 128 128
1216 00004000 128 128
1220 00000000 128 128
1252 00004000 128 128
1256 00000000 128 128
1318 00000080 128 128
1534 00000000 128 128
1566 00004000 128 128
1570 00000000 128 128
1602 00004000 128 128
1606 00000000 128 128
1638 00004000 128 128
1642 00000000 128 128
1674 00004000 128 128
1678 00000000 128 128
1710 00004000 128 128
1714 00000000 128 128
1746 00004000 128 128
1750 00000000 128 128
1782 00004000 128 128
1786 00000000 128 128
1818 00004000 128 128
1822 00000000 128 128
1854 00004000 128 128
1858 00000000 128 128
1890 00004000 128 128
1894 00000000 128 128
1956 00000040 128 128
2052 00000000 128 128
2054 00000080 128 128
2118 00000000 128 128
2120 00000040 128 128
2152 00000000 128 128
2154 00000080 128 128
2250 00000000 128 128
2252 00000010 128 128
2268 00000000 128 128
2270 00000080 128 128
2502 00000000 128 128
2504 00000010 128 128
2552 00000000 128 128
2554 00000080 128 128
2722 00000000 128 128
2724 00000010 128 128
2772 00000000 128 128
2774 00000080 128 128
2870 00000000 128 128
2932 00000000 128 128
