0 00000000 128 128
150 00000008 128 128
152 00000000 128 128
300 00000008 128 128
302 00000000 128 128
450 00002000 128 128
452 00000000 128 128
2200 00004000 128 128
2204 00000000 128 128
2236 00004000 128 128
2240 00000000 128 128
2272 00004000 128 128
2276 00000000 128 128
2308 00004000 128 128
2312 00000000 128 128
2344 00004000 128 128
2348 00000000 128 128
2380 00004000 128 128
2384 00000000 128 128
2616 00000010 128 128
2624 00000000 128 128
3826 00001000 128 128
3830 00000000 128 128
3992 00000040 128 128
3998 00000000 128 128
4060 00000040 128 128
4066 00000000 128 128
4128 00002000 128 128
4132 00000000 128 128
5044 00000200 128 128
5048 00000000 128 128
5120 00000080 128 128
5157 00000000 128 128
5159 00000010 128 128
5186 00000000 128 128
5218 00004000 128 128
5222 00000000 128 128
5834 00000200 128 128
5838 00000000 128 128
6510 00000000 128 128
