0 00000000 128 128
150 00000008 128 128
152 00000000 128 128
300 00000008 128 128
302 00000000 128 128
450 00002000 128 128
452 00000000 128 128
1000 00000020 128 128
1026 00000000 128 128
1086 00000010 128 128
1126 00000000 128 128
1546 00000010 128 128
1626 00000000 128 128
1666 00000080 128 128
1684 00000000 128 128
1724 00000010 128 128
1748 00000000 128 128
1788 00002000 128 128
1792 00000000 128 128
1862 00002000 128 128
1866 00000000 128 128
1936 00002000 128 128
1940 00000000 128 128
2010 00002000 128 128
2014 00000000 128 128
2084 00002000 128 128
2088 00000000 128 128
2158 00002000 128 128
2162 00000000 128 128
2232 00002000 128 128
2236 00000000 128 128
2306 00002000 128 128
2310 00000000 128 128
2380 00002000 128 128
2384 00000000 128 128
2454 00002000 128 128
2458 00000000 128 128
2528 00002000 128 128
2532 00000000 128 128
2602 00002000 128 128
2606 00000000 128 128
2676 00002000 128 128
2680 00000000 128 128
2750 00002000 128 128
2754 00000000 128 128
2824 00000000 128 128
