0 00000000 128 128
150 00000008 128 128
152 00000000 128 128
300 00000008 128 128
302 00000000 128 128
450 00002000 128 128
452 00000000 128 128
2200 00004000 128 128
2204 00000000 128 128
2236 00004000 128 128
2240 00000000 128 128
2272 00004000 128 128
2276 00000000 128 128
2308 00004000 128 128
2312 00000000 128 128
2344 00004000 128 128
2348 00000000 128 128
2380 00004000 128 128
2384 00000000 128 128
2616 00000040 128 128
2624 00000000 128 128
2686 00000010 128 128
2694 00000000 128 128
2756 00000010 128 128
2764 00000000 128 128
2826 00000010 128 128
2834 00000000 128 128
2896 00000010 128 128
2904 00000000 128 128
3306 00002000 128 128
3310 00000000 128 128
4022 00002000 128 128
4026 00000000 128 128
4938 00002000 128 128
4942 00000000 128 128
5654 00002000 128 128
5658 00000000 128 128
7670 00002000 128 128
7674 00000000 128 128
8586 00004000 128 128
8590 00000000 128 128
9202 00004000 128 128
9206 00000000 128 128
9818 00000000 128 128
