0 00000000 128 128
150 00000008 128 128
152 00000000 128 128
300 00000008 128 128
302 00000000 128 128
450 00002000 128 128
452 00000000 128 128
760 00000020 128 128
808 00000000 128 128
830 00000080 128 128
870 00000000 128 128
892 00000020 128 128
940 00000000 128 128
962 00000080 128 128
1002 00000000 128 128
1024 00000020 128 128
1072 00000000 128 128
1094 00000080 128 128
1134 00000000 128 128
1156 00000020 128 128
1204 00000000 128 128
1226 00000080 128 128
1266 00000000 128 128
1288 00000020 128 128
1336 00000000 128 128
1358 00000080 128 128
1398 00000000 128 128
1420 00000020 128 128
1468 00000000 128 128
1490 00000080 128 128
1530 00000000 128 128
1552 00000020 128 128
1600 00000000 128 128
1622 00000080 128 128
1662 00000000 128 128
1684 00000020 128 128
1732 00000000 128 128
1754 00000080 128 128
1794 00000000 128 128
1816 00000020 128 128
1864 00000000 128 128
1886 00000080 128 128
1926 00000000 128 128
1948 00000020 128 128
1996 00000000 128 128
2018 00000080 128 128
2058 00000000 128 128
2080 00000020 128 128
2128 00000000 128 128
2150 00000080 128 128
2190 00000000 128 128
2212 00000020 128 128
2260 00000000 128 128
2282 00000080 128 128
2322 00000000 128 128
2344 00000020 128 128
2392 00000000 128 128
2414 00000080 128 128
2454 00000000 128 128
2476 00000020 128 128
2524 00000000 128 128
2546 00000080 128 128
2586 00000000 128 128
2608 00000020 128 128
2656 00000000 128 128
2678 00000080 128 128
2718 00000000 128 128
2740 00000020 128 128
2788 00000000 128 128
2810 00000080 128 128
2850 00000000 128 128
2872 00000020 128 128
2920 00000000 128 128
2942 00000080 128 128
2982 00000000 128 128
3004 00000020 128 128
3052 00000000 128 128
3074 00000080 128 128
3114 00000000 128 128
3136 00000020 128 128
3184 00000000 128 128
3206 00000080 128 128
3246 00000000 128 128
3268 00000020 128 128
3316 00000000 128 128
3338 00000080 128 128
3378 00000000 128 128
3400 00000020 128 128
3448 00000000 128 128
3470 00000080 128 128
3510 00000000 128 128
3532 00000020 128 128
3580 00000000 128 128
3602 00000080 128 128
3642 00000000 128 128
3664 00000020 128 128
3712 00000000 128 128
3734 00000080 128 128
3774 00000000 128 128
3796 00000020 128 128
3844 00000000 128 128
3866 00000080 128 128
3906 00000000 128 128
3928 00000020 128 128
3976 00000000 128 128
3998 00000080 128 128
4038 00000000 128 128
4960 00004000 128 128
4964 00000000 128 128
4996 00004000 128 128
5000 00000000 128 128
5032 00004000 128 128
5036 00000000 128 128
5068 00004000 128 128
5072 00000000 128 128
5104 00004000 128 128
5108 00000000 128 128
5140 00004000 128 128
5144 00000000 128 128
5176 00004000 128 128
5180 00000000 128 128
5212 00004000 128 128
5216 00000000 128 128
5248 00004000 128 128
5252 00000000 128 128
5284 00004000 128 128
5288 00000000 128 128
5320 00004000 128 128
5324 00000000 128 128
5356 00004000 128 128
5360 00000000 128 128
5692 00000040 128 128
5698 00000000 128 128
5740 00002000 128 128
5744 00000000 128 128
6656 00004000 128 128
6660 00000000 128 128
6692 00004000 128 128
6696 00000000 128 128
6728 00004000 128 128
6732 00000000 128 128
6764 00004000 128 128
6768 00000000 128 128
6800 00004000 128 128
6804 00000000 128 128
6836 00004000 128 128
6840 00000000 128 128
6872 00004000 128 128
6876 00000000 128 128
6908 00004000 128 128
6912 00000000 128 128
6944 00004000 128 128
6948 00000000 128 128
6980 00004000 128 128
6984 00000000 128 128
7416 00000020 128 128
7464 00000000 128 128
7486 00000080 128 128
7526 00000000 128 128
7548 00000020 128 128
7596 00000000 128 128
7618 00000080 128 128
7658 00000000 128 128
7680 00000020 128 128
7728 00000000 128 128
7750 00000080 128 128
7790 00000000 128 128
7812 00000020 128 128
7860 00000000 128 128
7882 00000080 128 128
7922 00000000 128 128
7944 00000020 128 128
7992 00000000 128 128
8014 00000080 128 128
8054 00000000 128 128
8076 00000020 128 128
8124 00000000 128 128
8146 00000080 128 128
8186 00000000 128 128
8208 00000020 128 128
8256 00000000 128 128
8278 00000080 128 128
8318 00000000 128 128
8340 00000020 128 128
8388 00000000 128 128
8410 00000080 128 128
8450 00000000 128 128
8472 00000020 128 128
8520 00000000 128 128
8542 00000080 128 128
8582 00000000 128 128
8604 00000020 128 128
8652 00000000 128 128
8674 00000080 128 128
8714 00000000 128 128
8736 00000020 128 128
8784 00000000 128 128
8806 00000080 128 128
8846 00000000 128 128
8868 00000020 128 128
8916 00000000 128 128
8938 00000080 128 128
8978 00000000 128 128
9000 00000020 128 128
9048 00000000 128 128
9070 00000080 128 128
9110 00000000 128 128
9132 00000020 128 128
9180 00000000 128 128
9202 00000080 128 128
9242 00000000 128 128
9264 00000020 128 128
9312 00000000 128 128
9334 00000080 128 128
9374 00000000 128 128
9396 00000020 128 128
9444 00000000 128 128
9466 00000080 128 128
9506 00000000 128 128
9528 00000020 128 128
9576 00000000 128 128
9598 00000080 128 128
9638 00000000 128 128
9660 00000020 128 128
9708 00000000 128 128
9730 00000080 128 128
9770 00000000 128 128
9792 00000020 128 128
9840 00000000 128 128
9862 00000080 128 128
9902 00000000 128 128
9924 00000020 128 128
9972 00000000 128 128
9994 00000080 128 128
10034 00000000 128 128
10056 00000020 128 128
10104 00000000 128 128
10126 00000080 128 128
10166 00000000 128 128
10188 00000020 128 128
10236 00000000 128 128
10258 00000080 128 128
10298 00000000 128 128
10320 00000020 128 128
10368 00000000 128 128
10390 00000080 128 128
10430 00000000 128 128
10452 00000020 128 128
10500 00000000 128 128
10522 00000080 128 128
10562 00000000 128 128
10584 00000020 128 128
10632 00000000 128 128
10654 00000080 128 128
10694 00000000 128 128
11616 00004000 128 128
11620 00000000 128 128
11652 00004000 128 128
11656 00000000 128 128
11688 00004000 128 128
11692 00000000 128 128
11724 00004000 128 128
11728 00000000 128 128
11760 00004000 128 128
11764 00000000 128 128
11796 00004000 128 128
11800 00000000 128 128
11832 00004000 128 128
11836 00000000 128 128
11868 00004000 128 128
11872 00000000 128 128
11904 00004000 128 128
11908 00000000 128 128
11940 00004000 128 128
11944 00000000 128 128
11976 00004000 128 128
11980 00000000 128 128
12012 00004000 128 128
12016 00000000 128 128
12348 00000040 128 128
12354 00000000 128 128
12396 00002000 128 128
12400 00000000 128 128
13312 00004000 128 128
13316 00000000 128 128
13348 00004000 128 128
13352 00000000 128 128
13384 00004000 128 128
13388 00000000 128 128
13420 00004000 128 128
13424 00000000 128 128
13456 00004000 128 128
13460 00000000 128 128
13492 00004000 128 128
13496 00000000 128 128
13528 00004000 128 128
13532 00000000 128 128
13564 00004000 128 128
13568 00000000 128 128
13600 00004000 128 128
13604 00000000 128 128
13636 00004000 128 128
13640 00000000 128 128
14072 00000020 128 128
14120 00000000 128 128
14142 00000080 128 128
14182 00000000 128 128
14204 00000020 128 128
14252 00000000 128 128
14274 00000080 128 128
14314 00000000 128 128
14336 00000020 128 128
14384 00000000 128 128
14406 00000080 128 128
14446 00000000 128 128
14468 00000020 128 128
14516 00000000 128 128
14538 00000080 128 128
14578 00000000 128 128
14600 00000020 128 128
14648 00000000 128 128
14670 00000080 128 128
14710 00000000 128 128
14732 00000020 128 128
14780 00000000 128 128
14802 00000080 128 128
14842 00000000 128 128
14864 00000020 128 128
14912 00000000 128 128
14934 00000080 128 128
14974 00000000 128 128
14996 00000020 128 128
15044 00000000 128 128
15066 00000080 128 128
15106 00000000 128 128
15128 00000020 128 128
15176 00000000 128 128
15198 00000080 128 128
15238 00000000 128 128
15260 00000020 128 128
15308 00000000 128 128
15330 00000080 128 128
15370 00000000 128 128
15392 00000020 128 128
15440 00000000 128 128
15462 00000080 128 128
15502 00000000 128 128
15524 00000020 128 128
15572 00000000 128 128
15594 00000080 128 128
15634 00000000 128 128
15656 00000020 128 128
15704 00000000 128 128
15726 00000080 128 128
15766 00000000 128 128
15788 00000020 128 128
15836 00000000 128 128
15858 00000080 128 128
15898 00000000 128 128
15920 00000020 128 128
15968 00000000 128 128
15990 00000080 128 128
16030 00000000 128 128
16052 00000020 128 128
16100 00000000 128 128
16122 00000080 128 128
16162 00000000 128 128
16184 00000020 128 128
16232 00000000 128 128
16254 00000080 128 128
16294 00000000 128 128
16316 00000020 128 128
16364 00000000 128 128
16386 00000080 128 128
16426 00000000 128 128
16448 00000020 128 128
16496 00000000 128 128
16518 00000080 128 128
16558 00000000 128 128
16580 00000020 128 128
16628 00000000 128 128
16650 00000080 128 128
16690 00000000 128 128
16712 00000020 128 128
16760 00000000 128 128
16782 00000080 128 128
16822 00000000 128 128
16844 00000020 128 128
16892 00000000 128 128
16914 00000080 128 128
16954 00000000 128 128
16976 00000020 128 128
17024 00000000 128 128
17046 00000080 128 128
17086 00000000 128 128
17108 00000020 128 128
17156 00000000 128 128
17178 00000080 128 128
17218 00000000 128 128
17240 00000020 128 128
17288 00000000 128 128
17310 00000080 128 128
17350 00000000 128 128
18272 00004000 128 128
18276 00000000 128 128
18308 00004000 128 128
18312 00000000 128 128
18344 00004000 128 128
18348 00000000 128 128
18380 00004000 128 128
18384 00000000 128 128
18416 00004000 128 128
18420 00000000 128 128
18452 00004000 128 128
18456 00000000 128 128
18488 00004000 128 128
18492 00000000 128 128
18524 00004000 128 128
18528 00000000 128 128
18560 00004000 128 128
18564 00000000 128 128
18596 00004000 128 128
18600 00000000 128 128
18632 00004000 128 128
18636 00000000 128 128
18668 00004000 128 128
18672 00000000 128 128
19004 00000000 128 128
