0 00000000 128 128
150 00000008 128 128
152 00000000 128 128
300 00000008 128 128
302 00000000 128 128
450 00002000 128 128
452 00000000 128 128
700 00000080 128 128
708 00000000 128 128
710 00000040 128 128
734 00000000 128 128
736 00000080 128 128
752 00000000 128 128
754 00000040 128 128
762 00000000 128 128
764 00000080 128 128
788 00000000 128 128
790 00000010 128 128
798 00000000 128 128
800 00000080 128 128
856 00000000 128 128
858 00000040 128 128
874 00000000 128 128
876 00000010 128 128
884 00000000 128 128
1066 00001000 128 128
1070 00000000 128 128
1172 00000010 128 128
1178 00000000 128 128
1200 00000010 128 128
1206 00000000 128 128
1228 00000010 128 128
1234 00000000 128 128
1256 00000020 128 128
1262 00000000 128 128
1294 00002000 128 128
1298 00000000 128 128
1710 00002000 128 128
1714 00000000 128 128
1926 00002000 128 128
1930 00000000 128 128
2142 00002000 128 128
2146 00000000 128 128
2358 00002000 128 128
2362 00000000 128 128
2574 00002000 128 128
2578 00000000 128 128
2850 00000000 128 128
