0 00000000 128 128
150 00000008 128 128
152 00000000 128 128
300 00000008 128 128
302 00000000 128 128
450 00002000 128 128
452 00000000 128 128
2200 00004000 128 128
2204 00000000 128 128
2236 00004000 128 128
2240 00000000 128 128
2272 00004000 128 128
2276 00000000 128 128
2308 00004000 128 128
2312 00000000 128 128
2344 00004000 128 128
2348 00000000 128 128
2380 00004000 128 128
2384 00000000 128 128
3516 00000080 128 128
3524 00000000 128 128
3826 00000080 128 128
3834 00000000 128 128
4136 00000080 128 128
4144 00000000 128 128
5646 00002000 128 128
5650 00000000 128 128
6562 00002000 128 128
6566 00000000 128 128
7478 00002000 128 128
7482 00000000 128 128
8394 00002000 128 128
8398 00000000 128 128
8430 00002000 128 128
8434 00000000 128 128
8466 00002000 128 128
8470 00000000 128 128
8502 00002000 128 128
8506 00000000 128 128
8538 00002000 128 128
8542 00000000 128 128
8574 00002000 128 128
8578 00000000 128 128
8610 00002000 128 128
8614 00000000 128 128
8646 00002000 128 128
8650 00000000 128 128
8682 00002000 128 128
8686 00000000 128 128
8718 00002000 128 128
8722 00000000 128 128
8754 00002000 128 128
8758 00000000 128 128
8790 00002000 128 128
8794 00000000 128 128
8826 00002000 128 128
8830 00000000 128 128
8862 00002000 128 128
8866 00000000 128 128
8898 00002000 128 128
8902 00000000 128 128
8934 00002000 128 128
8938 00000000 128 128
8970 00002000 128 128
8974 00000000 128 128
9006 00002000 128 128
9010 00000000 128 128
9042 00002000 128 128
9046 00000000 128 128
9078 00002000 128 128
9082 00000000 128 128
11614 00000000 128 128
