0 00000000 128 128
150 00000008 128 128
152 00000000 128 128
300 00000008 128 128
302 00000000 128 128
450 00002000 128 128
452 00000000 128 128
1000 00000010 128 128
1016 00000000 128 128
1076 00002000 128 128
1080 00000000 128 128
1130 00002000 128 128
1134 00000000 128 128
1184 00002000 128 128
1188 00000000 128 128
1238 00002000 128 128
1242 00000000 128 128
1292 00002000 128 128
1296 00000000 128 128
1346 00002000 128 128
1350 00000000 128 128
1400 00002000 128 128
1404 00000000 128 128
1454 00002000 128 128
1458 00000000 128 128
1508 00002000 128 128
1512 00000000 128 128
1562 00002000 128 128
1566 00000000 128 128
1616 00002000 128 128
1620 00000000 128 128
1670 00002000 128 128
1674 00000000 128 128
1724 00002000 128 128
1728 00000000 128 128
1778 00002000 128 128
1782 00000000 128 128
1832 00002000 128 128
1836 00000000 128 128
1886 00002000 128 128
1890 00000000 128 128
1940 00002000 128 128
1944 00000000 128 128
1994 00002000 128 128
1998 00000000 128 128
2048 00002000 128 128
2052 00000000 128 128
2102 00002000 128 128
2106 00000000 128 128
2156 00002000 128 128
2160 00000000 128 128
2210 00002000 128 128
2214 00000000 128 128
2264 00002000 128 128
2268 00000000 128 128
2318 00002000 128 128
2322 00000000 128 128
2372 00002000 128 128
2376 00000000 128 128
2426 00002000 128 128
2430 00000000 128 128
2480 00002000 128 128
2484 00000000 128 128
2534 00002000 128 128
2538 00000000 128 128
2588 00002000 128 128
2592 00000000 128 128
2642 00002000 128 128
2646 00000000 128 128
2696 00002000 128 128
2700 00000000 128 128
2750 00002000 128 128
2754 00000000 128 128
2804 00002000 128 128
2808 00000000 128 128
2858 00002000 128 128
2862 00000000 128 128
2912 00002000 128 128
2916 00000000 128 128
2966 00002000 128 128
2970 00000000 128 128
3020 00002000 128 128
3024 00000000 128 128
3074 00002000 128 128
3078 00000000 128 128
3128 00002000 128 128
3132 00000000 128 128
3182 00002000 128 128
3186 00000000 128 128
3236 00002000 128 128
3240 00000000 128 128
3290 00002000 128 128
3294 00000000 128 128
3344 00002000 128 128
3348 00000000 128 128
3398 00002000 128 128
3402 00000000 128 128
3452 00000000 128 128
