0 00000000 128 128
150 00000008 128 128
152 00000000 128 128
300 00000008 128 128
302 00000000 128 128
450 00002000 128 128
452 00000000 128 128
700 00000080 128 128
772 00000000 128 128
774 00000010 128 128
814 00000000 128 128
816 00000080 128 128
896 00000000 128 128
898 00000040 128 128
914 00000000 128 128
916 00000080 128 128
980 00000000 128 128
982 00000010 128 128
1882 00000000 128 128
1884 00000020 128 128
2184 00000000 128 128
2186 00000010 128 128
3086 00000000 128 128
3118 00004000 128 128
3122 00000000 128 128
3154 00004000 128 128
3158 00000000 128 128
3190 00004000 128 128
3194 00000000 128 128
3226 00004000 128 128
3230 00000000 128 128
3262 00004000 128 128
3266 00000000 128 128
3298 00004000 128 128
3302 00000000 128 128
3334 00004000 128 128
3338 00000000 128 128
3370 00004000 128 128
3374 00000000 128 128
3406 00004000 128 128
3410 00000000 128 128
3442 00004000 128 128
3446 00000000 128 128
3508 00000040 128 128
3524 00000000 128 128
3526 00000080 128 128
4426 00000000 128 128
4428 00000010 128 128
5328 00000000 128 128
5630 00004000 128 128
5634 00000000 128 128
5666 00004000 128 128
5670 00000000 128 128
5702 00004000 128 128
5706 00000000 128 128
5738 00004000 128 128
5742 00000000 128 128
5774 00004000 128 128
5778 00000000 128 128
5810 00004000 128 128
5814 00000000 128 128
5846 00004000 128 128
5850 00000000 128 128
5882 00004000 128 128
5886 00000000 128 128
5918 00004000 128 128
5922 00000000 128 128
5954 00004000 128 128
5958 00000000 128 128
5990 00004000 128 128
5994 00000000 128 128
6026 00004000 128 128
6030 00000000 128 128
6062 00004000 128 128
6066 00000000 128 128
6098 00004000 128 128
6102 00000000 128 128
6134 00004000 128 128
6138 00000000 128 128
6170 00004000 128 128
6174 00000000 128 128
6206 00004000 128 128
6210 00000000 128 128
6242 00004000 128 128
6246 00000000 128 128
6278 00004000 128 128
6282 00000000 128 128
6314 00004000 128 128
6318 00000000 128 128
6410 00000000 128 128
