0 00000000 128 128
150 00000008 128 128
152 00000000 128 128
300 00000008 128 128
302 00000000 128 128
450 00002000 128 128
452 00000000 128 128
2200 00004000 128 128
2204 00000000 128 128
2236 00004000 128 128
2240 00000000 128 128
2272 00004000 128 128
2276 00000000 128 128
2308 00004000 128 128
2312 00000000 128 128
2344 00004000 128 128
2348 00000000 128 128
2380 00004000 128 128
2384 00000000 128 128
2616 00000040 128 128
2624 00000000 128 128
2686 00000010 128 128
2694 00000000 128 128
2756 00000010 128 128
2764 00000000 128 128
3166 00002000 128 128
3170 00000000 128 128
3782 00002000 128 128
3786 00000000 128 128
4198 00002000 128 128
4202 00000000 128 128
5714 00002000 128 128
5718 00000000 128 128
5750 00002000 128 128
5754 00000000 128 128
5786 00002000 128 128
5790 00000000 128 128
5822 00002000 128 128
5826 00000000 128 128
5858 00002000 128 128
5862 00000000 128 128
5894 00002000 128 128
5898 00000000 128 128
5930 00002000 128 128
5934 00000000 128 128
5966 00002000 128 128
5970 00000000 128 128
6002 00002000 128 128
6006 00000000 128 128
6038 00002000 128 128
6042 00000000 128 128
6974 00000000 128 128
