0 00000000 128 128
150 00000008 128 128
152 00000000 128 128
300 00000008 128 128
302 00000000 128 128
450 00002000 128 128
452 00000000 128 128
700 00000080 128 128
740 00000000 128 128
742 00000010 128 128
782 00000000 128 128
784 00000010 128 128
800 00000000 128 128
922 00000020 128 128
954 00000000 128 128
956 00000040 128 128
1856 00000000 128 128
1888 00000080 128 128
2788 00000000 128 128
2820 00001000 128 128
2824 00000000 128 128
2926 00000010 128 128
2932 00000000 128 128
2954 00000010 128 128
2960 00000000 128 128
2982 00000010 128 128
2988 00000000 128 128
3010 00000020 128 128
3016 00000000 128 128
3048 00002000 128 128
3052 00000000 128 128
3464 00002000 128 128
3468 00000000 128 128
3680 00002000 128 128
3684 00000000 128 128
3896 00002000 128 128
3900 00000000 128 128
4112 00002000 128 128
4116 00000000 128 128
4328 00002000 128 128
4332 00000000 128 128
4604 00000000 128 128
