0 00000000 128 128
150 00000008 128 128
152 00000000 128 128
300 00000008 128 128
302 00000000 128 128
450 00002000 128 128
452 00000000 128 128
700 00000020 128 128
1600 00000000 128 128
1602 00000040 128 128
1650 00000000 128 128
1652 00000020 128 128
2552 00000000 128 128
2554 00000040 128 128
3454 00000000 128 128
3456 00000020 128 128
4356 00000000 128 128
4358 00000040 128 128
5258 00000000 128 128
5260 00000020 128 128
6160 00000000 128 128
6162 00000010 128 128
7062 00000000 128 128
7064 00000020 128 128
7964 00000000 128 128
7966 00000010 128 128
8866 00000000 128 128
8868 00000020 128 128
9768 00000000 128 128
9770 00000080 128 128
9834 00000000 128 128
9836 00000010 128 128
9860 00000000 128 128
9922 00004000 128 128
9926 00000000 128 128
9958 00004000 128 128
9962 00000000 128 128
9994 00004000 128 128
9998 00000000 128 128
10030 00004000 128 128
10034 00000000 128 128
10066 00004000 128 128
10070 00000000 128 128
10102 00004000 128 128
10106 00000000 128 128
10138 00004000 128 128
10142 00000000 128 128
10174 00004000 128 128
10178 00000000 128 128
10210 00004000 128 128
10214 00000000 128 128
10246 00004000 128 128
10250 00000000 128 128
10282 00004000 128 128
10286 00000000 128 128
10318 00004000 128 128
10322 00000000 128 128
10354 00004000 128 128
10358 00000000 128 128
10390 00004000 128 128
10394 00000000 128 128
10426 00004000 128 128
10430 00000000 128 128
10462 00004000 128 128
10466 00000000 128 128
10498 00004000 128 128
10502 00000000 128 128
10534 00004000 128 128
10538 00000000 128 128
10570 00004000 128 128
10574 00000000 128 128
10606 00004000 128 128
10610 00000000 128 128
10642 00004000 128 128
10646 00000000 128 128
10678 00004000 128 128
10682 00000000 128 128
10714 00004000 128 128
10718 00000000 128 128
10750 00004000 128 128
10754 00000000 128 128
10786 00004000 128 128
10790 00000000 128 128
10822 00004000 128 128
10826 00000000 128 128
10858 00004000 128 128
10862 00000000 128 128
10894 00004000 128 128
10898 00000000 128 128
10930 00004000 128 128
10934 00000000 128 128
10966 00004000 128 128
10970 00000000 128 128
11002 00004000 128 128
11006 00000000 128 128
11038 00004000 128 128
11042 00000000 128 128
11074 00004000 128 128
11078 00000000 128 128
11110 00004000 128 128
11114 00000000 128 128
11146 00004000 128 128
11150 00000000 128 128
11182 00004000 128 128
11186 00000000 128 128
11218 00004000 128 128
11222 00000000 128 128
11254 00004000 128 128
11258 00000000 128 128
11290 00004000 128 128
11294 00000000 128 128
11326 00004000 128 128
11330 00000000 128 128
11362 00004000 128 128
11366 00000000 128 128
11398 00004000 128 128
11402 00000000 128 128
11434 00004000 128 128
11438 00000000 128 128
11470 00004000 128 128
11474 00000000 128 128
11506 00004000 128 128
11510 00000000 128 128
11542 00004000 128 128
11546 00000000 128 128
11578 00004000 128 128
11582 00000000 128 128
11614 00004000 128 128
11618 00000000 128 128
11650 00004000 128 128
11654 00000000 128 128
11686 00004000 128 128
11690 00000000 128 128
11722 00004000 128 128
11726 00000000 128 128
11758 00004000 128 128
11762 00000000 128 128
11794 00004000 128 128
11798 00000000 128 128
11830 00004000 128 128
11834 00000000 128 128
11866 00004000 128 128
11870 00000000 128 128
11902 00004000 128 128
11906 00000000 128 128
11938 00004000 128 128
11942 00000000 128 128
11974 00004000 128 128
11978 00000000 128 128
12010 00004000 128 128
12014 00000000 128 128
12046 00004000 128 128
12050 00000000 128 128
12202 00000000 128 128
