0 00000000 128 128
150 00000008 128 128
152 00000000 128 128
300 00000008 128 128
302 00000000 128 128
450 00002000 128 128
452 00000000 128 128
600 00000040 128 128
820 00000000 128 128
900 00000080 128 128
1050 00002000 128 128
1054 00000000 128 128
1074 00000010 128 128
1224 00002000 128 128
1228 00000000 128 128
1248 00000020 128 128
1488 00002000 128 128
1492 00000000 128 128
1512 00000080 128 128
1662 00002000 128 128
1666 00000000 128 128
1686 00000040 128 128
1886 00002000 128 128
1890 00000000 128 128
1910 00000020 128 128
2110 00002000 128 128
2114 00000000 128 128
2134 00000010 128 128
2254 00002000 128 128
2258 00000000 128 128
2278 00000040 128 128
2478 00002000 128 128
2482 00000000 128 128
2502 00000000 128 128
