0 00000000 128 128
150 00000008 128 128
152 00000000 128 128
300 00000008 128 128
302 00000000 128 128
450 00002000 128 128
452 00000000 128 128
1200 00000040 128 128
1208 00000000 128 128
1300 00000020 128 128
1380 00000000 128 128
1500 00000010 128 128
1508 00000000 128 128
1700 00002000 128 128
1704 00000000 128 128
1734 00002000 128 128
1738 00000000 128 128
1768 00002000 128 128
1772 00000000 128 128
1802 00002000 128 128
1806 00000000 128 128
1836 00002000 128 128
1840 00000000 128 128
1870 00002000 128 128
1874 00000000 128 128
1904 00002000 128 128
1908 00000000 128 128
1938 00002000 128 128
1942 00000000 128 128
1972 00002000 128 128
1976 00000000 128 128
2006 00002000 128 128
2010 00000000 128 128
2040 00002000 128 128
2044 00000000 128 128
2074 00002000 128 128
2078 00000000 128 128
2108 00002000 128 128
2112 00000000 128 128
2142 00002000 128 128
2146 00000000 128 128
2176 00002000 128 128
2180 00000000 128 128
2210 00002000 128 128
2214 00000000 128 128
2244 00002000 128 128
2248 00000000 128 128
2278 00002000 128 128
2282 00000000 128 128
2312 00002000 128 128
2316 00000000 128 128
2346 00002000 128 128
2350 00000000 128 128
2380 00002000 128 128
2384 00000000 128 128
2414 00002000 128 128
2418 00000000 128 128
2448 00002000 128 128
2452 00000000 128 128
2482 00002000 128 128
2486 00000000 128 128
2516 00002000 128 128
2520 00000000 128 128
2550 00002000 128 128
2554 00000000 128 128
2584 00002000 128 128
2588 00000000 128 128
2618 00002000 128 128
2622 00000000 128 128
2652 00002000 128 128
2656 00000000 128 128
2686 00002000 128 128
2690 00000000 128 128
2720 00002000 128 128
2724 00000000 128 128
2754 00002000 128 128
2758 00000000 128 128
2788 00002000 128 128
2792 00000000 128 128
2822 00002000 128 128
2826 00000000 128 128
2856 00002000 128 128
2860 00000000 128 128
2890 00002000 128 128
2894 00000000 128 128
2924 00002000 128 128
2928 00000000 128 128
2958 00002000 128 128
2962 00000000 128 128
2992 00002000 128 128
2996 00000000 128 128
3026 00002000 128 128
3030 00000000 128 128
3060 00000000 128 128
