0 00000000 128 128
150 00000008 128 128
152 00000000 128 128
300 00000008 128 128
302 00000000 128 128
450 00002000 128 128
452 00000000 128 128
1200 00000010 128 128
1208 00000000 128 128
1222 00000020 128 128
1302 00000000 128 128
1316 00000010 128 128
1376 00000000 128 128
1390 00000010 128 128
1424 00000000 128 128
1438 00000040 128 128
1472 00000000 128 128
1486 00000080 128 128
1494 00000000 128 128
1508 00000010 128 128
1542 00000000 128 128
1556 00000040 128 128
1590 00000000 128 128
1604 00000080 128 128
1612 00000000 128 128
1626 00000010 128 128
1660 00000000 128 128
1674 00000040 128 128
1708 00000000 128 128
1722 00000080 128 128
1730 00000000 128 128
1744 00000010 128 128
1778 00000000 128 128
1792 00000040 128 128
1826 00000000 128 128
1840 00000080 128 128
1848 00000000 128 128
1862 00000010 128 128
1896 00000000 128 128
1910 00000040 128 128
1944 00000000 128 128
1958 00000080 128 128
1966 00000000 128 128
1980 00000010 128 128
2014 00000000 128 128
2028 00000040 128 128
2062 00000000 128 128
2076 00000080 128 128
2084 00000000 128 128
2098 00000010 128 128
2132 00000000 128 128
2146 00000040 128 128
2180 00000000 128 128
2194 00000080 128 128
2202 00000000 128 128
2216 00000010 128 128
2250 00000000 128 128
2264 00000040 128 128
2298 00000000 128 128
2312 00000080 128 128
2320 00000000 128 128
2334 00000010 128 128
2368 00000000 128 128
2382 00000040 128 128
2416 00000000 128 128
2430 00000080 128 128
2438 00000000 128 128
2452 00000020 128 128
2532 00000000 128 128
2546 00000020 128 128
2554 00000000 128 128
2568 00000010 128 128
2602 00000000 128 128
2616 00000040 128 128
2650 00000000 128 128
2664 00000020 128 128
2672 00000000 128 128
2686 00000010 128 128
2720 00000000 128 128
2734 00000040 128 128
2768 00000000 128 128
2782 00000020 128 128
2790 00000000 128 128
2804 00000010 128 128
2838 00000000 128 128
2852 00000040 128 128
2886 00000000 128 128
2900 00000020 128 128
2908 00000000 128 128
2922 00000010 128 128
2956 00000000 128 128
2970 00000040 128 128
3004 00000000 128 128
3018 00000020 128 128
3026 00000000 128 128
3040 00000010 128 128
3074 00000000 128 128
3088 00000040 128 128
3122 00000000 128 128
3136 00000020 128 128
3144 00000000 128 128
3158 00000010 128 128
3192 00000000 128 128
3206 00000040 128 128
3240 00000000 128 128
3254 00000020 128 128
3262 00000000 128 128
3276 00000010 128 128
3310 00000000 128 128
3324 00000040 128 128
3358 00000000 128 128
3372 00000020 128 128
3380 00000000 128 128
3394 00000010 128 128
3428 00000000 128 128
3442 00000040 128 128
3476 00000000 128 128
3490 00000020 128 128
3498 00000000 128 128
3512 00000010 128 128
3546 00000000 128 128
3560 00000040 128 128
3594 00000000 128 128
3608 00000020 128 128
3616 00000000 128 128
3630 00000010 128 128
3664 00000000 128 128
3678 00000040 128 128
3712 00000000 128 128
3926 00000000 128 128
