0 00000000 128 128
150 00000008 128 128
152 00000000 128 128
300 00000008 128 128
302 00000000 128 128
450 00002000 128 128
452 00000000 128 128
900 00004000 128 128
904 00000000 128 128
936 00004000 128 128
940 00000000 128 128
972 00004000 128 128
976 00000000 128 128
1008 00004000 128 128
1012 00000000 128 128
1144 00000040 128 128
1152 00000000 128 128
1214 00000010 128 128
1222 00000000 128 128
1524 00002000 128 128
1528 00000000 128 128
1840 00002000 128 128
1844 00000000 128 128
2456 00000000 128 128
