0 00000000 128 128
150 00000008 128 128
152 00000000 128 128
300 00000008 128 128
302 00000000 128 128
450 00002000 128 128
452 00000000 128 128
700 00000080 128 128
708 00000000 128 128
720 00000040 128 128
760 00000000 128 128
822 00004000 128 128
826 00000000 128 128
858 00004000 128 128
862 00000000 128 128
894 00004000 128 128
898 00000000 128 128
930 00004000 128 128
934 00000000 128 128
966 00004000 128 128
970 00000000 128 128
1002 00004000 128 128
1006 00000000 128 128
1038 00004000 128 128
1042 00000000 128 128
1074 00004000 128 128
1078 00000000 128 128
1110 00004000 128 128
1114 00000000 128 128
1146 00004000 128 128
1150 00000000 128 128
1182 00004000 128 128
1186 00000000 128 128
1218 00004000 128 128
1222 00000000 128 128
1254 00004000 128 128
1258 00000000 128 128
1290 00004000 128 128
1294 00000000 128 128
1326 00004000 128 128
1330 00000000 128 128
1362 00004000 128 128
1366 00000000 128 128
1398 00004000 128 128
1402 00000000 128 128
1434 00004000 128 128
1438 00000000 128 128
1470 00004000 128 128
1474 00000000 128 128
1506 00004000 128 128
1510 00000000 128 128
1542 00004000 128 128
1546 00000000 128 128
1578 00004000 128 128
1582 00000000 128 128
1614 00004000 128 128
1618 00000000 128 128
1650 00004000 128 128
1654 00000000 128 128
1686 00004000 128 128
1690 00000000 128 128
1722 00004000 128 128
1726 00000000 128 128
1758 00004000 128 128
1762 00000000 128 128
1794 00004000 128 128
1798 00000000 128 128
1830 00004000 128 128
1834 00000000 128 128
1866 00004000 128 128
1870 00000000 128 128
1902 00004000 128 128
1906 00000000 128 128
1938 00004000 128 128
1942 00000000 128 128
1974 00004000 128 128
1978 00000000 128 128
2010 00004000 128 128
2014 00000000 128 128
2046 00004000 128 128
2050 00000000 128 128
2082 00004000 128 128
2086 00000000 128 128
2118 00004000 128 128
2122 00000000 128 128
2154 00004000 128 128
2158 00000000 128 128
2190 00004000 128 128
2194 00000000 128 128
2226 00004000 128 128
2230 00000000 128 128
2382 00000080 128 128
2414 00000000 128 128
2416 00000040 128 128
3316 00000000 128 128
3318 00000020 128 128
3382 00000000 128 128
3384 00000040 128 128
4284 00000000 128 128
4286 00000080 128 128
4350 00000000 128 128
4352 00000040 128 128
5252 00000000 128 128
5254 00000080 128 128
5302 00000000 128 128
5334 00004000 128 128
5338 00000000 128 128
5370 00004000 128 128
5374 00000000 128 128
5406 00004000 128 128
5410 00000000 128 128
5442 00004000 128 128
5446 00000000 128 128
5478 00004000 128 128
5482 00000000 128 128
5514 00004000 128 128
5518 00000000 128 128
5550 00004000 128 128
5554 00000000 128 128
5586 00004000 128 128
5590 00000000 128 128
5622 00004000 128 128
5626 00000000 128 128
5658 00004000 128 128
5662 00000000 128 128
5754 00000040 128 128
6654 00000000 128 128
6686 00004000 128 128
6690 00000000 128 128
6722 00004000 128 128
6726 00000000 128 128
6758 00004000 128 128
6762 00000000 128 128
6794 00004000 128 128
6798 00000000 128 128
6830 00004000 128 128
6834 00000000 128 128
6866 00004000 128 128
6870 00000000 128 128
6902 00004000 128 128
6906 00000000 128 128
6938 00004000 128 128
6942 00000000 128 128
6974 00004000 128 128
6978 00000000 128 128
7010 00004000 128 128
7014 00000000 128 128
7106 00000080 128 128
7210 00000000 128 128
7242 00004000 128 128
7246 00000000 128 128
7278 00004000 128 128
7282 00000000 128 128
7314 00004000 128 128
7318 00000000 128 128
7350 00004000 128 128
7354 00000000 128 128
7386 00004000 128 128
7390 00000000 128 128
7422 00004000 128 128
7426 00000000 128 128
7458 00004000 128 128
7462 00000000 128 128
7494 00004000 128 128
7498 00000000 128 128
7530 00004000 128 128
7534 00000000 128 128
7566 00004000 128 128
7570 00000000 128 128
7662 00000040 128 128
7806 00000000 128 128
7808 00000020 128 128
7872 00000000 128 128
7874 00000010 128 128
7890 00000000 128 128
7892 00000020 128 128
7972 00000000 128 128
7974 00000040 128 128
8014 00000000 128 128
8016 00000020 128 128
8088 00000000 128 128
8090 00000040 128 128
8106 00000000 128 128
8308 00004000 128 128
8312 00000000 128 128
8344 00004000 128 128
8348 00000000 128 128
8380 00004000 128 128
8384 00000000 128 128
8416 00004000 128 128
8420 00000000 128 128
8452 00004000 128 128
8456 00000000 128 128
8488 00004000 128 128
8492 00000000 128 128
8524 00004000 128 128
8528 00000000 128 128
8560 00004000 128 128
8564 00000000 128 128
8596 00004000 128 128
8600 00000000 128 128
8632 00004000 128 128
8636 00000000 128 128
8668 00004000 128 128
8672 00000000 128 128
8704 00004000 128 128
8708 00000000 128 128
8740 00004000 128 128
8744 00000000 128 128
8776 00004000 128 128
8780 00000000 128 128
8812 00004000 128 128
8816 00000000 128 128
8848 00004000 128 128
8852 00000000 128 128
8884 00004000 128 128
8888 00000000 128 128
8920 00004000 128 128
8924 00000000 128 128
8956 00004000 128 128
8960 00000000 128 128
8992 00004000 128 128
8996 00000000 128 128
9028 00004000 128 128
9032 00000000 128 128
9064 00004000 128 128
9068 00000000 128 128
9100 00004000 128 128
9104 00000000 128 128
9136 00004000 128 128
9140 00000000 128 128
9172 00004000 128 128
9176 00000000 128 128
9208 00004000 128 128
9212 00000000 128 128
9244 00004000 128 128
9248 00000000 128 128
9280 00004000 128 128
9284 00000000 128 128
9316 00004000 128 128
9320 00000000 128 128
9352 00004000 128 128
9356 00000000 128 128
9688 00002000 128 128
9692 00000000 128 128
9724 00002000 128 128
9728 00000000 128 128
9760 00002000 128 128
9764 00000000 128 128
9796 00002000 128 128
9800 00000000 128 128
9832 00002000 128 128
9836 00000000 128 128
9868 00002000 128 128
9872 00000000 128 128
9904 00002000 128 128
9908 00000000 128 128
9940 00002000 128 128
9944 00000000 128 128
9976 00002000 128 128
9980 00000000 128 128
10012 00002000 128 128
10016 00000000 128 128
10048 00002000 128 128
10052 00000000 128 128
10084 00002000 128 128
10088 00000000 128 128
10120 00002000 128 128
10124 00000000 128 128
10156 00002000 128 128
10160 00000000 128 128
10192 00002000 128 128
10196 00000000 128 128
10228 00002000 128 128
10232 00000000 128 128
10264 00002000 128 128
10268 00000000 128 128
10300 00002000 128 128
10304 00000000 128 128
10336 00002000 128 128
10340 00000000 128 128
10372 00002000 128 128
10376 00000000 128 128
10408 00002000 128 128
10412 00000000 128 128
10444 00002000 128 128
10448 00000000 128 128
10480 00002000 128 128
10484 00000000 128 128
10516 00002000 128 128
10520 00000000 128 128
10552 00002000 128 128
10556 00000000 128 128
10588 00002000 128 128
10592 00000000 128 128
10624 00002000 128 128
10628 00000000 128 128
10660 00002000 128 128
10664 00000000 128 128
10696 00002000 128 128
10700 00000000 128 128
10732 00002000 128 128
10736 00000000 128 128
10768 00002000 128 128
10772 00000000 128 128
10804 00002000 128 128
10808 00000000 128 128
10840 00002000 128 128
10844 00000000 128 128
10876 00002000 128 128
10880 00000000 128 128
10912 00002000 128 128
10916 00000000 128 128
10948 00002000 128 128
10952 00000000 128 128
10984 00002000 128 128
10988 00000000 128 128
11020 00002000 128 128
11024 00000000 128 128
11056 00002000 128 128
11060 00000000 128 128
11092 00002000 128 128
11096 00000000 128 128
11128 00002000 128 128
11132 00000000 128 128
11164 00002000 128 128
11168 00000000 128 128
11200 00002000 128 128
11204 00000000 128 128
11236 00002000 128 128
11240 00000000 128 128
11272 00002000 128 128
11276 00000000 128 128
11308 00002000 128 128
11312 00000000 128 128
11344 00002000 128 128
11348 00000000 128 128
11380 00002000 128 128
11384 00000000 128 128
11416 00002000 128 128
11420 00000000 128 128
11452 00002000 128 128
11456 00000000 128 128
11488 00002000 128 128
11492 00000000 128 128
11524 00002000 128 128
11528 00000000 128 128
11560 00002000 128 128
11564 00000000 128 128
11596 00002000 128 128
11600 00000000 128 128
11632 00002000 128 128
11636 00000000 128 128
11668 00002000 128 128
11672 00000000 128 128
11704 00002000 128 128
11708 00000000 128 128
11740 00002000 128 128
11744 00000000 128 128
11776 00002000 128 128
11780 00000000 128 128
11812 00002000 128 128
11816 00000000 128 128
11848 00002000 128 128
11852 00000000 128 128
11884 00002000 128 128
11888 00000000 128 128
11920 00002000 128 128
11924 00000000 128 128
11956 00002000 128 128
11960 00000000 128 128
11992 00002000 128 128
11996 00000000 128 128
12028 00002000 128 128
12032 00000000 128 128
12064 00002000 128 128
12068 00000000 128 128
12100 00002000 128 128
12104 00000000 128 128
12136 00002000 128 128
12140 00000000 128 128
12172 00002000 128 128
12176 00000000 128 128
12208 00002000 128 128
12212 00000000 128 128
12244 00002000 128 128
12248 00000000 128 128
12280 00002000 128 128
12284 00000000 128 128
12316 00002000 128 128
12320 00000000 128 128
12352 00002000 128 128
12356 00000000 128 128
12388 00002000 128 128
12392 00000000 128 128
12424 00002000 128 128
12428 00000000 128 128
12460 00002000 128 128
12464 00000000 128 128
12496 00002000 128 128
12500 00000000 128 128
12532 00002000 128 128
12536 00000000 128 128
12568 00002000 128 128
12572 00000000 128 128
12604 00002000 128 128
12608 00000000 128 128
12640 00002000 128 128
12644 00000000 128 128
12676 00002000 128 128
12680 00000000 128 128
12712 00002000 128 128
12716 00000000 128 128
12748 00002000 128 128
12752 00000000 128 128
12784 00002000 128 128
12788 00000000 128 128
12820 00002000 128 128
12824 00000000 128 128
12856 00002000 128 128
12860 00000000 128 128
12892 00002000 128 128
12896 00000000 128 128
12928 00002000 128 128
12932 00000000 128 128
12964 00002000 128 128
12968 00000000 128 128
13000 00002000 128 128
13004 00000000 128 128
13036 00002000 128 128
13040 00000000 128 128
13072 00002000 128 128
13076 00000000 128 128
13108 00002000 128 128
13112 00000000 128 128
13144 00002000 128 128
13148 00000000 128 128
13180 00002000 128 128
13184 00000000 128 128
13216 00002000 128 128
13220 00000000 128 128
13252 00002000 128 128
13256 00000000 128 128
13288 00002000 128 128
13292 00000000 128 128
13324 00002000 128 128
13328 00000000 128 128
13360 00002000 128 128
13364 00000000 128 128
13396 00002000 128 128
13400 00000000 128 128
13432 00002000 128 128
13436 00000000 128 128
13468 00002000 128 128
13472 00000000 128 128
13504 00002000 128 128
13508 00000000 128 128
13540 00002000 128 128
13544 00000000 128 128
13576 00002000 128 128
13580 00000000 128 128
13612 00002000 128 128
13616 00000000 128 128
13648 00002000 128 128
13652 00000000 128 128
13684 00002000 128 128
13688 00000000 128 128
13720 00002000 128 128
13724 00000000 128 128
13756 00002000 128 128
13760 00000000 128 128
13792 00002000 128 128
13796 00000000 128 128
13828 00002000 128 128
13832 00000000 128 128
13864 00002000 128 128
13868 00000000 128 128
13900 00002000 128 128
13904 00000000 128 128
13936 00002000 128 128
13940 00000000 128 128
13972 00002000 128 128
13976 00000000 128 128
14008 00002000 128 128
14012 00000000 128 128
14044 00002000 128 128
14048 00000000 128 128
14080 00002000 128 128
14084 00000000 128 128
14116 00002000 128 128
14120 00000000 128 128
14152 00002000 128 128
14156 00000000 128 128
14188 00002000 128 128
14192 00000000 128 128
14224 00002000 128 128
14228 00000000 128 128
14260 00002000 128 128
14264 00000000 128 128
14296 00002000 128 128
14300 00000000 128 128
14332 00002000 128 128
14336 00000000 128 128
14368 00002000 128 128
14372 00000000 128 128
14404 00002000 128 128
14408 00000000 128 128
14440 00002000 128 128
14444 00000000 128 128
14476 00002000 128 128
14480 00000000 128 128
14512 00002000 128 128
14516 00000000 128 128
14548 00002000 128 128
14552 00000000 128 128
14584 00002000 128 128
14588 00000000 128 128
14620 00002000 128 128
14624 00000000 128 128
14656 00002000 128 128
14660 00000000 128 128
14692 00002000 128 128
14696 00000000 128 128
14728 00002000 128 128
14732 00000000 128 128
14764 00002000 128 128
14768 00000000 128 128
14800 00002000 128 128
14804 00000000 128 128
14836 00002000 128 128
14840 00000000 128 128
14872 00002000 128 128
14876 00000000 128 128
14908 00002000 128 128
14912 00000000 128 128
14944 00002000 128 128
14948 00000000 128 128
14980 00002000 128 128
14984 00000000 128 128
15016 00002000 128 128
15020 00000000 128 128
15052 00002000 128 128
15056 00000000 128 128
15088 00002000 128 128
15092 00000000 128 128
15124 00002000 128 128
15128 00000000 128 128
15160 00002000 128 128
15164 00000000 128 128
15196 00002000 128 128
15200 00000000 128 128
15232 00002000 128 128
15236 00000000 128 128
15268 00002000 128 128
15272 00000000 128 128
15304 00002000 128 128
15308 00000000 128 128
15340 00002000 128 128
15344 00000000 128 128
15376 00002000 128 128
15380 00000000 128 128
15412 00002000 128 128
15416 00000000 128 128
15448 00002000 128 128
15452 00000000 128 128
15484 00002000 128 128
15488 00000000 128 128
15520 00002000 128 128
15524 00000000 128 128
15556 00002000 128 128
15560 00000000 128 128
15592 00002000 128 128
15596 00000000 128 128
15628 00002000 128 128
15632 00000000 128 128
15664 00002000 128 128
15668 00000000 128 128
15700 00002000 128 128
15704 00000000 128 128
15736 00002000 128 128
15740 00000000 128 128
15772 00002000 128 128
15776 00000000 128 128
15808 00002000 128 128
15812 00000000 128 128
15844 00002000 128 128
15848 00000000 128 128
15880 00002000 128 128
15884 00000000 128 128
15916 00002000 128 128
15920 00000000 128 128
15952 00002000 128 128
15956 00000000 128 128
15988 00002000 128 128
15992 00000000 128 128
16024 00002000 128 128
16028 00000000 128 128
16060 00002000 128 128
16064 00000000 128 128
16096 00002000 128 128
16100 00000000 128 128
16132 00002000 128 128
16136 00000000 128 128
16168 00002000 128 128
16172 00000000 128 128
16204 00002000 128 128
16208 00000000 128 128
16240 00002000 128 128
16244 00000000 128 128
16276 00002000 128 128
16280 00000000 128 128
16312 00002000 128 128
16316 00000000 128 128
16348 00002000 128 128
16352 00000000 128 128
16384 00002000 128 128
16388 00000000 128 128
16420 00002000 128 128
16424 00000000 128 128
16456 00002000 128 128
16460 00000000 128 128
16492 00002000 128 128
16496 00000000 128 128
16528 00002000 128 128
16532 00000000 128 128
16564 00002000 128 128
16568 00000000 128 128
16600 00002000 128 128
16604 00000000 128 128
16636 00002000 128 128
16640 00000000 128 128
16672 00002000 128 128
16676 00000000 128 128
16708 00002000 128 128
16712 00000000 128 128
16744 00002000 128 128
16748 00000000 128 128
16780 00002000 128 128
16784 00000000 128 128
16816 00002000 128 128
16820 00000000 128 128
16852 00002000 128 128
16856 00000000 128 128
16888 00002000 128 128
16892 00000000 128 128
16924 00002000 128 128
16928 00000000 128 128
16960 00002000 128 128
16964 00000000 128 128
16996 00002000 128 128
17000 00000000 128 128
17032 00002000 128 128
17036 00000000 128 128
17068 00002000 128 128
17072 00000000 128 128
17104 00002000 128 128
17108 00000000 128 128
17140 00002000 128 128
17144 00000000 128 128
17176 00002000 128 128
17180 00000000 128 128
17212 00002000 128 128
17216 00000000 128 128
17248 00002000 128 128
17252 00000000 128 128
17284 00002000 128 128
17288 00000000 128 128
17320 00002000 128 128
17324 00000000 128 128
17356 00002000 128 128
17360 00000000 128 128
17392 00002000 128 128
17396 00000000 128 128
17428 00002000 128 128
17432 00000000 128 128
17464 00002000 128 128
17468 00000000 128 128
17500 00002000 128 128
17504 00000000 128 128
17536 00002000 128 128
17540 00000000 128 128
17572 00002000 128 128
17576 00000000 128 128
17608 00002000 128 128
17612 00000000 128 128
17644 00002000 128 128
17648 00000000 128 128
17680 00002000 128 128
17684 00000000 128 128
17716 00002000 128 128
17720 00000000 128 128
17752 00002000 128 128
17756 00000000 128 128
17788 00002000 128 128
17792 00000000 128 128
17824 00002000 128 128
17828 00000000 128 128
17860 00002000 128 128
17864 00000000 128 128
17896 00002000 128 128
17900 00000000 128 128
17932 00002000 128 128
17936 00000000 128 128
17968 00002000 128 128
17972 00000000 128 128
18004 00002000 128 128
18008 00000000 128 128
18040 00002000 128 128
18044 00000000 128 128
18076 00002000 128 128
18080 00000000 128 128
18112 00002000 128 128
18116 00000000 128 128
18148 00002000 128 128
18152 00000000 128 128
18184 00002000 128 128
18188 00000000 128 128
18220 00002000 128 128
18224 00000000 128 128
18256 00002000 128 128
18260 00000000 128 128
18292 00002000 128 128
18296 00000000 128 128
18328 00002000 128 128
18332 00000000 128 128
18364 00002000 128 128
18368 00000000 128 128
18400 00002000 128 128
18404 00000000 128 128
18436 00002000 128 128
18440 00000000 128 128
18472 00002000 128 128
18476 00000000 128 128
18508 00002000 128 128
18512 00000000 128 128
18544 00002000 128 128
18548 00000000 128 128
18580 00002000 128 128
18584 00000000 128 128
18616 00002000 128 128
18620 00000000 128 128
18652 00002000 128 128
18656 00000000 128 128
18688 00002000 128 128
18692 00000000 128 128
18724 00002000 128 128
18728 00000000 128 128
18760 00002000 128 128
18764 00000000 128 128
18796 00002000 128 128
18800 00000000 128 128
18832 00002000 128 128
18836 00000000 128 128
18868 00002000 128 128
18872 00000000 128 128
18904 00002000 128 128
18908 00000000 128 128
18940 00002000 128 128
18944 00000000 128 128
18976 00002000 128 128
18980 00000000 128 128
19012 00002000 128 128
19016 00000000 128 128
19048 00002000 128 128
19052 00000000 128 128
19084 00002000 128 128
19088 00000000 128 128
19120 00002000 128 128
19124 00000000 128 128
19156 00002000 128 128
19160 00000000 128 128
19192 00002000 128 128
19196 00000000 128 128
19228 00002000 128 128
19232 00000000 128 128
19264 00002000 128 128
19268 00000000 128 128
19300 00002000 128 128
19304 00000000 128 128
19336 00002000 128 128
19340 00000000 128 128
19372 00002000 128 128
19376 00000000 128 128
19408 00002000 128 128
19412 00000000 128 128
19444 00002000 128 128
19448 00000000 128 128
19480 00002000 128 128
19484 00000000 128 128
19516 00002000 128 128
19520 00000000 128 128
19552 00002000 128 128
19556 00000000 128 128
19588 00002000 128 128
19592 00000000 128 128
19624 00002000 128 128
19628 00000000 128 128
19660 00002000 128 128
19664 00000000 128 128
19696 00002000 128 128
19700 00000000 128 128
19732 00002000 128 128
19736 00000000 128 128
19768 00002000 128 128
19772 00000000 128 128
19804 00002000 128 128
19808 00000000 128 128
19840 00002000 128 128
19844 00000000 128 128
19876 00002000 128 128
19880 00000000 128 128
19912 00002000 128 128
19916 00000000 128 128
19948 00002000 128 128
19952 00000000 128 128
19984 00002000 128 128
19988 00000000 128 128
20020 00002000 128 128
20024 00000000 128 128
20056 00002000 128 128
20060 00000000 128 128
20092 00002000 128 128
20096 00000000 128 128
20128 00002000 128 128
20132 00000000 128 128
20164 00002000 128 128
20168 00000000 128 128
20200 00002000 128 128
20204 00000000 128 128
20236 00002000 128 128
20240 00000000 128 128
20272 00002000 128 128
20276 00000000 128 128
20308 00002000 128 128
20312 00000000 128 128
20344 00002000 128 128
20348 00000000 128 128
20380 00002000 128 128
20384 00000000 128 128
20416 00002000 128 128
20420 00000000 128 128
20452 00002000 128 128
20456 00000000 128 128
20608 00000000 128 128
