0 00000000 128 128
150 00000008 128 128
152 00000000 128 128
300 00000008 128 128
302 00000000 128 128
450 00002000 128 128
452 00000000 128 128
700 00000040 128 128
756 00000000 128 128
1158 00004000 128 128
1162 00000000 128 128
1194 00004000 128 128
1198 00000000 128 128
1230 00004000 128 128
1234 00000000 128 128
1266 00004000 128 128
1270 00000000 128 128
1302 00004000 128 128
1306 00000000 128 128
1338 00004000 128 128
1342 00000000 128 128
1374 00004000 128 128
1378 00000000 128 128
1410 00004000 128 128
1414 00000000 128 128
1446 00004000 128 128
1450 00000000 128 128
1482 00004000 128 128
1486 00000000 128 128
1578 00000040 128 128
1586 00000000 128 128
1618 00000020 128 128
1666 00000000 128 128
1698 00000010 128 128
1730 00000000 128 128
1762 00000020 128 128
1770 00000000 128 128
1802 00000020 128 128
1866 00000000 128 128
2268 00000020 128 128
2468 00000000 128 128
2870 00000040 128 128
2886 00000000 128 128
2918 00000020 128 128
2926 00000000 128 128
2958 00000040 128 128
2966 00000000 128 128
2998 00000020 128 128
3022 00000000 128 128
3054 00000040 128 128
3070 00000000 128 128
3102 00000020 128 128
3142 00000000 128 128
3164 00000080 128 128
3204 00000000 128 128
3226 00000020 128 128
3266 00000000 128 128
3288 00000080 128 128
3328 00000000 128 128
3350 00000020 128 128
3390 00000000 128 128
3412 00000080 128 128
3452 00000000 128 128
3474 00000020 128 128
3514 00000000 128 128
3536 00000080 128 128
3576 00000000 128 128
3598 00000020 128 128
3638 00000000 128 128
3660 00000080 128 128
3700 00000000 128 128
3722 00000020 128 128
3762 00000000 128 128
3784 00000080 128 128
3824 00000000 128 128
3846 00000020 128 128
3886 00000000 128 128
3908 00000080 128 128
3948 00000000 128 128
3970 00000020 128 128
4010 00000000 128 128
4032 00000080 128 128
4072 00000000 128 128
4094 00000020 128 128
4134 00000000 128 128
4156 00000080 128 128
4196 00000000 128 128
4218 00000020 128 128
4258 00000000 128 128
4280 00000080 128 128
4320 00000000 128 128
4342 00000020 128 128
4382 00000000 128 128
4404 00000080 128 128
4444 00000000 128 128
4466 00000020 128 128
4506 00000000 128 128
4528 00000080 128 128
4568 00000000 128 128
4990 00000000 128 128
