0 00000000 128 128
150 00000008 128 128
152 00000000 128 128
300 00000008 128 128
302 00000000 128 128
450 00002000 128 128
452 00000000 128 128
2200 00004000 128 128
2204 00000000 128 128
2236 00004000 128 128
2240 00000000 128 128
2272 00004000 128 128
2276 00000000 128 128
2308 00004000 128 128
2312 00000000 128 128
2344 00004000 128 128
2348 00000000 128 128
2380 00004000 128 128
2384 00000000 128 128
2616 00000040 128 128
2624 00000000 128 128
2686 00000010 128 128
2694 00000000 128 128
3096 00001000 128 128
3100 00000000 128 128
3262 00000040 128 128
3268 00000000 128 128
3330 00000040 128 128
3336 00000000 128 128
3398 00002000 128 128
3402 00000000 128 128
4314 00000200 128 128
4318 00000000 128 128
4390 00000080 128 128
4396 00000000 128 128
4398 00000010 128 128
4425 00000000 128 128
4457 00004000 128 128
4461 00000000 128 128
5073 00000200 128 128
5077 00000000 128 128
5149 00002000 128 128
5153 00000000 128 128
5765 00002000 128 128
5769 00000000 128 128
7281 00002000 128 128
7285 00000000 128 128
8497 00002000 128 128
8501 00000000 128 128
9713 00000000 128 128
