0 00000000 128 128
150 00000008 128 128
152 00000000 128 128
300 00000008 128 128
302 00000000 128 128
450 00002000 128 128
452 00000000 128 128
760 00000020 128 128
808 00000000 128 128
830 00000080 128 128
870 00000000 128 128
892 00000020 128 128
940 00000000 128 128
962 00000080 128 128
1002 00000000 128 128
1024 00000020 128 128
1072 00000000 128 128
1094 00000080 128 128
1134 00000000 128 128
1156 00000020 128 128
1204 00000000 128 128
1226 00000080 128 128
1266 00000000 128 128
1288 00000020 128 128
1336 00000000 128 128
1358 00000080 128 128
1398 00000000 128 128
1420 00000020 128 128
1468 00000000 128 128
1490 00000080 128 128
1530 00000000 128 128
1552 00000020 128 128
1600 00000000 128 128
1622 00000080 128 128
1662 00000000 128 128
1684 00000020 128 128
1732 00000000 128 128
1754 00000080 128 128
1794 00000000 128 128
1816 00000020 128 128
1864 00000000 128 128
1886 00000080 128 128
1926 00000000 128 128
1948 00000020 128 128
1996 00000000 128 128
2018 00000080 128 128
2058 00000000 128 128
2080 00000020 128 128
2128 00000000 128 128
2150 00000080 128 128
2190 00000000 128 128
2212 00000020 128 128
2260 00000000 128 128
2282 00000080 128 128
2322 00000000 128 128
2344 00000020 128 128
2392 00000000 128 128
2414 00000080 128 128
2454 00000000 128 128
2476 00000020 128 128
2524 00000000 128 128
2546 00000080 128 128
2586 00000000 128 128
2608 00000020 128 128
2656 00000000 128 128
2678 00000080 128 128
2718 00000000 128 128
2740 00000020 128 128
2788 00000000 128 128
2810 00000080 128 128
2850 00000000 128 128
2872 00000020 128 128
2920 00000000 128 128
2942 00000080 128 128
2982 00000000 128 128
3004 00000020 128 128
3052 00000000 128 128
3074 00000080 128 128
3114 00000000 128 128
3136 00000020 128 128
3184 00000000 128 128
3206 00000080 128 128
3246 00000000 128 128
3268 00000020 128 128
3316 00000000 128 128
3338 00000080 128 128
3378 00000000 128 128
3400 00000020 128 128
3448 00000000 128 128
3470 00000080 128 128
3510 00000000 128 128
3532 00000020 128 128
3580 00000000 128 128
3602 00000080 128 128
3642 00000000 128 128
3664 00000020 128 128
3712 00000000 128 128
3734 00000080 128 128
3774 00000000 128 128
3796 00000020 128 128
3844 00000000 128 128
3866 00000080 128 128
3906 00000000 128 128
3928 00000020 128 128
3976 00000000 128 128
3998 00000080 128 128
4038 00000000 128 128
4660 00000000 128 128
