0 00000000 128 128
150 00000008 128 128
152 00000000 128 128
300 00000008 128 128
302 00000000 128 128
450 00002000 128 128
452 00000000 128 128
700 00000080 128 128
740 00000000 128 128
742 00000010 128 128
782 00000000 128 128
784 00000080 128 128
864 00000000 128 128
866 00000040 128 128
882 00000000 128 128
884 00000080 128 128
948 00000000 128 128
950 00000010 128 128
1850 00000000 128 128
1852 00000020 128 128
2152 00000000 128 128
2154 00000010 128 128
3054 00000000 128 128
3086 00004000 128 128
3090 00000000 128 128
3122 00004000 128 128
3126 00000000 128 128
3158 00004000 128 128
3162 00000000 128 128
3194 00004000 128 128
3198 00000000 128 128
3230 00004000 128 128
3234 00000000 128 128
3266 00004000 128 128
3270 00000000 128 128
3302 00004000 128 128
3306 00000000 128 128
3338 00004000 128 128
3342 00000000 128 128
3374 00004000 128 128
3378 00000000 128 128
3410 00004000 128 128
3414 00000000 128 128
3476 00000040 128 128
3492 00000000 128 128
3494 00000080 128 128
4394 00000000 128 128
4396 00000010 128 128
5296 00000000 128 128
5328 00004000 128 128
5332 00000000 128 128
5364 00004000 128 128
5368 00000000 128 128
5400 00004000 128 128
5404 00000000 128 128
5436 00004000 128 128
5440 00000000 128 128
5472 00004000 128 128
5476 00000000 128 128
5508 00004000 128 128
5512 00000000 128 128
5544 00004000 128 128
5548 00000000 128 128
5580 00004000 128 128
5584 00000000 128 128
5616 00004000 128 128
5620 00000000 128 128
5652 00004000 128 128
5656 00000000 128 128
5718 00000010 128 128
6618 00000000 128 128
6620 00000080 128 128
6636 00000000 128 128
6638 00000010 128 128
7538 00000000 128 128
7840 00002000 128 128
7844 00000000 128 128
7876 00002000 128 128
7880 00000000 128 128
7912 00002000 128 128
7916 00000000 128 128
7948 00002000 128 128
7952 00000000 128 128
7984 00002000 128 128
7988 00000000 128 128
8020 00002000 128 128
8024 00000000 128 128
8056 00002000 128 128
8060 00000000 128 128
8092 00002000 128 128
8096 00000000 128 128
8128 00002000 128 128
8132 00000000 128 128
8164 00002000 128 128
8168 00000000 128 128
8200 00002000 128 128
8204 00000000 128 128
8236 00002000 128 128
8240 00000000 128 128
8272 00002000 128 128
8276 00000000 128 128
8308 00002000 128 128
8312 00000000 128 128
8344 00002000 128 128
8348 00000000 128 128
8380 00002000 128 128
8384 00000000 128 128
8416 00002000 128 128
8420 00000000 128 128
8452 00002000 128 128
8456 00000000 128 128
8488 00002000 128 128
8492 00000000 128 128
8524 00002000 128 128
8528 00000000 128 128
8560 00002000 128 128
8564 00000000 128 128
8596 00002000 128 128
8600 00000000 128 128
8632 00002000 128 128
8636 00000000 128 128
8668 00002000 128 128
8672 00000000 128 128
8704 00002000 128 128
8708 00000000 128 128
8740 00002000 128 128
8744 00000000 128 128
8776 00002000 128 128
8780 00000000 128 128
8812 00002000 128 128
8816 00000000 128 128
8848 00002000 128 128
8852 00000000 128 128
8884 00002000 128 128
8888 00000000 128 128
8980 00000000 128 128
