0 00000000 128 128
150 00000008 128 128
152 00000000 128 128
300 00000008 128 128
302 00000000 128 128
450 00002000 128 128
452 00000000 128 128
1200 00000040 128 128
1240 00000000 128 128
1300 00002000 128 128
1304 00000000 128 128
1334 00002000 128 128
1338 00000000 128 128
1368 00002000 128 128
1372 00000000 128 128
1402 00002000 128 128
1406 00000000 128 128
1436 00002000 128 128
1440 00000000 128 128
1470 00002000 128 128
1474 00000000 128 128
1504 00002000 128 128
1508 00000000 128 128
1538 00002000 128 128
1542 00000000 128 128
1572 00002000 128 128
1576 00000000 128 128
1606 00002000 128 128
1610 00000000 128 128
1640 00002000 128 128
1644 00000000 128 128
1674 00002000 128 128
1678 00000000 128 128
1708 00002000 128 128
1712 00000000 128 128
1742 00002000 128 128
1746 00000000 128 128
1776 00002000 128 128
1780 00000000 128 128
1810 00002000 128 128
1814 00000000 128 128
1844 00002000 128 128
1848 00000000 128 128
1878 00002000 128 128
1882 00000000 128 128
1912 00002000 128 128
1916 00000000 128 128
1946 00002000 128 128
1950 00000000 128 128
1980 00002000 128 128
1984 00000000 128 128
2014 00002000 128 128
2018 00000000 128 128
2048 00002000 128 128
2052 00000000 128 128
2082 00002000 128 128
2086 00000000 128 128
2116 00002000 128 128
2120 00000000 128 128
2150 00002000 128 128
2154 00000000 128 128
2184 00002000 128 128
2188 00000000 128 128
2218 00002000 128 128
2222 00000000 128 128
2252 00002000 128 128
2256 00000000 128 128
2286 00002000 128 128
2290 00000000 128 128
2320 00002000 128 128
2324 00000000 128 128
2354 00002000 128 128
2358 00000000 128 128
2388 00002000 128 128
2392 00000000 128 128
2422 00002000 128 128
2426 00000000 128 128
2456 00002000 128 128
2460 00000000 128 128
2490 00002000 128 128
2494 00000000 128 128
2524 00002000 128 128
2528 00000000 128 128
2558 00002000 128 128
2562 00000000 128 128
2592 00002000 128 128
2596 00000000 128 128
2626 00002000 128 128
2630 00000000 128 128
2660 00002000 128 128
2664 00000000 128 128
2694 00002000 128 128
2698 00000000 128 128
2728 00002000 128 128
2732 00000000 128 128
2762 00002000 128 128
2766 00000000 128 128
2796 00002000 128 128
2800 00000000 128 128
2830 00002000 128 128
2834 00000000 128 128
2864 00002000 128 128
2868 00000000 128 128
2898 00002000 128 128
2902 00000000 128 128
2932 00002000 128 128
2936 00000000 128 128
2966 00002000 128 128
2970 00000000 128 128
3000 00002000 128 128
3004 00000000 128 128
3034 00002000 128 128
3038 00000000 128 128
3068 00002000 128 128
3072 00000000 128 128
3102 00002000 128 128
3106 00000000 128 128
3136 00002000 128 128
3140 00000000 128 128
3170 00002000 128 128
3174 00000000 128 128
3204 00002000 128 128
3208 00000000 128 128
3238 00002000 128 128
3242 00000000 128 128
3272 00002000 128 128
3276 00000000 128 128
3306 00002000 128 128
3310 00000000 128 128
3340 00002000 128 128
3344 00000000 128 128
3374 00002000 128 128
3378 00000000 128 128
3408 00002000 128 128
3412 00000000 128 128
3442 00002000 128 128
3446 00000000 128 128
3476 00002000 128 128
3480 00000000 128 128
3510 00002000 128 128
3514 00000000 128 128
3544 00002000 128 128
3548 00000000 128 128
3578 00002000 128 128
3582 00000000 128 128
3612 00002000 128 128
3616 00000000 128 128
3646 00002000 128 128
3650 00000000 128 128
3680 00000000 128 128
3770 00000040 128 128
3802 00000000 128 128
4402 00001000 128 128
4406 00000000 128 128
4496 00000200 128 128
4500 00000000 128 128
4510 00000080 128 128
4516 00000000 128 128
4522 00000010 128 128
4532 00000000 128 128
4542 00004000 128 128
4546 00000000 128 128
4696 00002000 128 128
4700 00000000 128 128
4880 00002000 128 128
4884 00000000 128 128
5064 00002000 128 128
5068 00000000 128 128
5568 00002000 128 128
5572 00000000 128 128
5692 00000200 128 128
5696 00000000 128 128
5726 00004000 128 128
5730 00000000 128 128
5820 00000000 128 128
