0 00000000 128 128
150 00000008 128 128
152 00000000 128 128
300 00000008 128 128
302 00000000 128 128
450 00002000 128 128
452 00000000 128 128
700 00000020 128 128
724 00000000 128 128
726 00000040 128 128
758 00000000 128 128
760 00000020 128 128
768 00000000 128 128
770 00000040 128 128
778 00000000 128 128
780 00000020 128 128
788 00000000 128 128
790 00000040 128 128
838 00000000 128 128
840 00000040 128 128
856 00000000 128 128
1068 00000080 128 128
1076 00000000 128 128
1078 00000040 128 128
1094 00000000 128 128
1096 00000080 128 128
1104 00000000 128 128
1106 00000040 128 128
1122 00000000 128 128
1124 00000080 128 128
1172 00000000 128 128
1174 00000040 128 128
1270 00000000 128 128
1272 00000010 128 128
1288 00000000 128 128
1500 00004000 128 128
1504 00000000 128 128
1536 00004000 128 128
1540 00000000 128 128
1572 00004000 128 128
1576 00000000 128 128
1608 00004000 128 128
1612 00000000 128 128
1644 00004000 128 128
1648 00000000 128 128
1680 00004000 128 128
1684 00000000 128 128
1716 00004000 128 128
1720 00000000 128 128
1752 00004000 128 128
1756 00000000 128 128
1788 00004000 128 128
1792 00000000 128 128
1824 00004000 128 128
1828 00000000 128 128
1860 00004000 128 128
1864 00000000 128 128
1896 00004000 128 128
1900 00000000 128 128
1932 00004000 128 128
1936 00000000 128 128
1968 00004000 128 128
1972 00000000 128 128
2004 00004000 128 128
2008 00000000 128 128
2040 00004000 128 128
2044 00000000 128 128
2076 00004000 128 128
2080 00000000 128 128
2112 00004000 128 128
2116 00000000 128 128
2148 00004000 128 128
2152 00000000 128 128
2184 00004000 128 128
2188 00000000 128 128
2280 00001000 128 128
2284 00000000 128 128
2386 00000010 128 128
2392 00000000 128 128
2414 00000010 128 128
2420 00000000 128 128
2442 00000010 128 128
2448 00000000 128 128
2470 00000020 128 128
2476 00000000 128 128
2508 00002000 128 128
2512 00000000 128 128
2924 00002000 128 128
2928 00000000 128 128
3140 00002000 128 128
3144 00000000 128 128
3356 00002000 128 128
3360 00000000 128 128
3572 00002000 128 128
3576 00000000 128 128
3788 00002000 128 128
3792 00000000 128 128
4064 00000000 128 128
