0 00000000 128 128
150 00000008 128 128
152 00000000 128 128
300 00000008 128 128
302 00000000 128 128
450 00002000 128 128
452 00000000 128 128
1900 00004000 128 128
1904 00000000 128 128
1936 00004000 128 128
1940 00000000 128 128
1972 00004000 128 128
1976 00000000 128 128
2008 00004000 128 128
2012 00000000 128 128
2044 00004000 128 128
2048 00000000 128 128
2080 00004000 128 128
2084 00000000 128 128
2116 00004000 128 128
2120 00000000 128 128
2152 00004000 128 128
2156 00000000 128 128
2188 00004000 128 128
2192 00000000 128 128
2224 00004000 128 128
2228 00000000 128 128
2560 00000080 128 128
2600 00000000 128 128
2642 00000010 128 128
2650 00000000 128 128
2692 00000080 128 128
2700 00000000 128 128
2762 00002000 128 128
2766 00000000 128 128
3178 00002000 128 128
3182 00000000 128 128
3494 00002000 128 128
3498 00000000 128 128
3810 00002000 128 128
3814 00000000 128 128
4126 00002000 128 128
4130 00000000 128 128
4442 00002000 128 128
4446 00000000 128 128
4758 00002000 128 128
4762 00000000 128 128
5074 00002000 128 128
5078 00000000 128 128
5390 00002000 128 128
5394 00000000 128 128
5706 00002000 128 128
5710 00000000 128 128
6022 00002000 128 128
6026 00000000 128 128
6338 00002000 128 128
6342 00000000 128 128
6654 00002000 128 128
6658 00000000 128 128
8670 00000080 128 128
8710 00000000 128 128
8752 00000020 128 128
8792 00000000 128 128
8834 00000080 128 128
8874 00000000 128 128
8916 00000020 128 128
8956 00000000 128 128
8998 00000010 128 128
9038 00000000 128 128
9080 00000040 128 128
9120 00000000 128 128
9162 00000080 128 128
9202 00000000 128 128
9244 00000010 128 128
9284 00000000 128 128
9326 00000080 128 128
9366 00000000 128 128
9408 00000040 128 128
9448 00000000 128 128
10950 00000000 128 128
