0 00000000 128 128
150 00000008 128 128
152 00000000 128 128
300 00000008 128 128
302 00000000 128 128
450 00002000 128 128
452 00000000 128 128
700 00000020 128 128
800 00000000 128 128
802 00000010 128 128
1402 00000000 128 128
1404 00002000 128 128
1408 00000000 128 128
1480 00004000 128 128
1484 00000000 128 128
1516 00004000 128 128
1520 00000000 128 128
1552 00004000 128 128
1556 00000000 128 128
1588 00004000 128 128
1592 00000000 128 128
1624 00004000 128 128
1628 00000000 128 128
1660 00004000 128 128
1664 00000000 128 128
1696 00004000 128 128
1700 00000000 128 128
1732 00004000 128 128
1736 00000000 128 128
1768 00004000 128 128
1772 00000000 128 128
1804 00004000 128 128
1808 00000000 128 128
1840 00004000 128 128
1844 00000000 128 128
1876 00004000 128 128
1880 00000000 128 128
1912 00004000 128 128
1916 00000000 128 128
1948 00004000 128 128
1952 00000000 128 128
1984 00004000 128 128
1988 00000000 128 128
2020 00004000 128 128
2024 00000000 128 128
2056 00004000 128 128
2060 00000000 128 128
2092 00004000 128 128
2096 00000000 128 128
2128 00004000 128 128
2132 00000000 128 128
2164 00004000 128 128
2168 00000000 128 128
2200 00004000 128 128
2204 00000000 128 128
2236 00004000 128 128
2240 00000000 128 128
2272 00004000 128 128
2276 00000000 128 128
2308 00004000 128 128
2312 00000000 128 128
2344 00004000 128 128
2348 00000000 128 128
2380 00004000 128 128
2384 00000000 128 128
2416 00004000 128 128
2420 00000000 128 128
2452 00004000 128 128
2456 00000000 128 128
2488 00004000 128 128
2492 00000000 128 128
2524 00004000 128 128
2528 00000000 128 128
2560 00004000 128 128
2564 00000000 128 128
2596 00004000 128 128
2600 00000000 128 128
2632 00004000 128 128
2636 00000000 128 128
2668 00004000 128 128
2672 00000000 128 128
2704 00004000 128 128
2708 00000000 128 128
2740 00004000 128 128
2744 00000000 128 128
2776 00004000 128 128
2780 00000000 128 128
2812 00004000 128 128
2816 00000000 128 128
2848 00004000 128 128
2852 00000000 128 128
2884 00004000 128 128
2888 00000000 128 128
2980 00000000 128 128
