0 00000000 128 128
150 00000008 128 128
152 00000000 128 128
300 00000008 128 128
302 00000000 128 128
450 00002000 128 128
452 00000000 128 128
900 00004000 128 128
904 00000000 128 128
936 00004000 128 128
940 00000000 128 128
972 00004000 128 128
976 00000000 128 128
1008 00004000 128 128
1012 00000000 128 128
1144 00000040 128 128
1152 00000000 128 128
1214 00000010 128 128
1222 00000000 128 128
1524 00002000 128 128
1528 00000000 128 128
1560 00002000 128 128
1564 00000000 128 128
1596 00002000 128 128
1600 00000000 128 128
1632 00002000 128 128
1636 00000000 128 128
1668 00002000 128 128
1672 00000000 128 128
1704 00002000 128 128
1708 00000000 128 128
1740 00002000 128 128
1744 00000000 128 128
1776 00002000 128 128
1780 00000000 128 128
1812 00002000 128 128
1816 00000000 128 128
1848 00002000 128 128
1852 00000000 128 128
1884 00002000 128 128
1888 00000000 128 128
1920 00002000 128 128
1924 00000000 128 128
1956 00002000 128 128
1960 00000000 128 128
1992 00002000 128 128
1996 00000000 128 128
2028 00002000 128 128
2032 00000000 128 128
2064 00002000 128 128
2068 00000000 128 128
2100 00002000 128 128
2104 00000000 128 128
2136 00002000 128 128
2140 00000000 128 128
2172 00002000 128 128
2176 00000000 128 128
2208 00002000 128 128
2212 00000000 128 128
3744 00000000 128 128
