0 00000000 128 128
150 00000008 128 128
152 00000000 128 128
300 00000008 128 128
302 00000000 128 128
450 00002000 128 128
452 00000000 128 128
700 00000080 128 128
708 00000000 128 128
710 00000010 128 128
742 00000000 128 128
1344 00002000 128 128
1348 00000000 128 128
1380 00002000 128 128
1384 00000000 128 128
1416 00002000 128 128
1420 00000000 128 128
1452 00002000 128 128
1456 00000000 128 128
1488 00002000 128 128
1492 00000000 128 128
1524 00002000 128 128
1528 00000000 128 128
1560 00002000 128 128
1564 00000000 128 128
1596 00002000 128 128
1600 00000000 128 128
1632 00002000 128 128
1636 00000000 128 128
1668 00002000 128 128
1672 00000000 128 128
1704 00002000 128 128
1708 00000000 128 128
1740 00002000 128 128
1744 00000000 128 128
1776 00002000 128 128
1780 00000000 128 128
1812 00002000 128 128
1816 00000000 128 128
1848 00002000 128 128
1852 00000000 128 128
1884 00002000 128 128
1888 00000000 128 128
1920 00002000 128 128
1924 00000000 128 128
1956 00002000 128 128
1960 00000000 128 128
1992 00002000 128 128
1996 00000000 128 128
2028 00002000 128 128
2032 00000000 128 128
2064 00002000 128 128
2068 00000000 128 128
2100 00002000 128 128
2104 00000000 128 128
2136 00002000 128 128
2140 00000000 128 128
2172 00002000 128 128
2176 00000000 128 128
2208 00002000 128 128
2212 00000000 128 128
2244 00002000 128 128
2248 00000000 128 128
2280 00002000 128 128
2284 00000000 128 128
2316 00002000 128 128
2320 00000000 128 128
2352 00002000 128 128
2356 00000000 128 128
2388 00002000 128 128
2392 00000000 128 128
2424 00002000 128 128
2428 00000000 128 128
2460 00002000 128 128
2464 00000000 128 128
2496 00002000 128 128
2500 00000000 128 128
2532 00002000 128 128
2536 00000000 128 128
2568 00002000 128 128
2572 00000000 128 128
2604 00002000 128 128
2608 00000000 128 128
2640 00002000 128 128
2644 00000000 128 128
2676 00002000 128 128
2680 00000000 128 128
2712 00002000 128 128
2716 00000000 128 128
2748 00002000 128 128
2752 00000000 128 128
2784 00002000 128 128
2788 00000000 128 128
2820 00002000 128 128
2824 00000000 128 128
2856 00002000 128 128
2860 00000000 128 128
2892 00002000 128 128
2896 00000000 128 128
2928 00002000 128 128
2932 00000000 128 128
2964 00002000 128 128
2968 00000000 128 128
3000 00002000 128 128
3004 00000000 128 128
3036 00002000 128 128
3040 00000000 128 128
3072 00002000 128 128
3076 00000000 128 128
3108 00002000 128 128
3112 00000000 128 128
3144 00002000 128 128
3148 00000000 128 128
3180 00002000 128 128
3184 00000000 128 128
3216 00002000 128 128
3220 00000000 128 128
3252 00002000 128 128
3256 00000000 128 128
3288 00002000 128 128
3292 00000000 128 128
3324 00002000 128 128
3328 00000000 128 128
3360 00002000 128 128
3364 00000000 128 128
3396 00002000 128 128
3400 00000000 128 128
3432 00002000 128 128
3436 00000000 128 128
3468 00002000 128 128
3472 00000000 128 128
3504 00002000 128 128
3508 00000000 128 128
3540 00002000 128 128
3544 00000000 128 128
3576 00002000 128 128
3580 00000000 128 128
3612 00002000 128 128
3616 00000000 128 128
3648 00002000 128 128
3652 00000000 128 128
3684 00002000 128 128
3688 00000000 128 128
3720 00002000 128 128
3724 00000000 128 128
3756 00002000 128 128
3760 00000000 128 128
3792 00002000 128 128
3796 00000000 128 128
3828 00002000 128 128
3832 00000000 128 128
3864 00002000 128 128
3868 00000000 128 128
3900 00002000 128 128
3904 00000000 128 128
3936 00002000 128 128
3940 00000000 128 128
3972 00002000 128 128
3976 00000000 128 128
4008 00002000 128 128
4012 00000000 128 128
4044 00002000 128 128
4048 00000000 128 128
4080 00002000 128 128
4084 00000000 128 128
4116 00002000 128 128
4120 00000000 128 128
4152 00002000 128 128
4156 00000000 128 128
4188 00002000 128 128
4192 00000000 128 128
4224 00002000 128 128
4228 00000000 128 128
4260 00002000 128 128
4264 00000000 128 128
4296 00002000 128 128
4300 00000000 128 128
4332 00002000 128 128
4336 00000000 128 128
4368 00002000 128 128
4372 00000000 128 128
4404 00002000 128 128
4408 00000000 128 128
4440 00002000 128 128
4444 00000000 128 128
4476 00002000 128 128
4480 00000000 128 128
4512 00002000 128 128
4516 00000000 128 128
4548 00002000 128 128
4552 00000000 128 128
4584 00002000 128 128
4588 00000000 128 128
4620 00002000 128 128
4624 00000000 128 128
4656 00002000 128 128
4660 00000000 128 128
4692 00002000 128 128
4696 00000000 128 128
4728 00002000 128 128
4732 00000000 128 128
4764 00002000 128 128
4768 00000000 128 128
4800 00002000 128 128
4804 00000000 128 128
4836 00002000 128 128
4840 00000000 128 128
4872 00002000 128 128
4876 00000000 128 128
4908 00002000 128 128
4912 00000000 128 128
4944 00002000 128 128
4948 00000000 128 128
4980 00002000 128 128
4984 00000000 128 128
5016 00002000 128 128
5020 00000000 128 128
5052 00002000 128 128
5056 00000000 128 128
5088 00002000 128 128
5092 00000000 128 128
5124 00002000 128 128
5128 00000000 128 128
5160 00002000 128 128
5164 00000000 128 128
5196 00002000 128 128
5200 00000000 128 128
5232 00002000 128 128
5236 00000000 128 128
5268 00002000 128 128
5272 00000000 128 128
5304 00002000 128 128
5308 00000000 128 128
5340 00002000 128 128
5344 00000000 128 128
5376 00002000 128 128
5380 00000000 128 128
5412 00002000 128 128
5416 00000000 128 128
5448 00002000 128 128
5452 00000000 128 128
5484 00002000 128 128
5488 00000000 128 128
5520 00002000 128 128
5524 00000000 128 128
5556 00002000 128 128
5560 00000000 128 128
5592 00002000 128 128
5596 00000000 128 128
5628 00002000 128 128
5632 00000000 128 128
5664 00002000 128 128
5668 00000000 128 128
5700 00002000 128 128
5704 00000000 128 128
5736 00002000 128 128
5740 00000000 128 128
5772 00002000 128 128
5776 00000000 128 128
5808 00002000 128 128
5812 00000000 128 128
5844 00002000 128 128
5848 00000000 128 128
5880 00002000 128 128
5884 00000000 128 128
5916 00002000 128 128
5920 00000000 128 128
5952 00002000 128 128
5956 00000000 128 128
5988 00002000 128 128
5992 00000000 128 128
6024 00002000 128 128
6028 00000000 128 128
6060 00002000 128 128
6064 00000000 128 128
6096 00002000 128 128
6100 00000000 128 128
6132 00002000 128 128
6136 00000000 128 128
6168 00002000 128 128
6172 00000000 128 128
6204 00002000 128 128
6208 00000000 128 128
6240 00002000 128 128
6244 00000000 128 128
6276 00002000 128 128
6280 00000000 128 128
6312 00002000 128 128
6316 00000000 128 128
6348 00002000 128 128
6352 00000000 128 128
6384 00002000 128 128
6388 00000000 128 128
6420 00002000 128 128
6424 00000000 128 128
6456 00002000 128 128
6460 00000000 128 128
6492 00002000 128 128
6496 00000000 128 128
6528 00002000 128 128
6532 00000000 128 128
6564 00002000 128 128
6568 00000000 128 128
6600 00002000 128 128
6604 00000000 128 128
6636 00002000 128 128
6640 00000000 128 128
6672 00002000 128 128
6676 00000000 128 128
6708 00002000 128 128
6712 00000000 128 128
6744 00002000 128 128
6748 00000000 128 128
6780 00002000 128 128
6784 00000000 128 128
6816 00002000 128 128
6820 00000000 128 128
6852 00002000 128 128
6856 00000000 128 128
6888 00002000 128 128
6892 00000000 128 128
6924 00002000 128 128
6928 00000000 128 128
6960 00002000 128 128
6964 00000000 128 128
6996 00002000 128 128
7000 00000000 128 128
7032 00002000 128 128
7036 00000000 128 128
7068 00002000 128 128
7072 00000000 128 128
7104 00002000 128 128
7108 00000000 128 128
7140 00002000 128 128
7144 00000000 128 128
7176 00002000 128 128
7180 00000000 128 128
7212 00002000 128 128
7216 00000000 128 128
7248 00002000 128 128
7252 00000000 128 128
7284 00002000 128 128
7288 00000000 128 128
7320 00002000 128 128
7324 00000000 128 128
7356 00002000 128 128
7360 00000000 128 128
7392 00002000 128 128
7396 00000000 128 128
7428 00002000 128 128
7432 00000000 128 128
7464 00002000 128 128
7468 00000000 128 128
7500 00002000 128 128
7504 00000000 128 128
7536 00002000 128 128
7540 00000000 128 128
7572 00002000 128 128
7576 00000000 128 128
7608 00002000 128 128
7612 00000000 128 128
7644 00002000 128 128
7648 00000000 128 128
7680 00002000 128 128
7684 00000000 128 128
7716 00002000 128 128
7720 00000000 128 128
7752 00002000 128 128
7756 00000000 128 128
7788 00002000 128 128
7792 00000000 128 128
7824 00002000 128 128
7828 00000000 128 128
7860 00002000 128 128
7864 00000000 128 128
7896 00002000 128 128
7900 00000000 128 128
7932 00002000 128 128
7936 00000000 128 128
7968 00002000 128 128
7972 00000000 128 128
8004 00002000 128 128
8008 00000000 128 128
8040 00002000 128 128
8044 00000000 128 128
8076 00002000 128 128
8080 00000000 128 128
8112 00002000 128 128
8116 00000000 128 128
8148 00002000 128 128
8152 00000000 128 128
8184 00002000 128 128
8188 00000000 128 128
8220 00002000 128 128
8224 00000000 128 128
8256 00002000 128 128
8260 00000000 128 128
8292 00002000 128 128
8296 00000000 128 128
8328 00002000 128 128
8332 00000000 128 128
8364 00002000 128 128
8368 00000000 128 128
8400 00002000 128 128
8404 00000000 128 128
8436 00002000 128 128
8440 00000000 128 128
8472 00002000 128 128
8476 00000000 128 128
8508 00002000 128 128
8512 00000000 128 128
8544 00002000 128 128
8548 00000000 128 128
8580 00002000 128 128
8584 00000000 128 128
8616 00002000 128 128
8620 00000000 128 128
8652 00002000 128 128
8656 00000000 128 128
8688 00002000 128 128
8692 00000000 128 128
8724 00002000 128 128
8728 00000000 128 128
8760 00002000 128 128
8764 00000000 128 128
8796 00002000 128 128
8800 00000000 128 128
8832 00002000 128 128
8836 00000000 128 128
8868 00002000 128 128
8872 00000000 128 128
8904 00002000 128 128
8908 00000000 128 128
8940 00002000 128 128
8944 00000000 128 128
8976 00002000 128 128
8980 00000000 128 128
9012 00002000 128 128
9016 00000000 128 128
9048 00002000 128 128
9052 00000000 128 128
9084 00002000 128 128
9088 00000000 128 128
9120 00002000 128 128
9124 00000000 128 128
9156 00002000 128 128
9160 00000000 128 128
9192 00002000 128 128
9196 00000000 128 128
9228 00002000 128 128
9232 00000000 128 128
9264 00002000 128 128
9268 00000000 128 128
9300 00002000 128 128
9304 00000000 128 128
9336 00002000 128 128
9340 00000000 128 128
9372 00002000 128 128
9376 00000000 128 128
9408 00002000 128 128
9412 00000000 128 128
9444 00002000 128 128
9448 00000000 128 128
9480 00002000 128 128
9484 00000000 128 128
9516 00002000 128 128
9520 00000000 128 128
9552 00002000 128 128
9556 00000000 128 128
9588 00002000 128 128
9592 00000000 128 128
9624 00002000 128 128
9628 00000000 128 128
9660 00002000 128 128
9664 00000000 128 128
9696 00002000 128 128
9700 00000000 128 128
9732 00002000 128 128
9736 00000000 128 128
9768 00002000 128 128
9772 00000000 128 128
9804 00002000 128 128
9808 00000000 128 128
9840 00002000 128 128
9844 00000000 128 128
9876 00002000 128 128
9880 00000000 128 128
9912 00002000 128 128
9916 00000000 128 128
9948 00002000 128 128
9952 00000000 128 128
9984 00002000 128 128
9988 00000000 128 128
10020 00002000 128 128
10024 00000000 128 128
10056 00002000 128 128
10060 00000000 128 128
10092 00002000 128 128
10096 00000000 128 128
10128 00002000 128 128
10132 00000000 128 128
10164 00002000 128 128
10168 00000000 128 128
10200 00002000 128 128
10204 00000000 128 128
10236 00002000 128 128
10240 00000000 128 128
10272 00002000 128 128
10276 00000000 128 128
10308 00002000 128 128
10312 00000000 128 128
10344 00002000 128 128
10348 00000000 128 128
10380 00002000 128 128
10384 00000000 128 128
10416 00002000 128 128
10420 00000000 128 128
10452 00002000 128 128
10456 00000000 128 128
10488 00002000 128 128
10492 00000000 128 128
10524 00002000 128 128
10528 00000000 128 128
10560 00002000 128 128
10564 00000000 128 128
10596 00002000 128 128
10600 00000000 128 128
10632 00002000 128 128
10636 00000000 128 128
10668 00002000 128 128
10672 00000000 128 128
10704 00002000 128 128
10708 00000000 128 128
10740 00002000 128 128
10744 00000000 128 128
10776 00002000 128 128
10780 00000000 128 128
10812 00002000 128 128
10816 00000000 128 128
10848 00002000 128 128
10852 00000000 128 128
10884 00002000 128 128
10888 00000000 128 128
10920 00002000 128 128
10924 00000000 128 128
10956 00002000 128 128
10960 00000000 128 128
10992 00002000 128 128
10996 00000000 128 128
11028 00002000 128 128
11032 00000000 128 128
11064 00002000 128 128
11068 00000000 128 128
11100 00002000 128 128
11104 00000000 128 128
11136 00002000 128 128
11140 00000000 128 128
11172 00002000 128 128
11176 00000000 128 128
11208 00002000 128 128
11212 00000000 128 128
11244 00002000 128 128
11248 00000000 128 128
11280 00002000 128 128
11284 00000000 128 128
11316 00002000 128 128
11320 00000000 128 128
11352 00002000 128 128
11356 00000000 128 128
11388 00002000 128 128
11392 00000000 128 128
11424 00002000 128 128
11428 00000000 128 128
11460 00002000 128 128
11464 00000000 128 128
11496 00002000 128 128
11500 00000000 128 128
11532 00002000 128 128
11536 00000000 128 128
11568 00002000 128 128
11572 00000000 128 128
11604 00002000 128 128
11608 00000000 128 128
11640 00002000 128 128
11644 00000000 128 128
11676 00002000 128 128
11680 00000000 128 128
11712 00002000 128 128
11716 00000000 128 128
11748 00002000 128 128
11752 00000000 128 128
11784 00002000 128 128
11788 00000000 128 128
11820 00002000 128 128
11824 00000000 128 128
11856 00002000 128 128
11860 00000000 128 128
11892 00002000 128 128
11896 00000000 128 128
11928 00002000 128 128
11932 00000000 128 128
11964 00002000 128 128
11968 00000000 128 128
12000 00002000 128 128
12004 00000000 128 128
12036 00002000 128 128
12040 00000000 128 128
12072 00002000 128 128
12076 00000000 128 128
12108 00002000 128 128
12112 00000000 128 128
12264 00004000 128 128
12268 00000000 128 128
12300 00004000 128 128
12304 00000000 128 128
12336 00004000 128 128
12340 00000000 128 128
12372 00004000 128 128
12376 00000000 128 128
12408 00004000 128 128
12412 00000000 128 128
12444 00004000 128 128
12448 00000000 128 128
12480 00004000 128 128
12484 00000000 128 128
12516 00004000 128 128
12520 00000000 128 128
12552 00004000 128 128
12556 00000000 128 128
12588 00004000 128 128
12592 00000000 128 128
12624 00004000 128 128
12628 00000000 128 128
12660 00004000 128 128
12664 00000000 128 128
12696 00004000 128 128
12700 00000000 128 128
12732 00004000 128 128
12736 00000000 128 128
12768 00004000 128 128
12772 00000000 128 128
12804 00004000 128 128
12808 00000000 128 128
12840 00004000 128 128
12844 00000000 128 128
12876 00004000 128 128
12880 00000000 128 128
12912 00004000 128 128
12916 00000000 128 128
12948 00004000 128 128
12952 00000000 128 128
12984 00004000 128 128
12988 00000000 128 128
13020 00004000 128 128
13024 00000000 128 128
13056 00004000 128 128
13060 00000000 128 128
13092 00004000 128 128
13096 00000000 128 128
13128 00004000 128 128
13132 00000000 128 128
13164 00004000 128 128
13168 00000000 128 128
13200 00004000 128 128
13204 00000000 128 128
13236 00004000 128 128
13240 00000000 128 128
13272 00004000 128 128
13276 00000000 128 128
13308 00004000 128 128
13312 00000000 128 128
13344 00004000 128 128
13348 00000000 128 128
13380 00004000 128 128
13384 00000000 128 128
13416 00004000 128 128
13420 00000000 128 128
13452 00004000 128 128
13456 00000000 128 128
13488 00004000 128 128
13492 00000000 128 128
13524 00004000 128 128
13528 00000000 128 128
13560 00004000 128 128
13564 00000000 128 128
13596 00004000 128 128
13600 00000000 128 128
13632 00004000 128 128
13636 00000000 128 128
13668 00004000 128 128
13672 00000000 128 128
13764 00000020 128 128
13772 00000000 128 128
13774 00000010 128 128
13798 00000000 128 128
13800 00000080 128 128
13808 00000000 128 128
13810 00000010 128 128
13834 00000000 128 128
14136 00004000 128 128
14140 00000000 128 128
14172 00004000 128 128
14176 00000000 128 128
14208 00004000 128 128
14212 00000000 128 128
14244 00004000 128 128
14248 00000000 128 128
14280 00004000 128 128
14284 00000000 128 128
14316 00004000 128 128
14320 00000000 128 128
14352 00004000 128 128
14356 00000000 128 128
14388 00004000 128 128
14392 00000000 128 128
14424 00004000 128 128
14428 00000000 128 128
14460 00004000 128 128
14464 00000000 128 128
14496 00004000 128 128
14500 00000000 128 128
14532 00004000 128 128
14536 00000000 128 128
14568 00004000 128 128
14572 00000000 128 128
14604 00004000 128 128
14608 00000000 128 128
14640 00004000 128 128
14644 00000000 128 128
14676 00004000 128 128
14680 00000000 128 128
14712 00004000 128 128
14716 00000000 128 128
14748 00004000 128 128
14752 00000000 128 128
14784 00004000 128 128
14788 00000000 128 128
14820 00004000 128 128
14824 00000000 128 128
14856 00004000 128 128
14860 00000000 128 128
14892 00004000 128 128
14896 00000000 128 128
14928 00004000 128 128
14932 00000000 128 128
14964 00004000 128 128
14968 00000000 128 128
15000 00004000 128 128
15004 00000000 128 128
15036 00004000 128 128
15040 00000000 128 128
15072 00004000 128 128
15076 00000000 128 128
15108 00004000 128 128
15112 00000000 128 128
15144 00004000 128 128
15148 00000000 128 128
15180 00004000 128 128
15184 00000000 128 128
15216 00004000 128 128
15220 00000000 128 128
15252 00004000 128 128
15256 00000000 128 128
15288 00004000 128 128
15292 00000000 128 128
15324 00004000 128 128
15328 00000000 128 128
15360 00004000 128 128
15364 00000000 128 128
15396 00004000 128 128
15400 00000000 128 128
15432 00004000 128 128
15436 00000000 128 128
15468 00004000 128 128
15472 00000000 128 128
15504 00004000 128 128
15508 00000000 128 128
15540 00004000 128 128
15544 00000000 128 128
15576 00004000 128 128
15580 00000000 128 128
15612 00004000 128 128
15616 00000000 128 128
15648 00004000 128 128
15652 00000000 128 128
15684 00004000 128 128
15688 00000000 128 128
15720 00004000 128 128
15724 00000000 128 128
15756 00004000 128 128
15760 00000000 128 128
15792 00004000 128 128
15796 00000000 128 128
15828 00004000 128 128
15832 00000000 128 128
15864 00004000 128 128
15868 00000000 128 128
15900 00004000 128 128
15904 00000000 128 128
15936 00004000 128 128
15940 00000000 128 128
15972 00004000 128 128
15976 00000000 128 128
16008 00004000 128 128
16012 00000000 128 128
16044 00004000 128 128
16048 00000000 128 128
16080 00004000 128 128
16084 00000000 128 128
16116 00004000 128 128
16120 00000000 128 128
16152 00004000 128 128
16156 00000000 128 128
16188 00004000 128 128
16192 00000000 128 128
16224 00004000 128 128
16228 00000000 128 128
16260 00004000 128 128
16264 00000000 128 128
16296 00004000 128 128
16300 00000000 128 128
16332 00004000 128 128
16336 00000000 128 128
16368 00004000 128 128
16372 00000000 128 128
16404 00004000 128 128
16408 00000000 128 128
16440 00004000 128 128
16444 00000000 128 128
16476 00004000 128 128
16480 00000000 128 128
16512 00004000 128 128
16516 00000000 128 128
16548 00004000 128 128
16552 00000000 128 128
16584 00004000 128 128
16588 00000000 128 128
16620 00004000 128 128
16624 00000000 128 128
16656 00004000 128 128
16660 00000000 128 128
16692 00004000 128 128
16696 00000000 128 128
16728 00004000 128 128
16732 00000000 128 128
16764 00004000 128 128
16768 00000000 128 128
16800 00004000 128 128
16804 00000000 128 128
16836 00004000 128 128
16840 00000000 128 128
16872 00004000 128 128
16876 00000000 128 128
16908 00004000 128 128
16912 00000000 128 128
16944 00004000 128 128
16948 00000000 128 128
16980 00004000 128 128
16984 00000000 128 128
17016 00004000 128 128
17020 00000000 128 128
17052 00004000 128 128
17056 00000000 128 128
17088 00004000 128 128
17092 00000000 128 128
17124 00004000 128 128
17128 00000000 128 128
17160 00004000 128 128
17164 00000000 128 128
17196 00004000 128 128
17200 00000000 128 128
17232 00004000 128 128
17236 00000000 128 128
17268 00004000 128 128
17272 00000000 128 128
17304 00004000 128 128
17308 00000000 128 128
17340 00004000 128 128
17344 00000000 128 128
17376 00004000 128 128
17380 00000000 128 128
17412 00004000 128 128
17416 00000000 128 128
17448 00004000 128 128
17452 00000000 128 128
17484 00004000 128 128
17488 00000000 128 128
17520 00004000 128 128
17524 00000000 128 128
17556 00004000 128 128
17560 00000000 128 128
17592 00004000 128 128
17596 00000000 128 128
17628 00004000 128 128
17632 00000000 128 128
17664 00004000 128 128
17668 00000000 128 128
17700 00004000 128 128
17704 00000000 128 128
17856 00000010 128 128
17888 00000000 128 128
17890 00000080 128 128
17898 00000000 128 128
17900 00000010 128 128
17924 00000000 128 128
17986 00002000 128 128
17990 00000000 128 128
18092 00002000 128 128
18096 00000000 128 128
18128 00002000 128 128
18132 00000000 128 128
18164 00002000 128 128
18168 00000000 128 128
18200 00002000 128 128
18204 00000000 128 128
18236 00002000 128 128
18240 00000000 128 128
18272 00002000 128 128
18276 00000000 128 128
18308 00002000 128 128
18312 00000000 128 128
18344 00002000 128 128
18348 00000000 128 128
18380 00002000 128 128
18384 00000000 128 128
18416 00002000 128 128
18420 00000000 128 128
18452 00002000 128 128
18456 00000000 128 128
18488 00002000 128 128
18492 00000000 128 128
18524 00002000 128 128
18528 00000000 128 128
18560 00002000 128 128
18564 00000000 128 128
18596 00002000 128 128
18600 00000000 128 128
18632 00002000 128 128
18636 00000000 128 128
18668 00002000 128 128
18672 00000000 128 128
18704 00002000 128 128
18708 00000000 128 128
18740 00002000 128 128
18744 00000000 128 128
18776 00002000 128 128
18780 00000000 128 128
18812 00002000 128 128
18816 00000000 128 128
18848 00002000 128 128
18852 00000000 128 128
18884 00002000 128 128
18888 00000000 128 128
18920 00002000 128 128
18924 00000000 128 128
18956 00002000 128 128
18960 00000000 128 128
18992 00002000 128 128
18996 00000000 128 128
19028 00002000 128 128
19032 00000000 128 128
19064 00002000 128 128
19068 00000000 128 128
19100 00002000 128 128
19104 00000000 128 128
19136 00002000 128 128
19140 00000000 128 128
19172 00002000 128 128
19176 00000000 128 128
19208 00002000 128 128
19212 00000000 128 128
19244 00002000 128 128
19248 00000000 128 128
19280 00002000 128 128
19284 00000000 128 128
19316 00002000 128 128
19320 00000000 128 128
19352 00002000 128 128
19356 00000000 128 128
19388 00002000 128 128
19392 00000000 128 128
19424 00002000 128 128
19428 00000000 128 128
19460 00002000 128 128
19464 00000000 128 128
19496 00002000 128 128
19500 00000000 128 128
19532 00002000 128 128
19536 00000000 128 128
19568 00002000 128 128
19572 00000000 128 128
19604 00002000 128 128
19608 00000000 128 128
19640 00002000 128 128
19644 00000000 128 128
19676 00002000 128 128
19680 00000000 128 128
19712 00002000 128 128
19716 00000000 128 128
19748 00002000 128 128
19752 00000000 128 128
19784 00002000 128 128
19788 00000000 128 128
19820 00002000 128 128
19824 00000000 128 128
19856 00002000 128 128
19860 00000000 128 128
19892 00002000 128 128
19896 00000000 128 128
19928 00002000 128 128
19932 00000000 128 128
19964 00002000 128 128
19968 00000000 128 128
20000 00002000 128 128
20004 00000000 128 128
20036 00002000 128 128
20040 00000000 128 128
20072 00002000 128 128
20076 00000000 128 128
20108 00002000 128 128
20112 00000000 128 128
20144 00002000 128 128
20148 00000000 128 128
20180 00002000 128 128
20184 00000000 128 128
20216 00002000 128 128
20220 00000000 128 128
20252 00002000 128 128
20256 00000000 128 128
20288 00002000 128 128
20292 00000000 128 128
20324 00002000 128 128
20328 00000000 128 128
20360 00002000 128 128
20364 00000000 128 128
20396 00002000 128 128
20400 00000000 128 128
20432 00002000 128 128
20436 00000000 128 128
20468 00002000 128 128
20472 00000000 128 128
20504 00002000 128 128
20508 00000000 128 128
20540 00002000 128 128
20544 00000000 128 128
20576 00002000 128 128
20580 00000000 128 128
20612 00002000 128 128
20616 00000000 128 128
20648 00002000 128 128
20652 00000000 128 128
20684 00002000 128 128
20688 00000000 128 128
20720 00002000 128 128
20724 00000000 128 128
20756 00002000 128 128
20760 00000000 128 128
20792 00002000 128 128
20796 00000000 128 128
20828 00002000 128 128
20832 00000000 128 128
20864 00002000 128 128
20868 00000000 128 128
20900 00002000 128 128
20904 00000000 128 128
20936 00002000 128 128
20940 00000000 128 128
20972 00002000 128 128
20976 00000000 128 128
21008 00002000 128 128
21012 00000000 128 128
21044 00002000 128 128
21048 00000000 128 128
21080 00002000 128 128
21084 00000000 128 128
21116 00002000 128 128
21120 00000000 128 128
21152 00002000 128 128
21156 00000000 128 128
21188 00002000 128 128
21192 00000000 128 128
21224 00002000 128 128
21228 00000000 128 128
21260 00002000 128 128
21264 00000000 128 128
21296 00002000 128 128
21300 00000000 128 128
21332 00002000 128 128
21336 00000000 128 128
21368 00002000 128 128
21372 00000000 128 128
21404 00002000 128 128
21408 00000000 128 128
21440 00002000 128 128
21444 00000000 128 128
21476 00002000 128 128
21480 00000000 128 128
21512 00002000 128 128
21516 00000000 128 128
21548 00002000 128 128
21552 00000000 128 128
21584 00002000 128 128
21588 00000000 128 128
21620 00002000 128 128
21624 00000000 128 128
21656 00002000 128 128
21660 00000000 128 128
21692 00002000 128 128
21696 00000000 128 128
21728 00002000 128 128
21732 00000000 128 128
21764 00002000 128 128
21768 00000000 128 128
21800 00002000 128 128
21804 00000000 128 128
21836 00002000 128 128
21840 00000000 128 128
21872 00002000 128 128
21876 00000000 128 128
21908 00002000 128 128
21912 00000000 128 128
21944 00002000 128 128
21948 00000000 128 128
21980 00002000 128 128
21984 00000000 128 128
22016 00002000 128 128
22020 00000000 128 128
22052 00002000 128 128
22056 00000000 128 128
22088 00002000 128 128
22092 00000000 128 128
22124 00002000 128 128
22128 00000000 128 128
22160 00002000 128 128
22164 00000000 128 128
22196 00002000 128 128
22200 00000000 128 128
22232 00002000 128 128
22236 00000000 128 128
22268 00002000 128 128
22272 00000000 128 128
22304 00002000 128 128
22308 00000000 128 128
22340 00002000 128 128
22344 00000000 128 128
22376 00002000 128 128
22380 00000000 128 128
22412 00002000 128 128
22416 00000000 128 128
22448 00002000 128 128
22452 00000000 128 128
22484 00002000 128 128
22488 00000000 128 128
22520 00002000 128 128
22524 00000000 128 128
22556 00002000 128 128
22560 00000000 128 128
22592 00002000 128 128
22596 00000000 128 128
22628 00002000 128 128
22632 00000000 128 128
22664 00002000 128 128
22668 00000000 128 128
22700 00002000 128 128
22704 00000000 128 128
22736 00002000 128 128
22740 00000000 128 128
22772 00002000 128 128
22776 00000000 128 128
22808 00002000 128 128
22812 00000000 128 128
22844 00002000 128 128
22848 00000000 128 128
22880 00002000 128 128
22884 00000000 128 128
22916 00002000 128 128
22920 00000000 128 128
22952 00002000 128 128
22956 00000000 128 128
22988 00002000 128 128
22992 00000000 128 128
23024 00002000 128 128
23028 00000000 128 128
23060 00002000 128 128
23064 00000000 128 128
23096 00002000 128 128
23100 00000000 128 128
23132 00002000 128 128
23136 00000000 128 128
23168 00002000 128 128
23172 00000000 128 128
23204 00002000 128 128
23208 00000000 128 128
23240 00002000 128 128
23244 00000000 128 128
23276 00002000 128 128
23280 00000000 128 128
23312 00002000 128 128
23316 00000000 128 128
23348 00002000 128 128
23352 00000000 128 128
23384 00002000 128 128
23388 00000000 128 128
23420 00002000 128 128
23424 00000000 128 128
23456 00002000 128 128
23460 00000000 128 128
23492 00002000 128 128
23496 00000000 128 128
23528 00002000 128 128
23532 00000000 128 128
23564 00002000 128 128
23568 00000000 128 128
23600 00002000 128 128
23604 00000000 128 128
23636 00002000 128 128
23640 00000000 128 128
23672 00002000 128 128
23676 00000000 128 128
23708 00002000 128 128
23712 00000000 128 128
23744 00002000 128 128
23748 00000000 128 128
23780 00002000 128 128
23784 00000000 128 128
23816 00002000 128 128
23820 00000000 128 128
23852 00002000 128 128
23856 00000000 128 128
23888 00002000 128 128
23892 00000000 128 128
23924 00002000 128 128
23928 00000000 128 128
23960 00002000 128 128
23964 00000000 128 128
23996 00002000 128 128
24000 00000000 128 128
24032 00002000 128 128
24036 00000000 128 128
24068 00002000 128 128
24072 00000000 128 128
24104 00002000 128 128
24108 00000000 128 128
24140 00002000 128 128
24144 00000000 128 128
24176 00002000 128 128
24180 00000000 128 128
24212 00002000 128 128
24216 00000000 128 128
24248 00002000 128 128
24252 00000000 128 128
24284 00002000 128 128
24288 00000000 128 128
24320 00002000 128 128
24324 00000000 128 128
24356 00002000 128 128
24360 00000000 128 128
24392 00002000 128 128
24396 00000000 128 128
24428 00002000 128 128
24432 00000000 128 128
24464 00002000 128 128
24468 00000000 128 128
24500 00002000 128 128
24504 00000000 128 128
24536 00002000 128 128
24540 00000000 128 128
24572 00002000 128 128
24576 00000000 128 128
24608 00002000 128 128
24612 00000000 128 128
24644 00002000 128 128
24648 00000000 128 128
24680 00002000 128 128
24684 00000000 128 128
24716 00002000 128 128
24720 00000000 128 128
24752 00002000 128 128
24756 00000000 128 128
24788 00002000 128 128
24792 00000000 128 128
24824 00002000 128 128
24828 00000000 128 128
24860 00002000 128 128
24864 00000000 128 128
24896 00002000 128 128
24900 00000000 128 128
24932 00002000 128 128
24936 00000000 128 128
24968 00002000 128 128
24972 00000000 128 128
25004 00002000 128 128
25008 00000000 128 128
25040 00002000 128 128
25044 00000000 128 128
25076 00002000 128 128
25080 00000000 128 128
25112 00002000 128 128
25116 00000000 128 128
25148 00002000 128 128
25152 00000000 128 128
25184 00002000 128 128
25188 00000000 128 128
25220 00002000 128 128
25224 00000000 128 128
25256 00002000 128 128
25260 00000000 128 128
25292 00002000 128 128
25296 00000000 128 128
25328 00002000 128 128
25332 00000000 128 128
25364 00002000 128 128
25368 00000000 128 128
25400 00002000 128 128
25404 00000000 128 128
25436 00002000 128 128
25440 00000000 128 128
25472 00002000 128 128
25476 00000000 128 128
25508 00002000 128 128
25512 00000000 128 128
25544 00002000 128 128
25548 00000000 128 128
25580 00002000 128 128
25584 00000000 128 128
25616 00002000 128 128
25620 00000000 128 128
25652 00002000 128 128
25656 00000000 128 128
25688 00002000 128 128
25692 00000000 128 128
25724 00002000 128 128
25728 00000000 128 128
25760 00002000 128 128
25764 00000000 128 128
25796 00002000 128 128
25800 00000000 128 128
25832 00002000 128 128
25836 00000000 128 128
25868 00002000 128 128
25872 00000000 128 128
25904 00002000 128 128
25908 00000000 128 128
25940 00002000 128 128
25944 00000000 128 128
25976 00002000 128 128
25980 00000000 128 128
26012 00002000 128 128
26016 00000000 128 128
26048 00002000 128 128
26052 00000000 128 128
26084 00002000 128 128
26088 00000000 128 128
26120 00002000 128 128
26124 00000000 128 128
26156 00002000 128 128
26160 00000000 128 128
26192 00002000 128 128
26196 00000000 128 128
26228 00002000 128 128
26232 00000000 128 128
26264 00002000 128 128
26268 00000000 128 128
26300 00002000 128 128
26304 00000000 128 128
26336 00002000 128 128
26340 00000000 128 128
26372 00002000 128 128
26376 00000000 128 128
26408 00002000 128 128
26412 00000000 128 128
26444 00002000 128 128
26448 00000000 128 128
26480 00002000 128 128
26484 00000000 128 128
26516 00002000 128 128
26520 00000000 128 128
26552 00002000 128 128
26556 00000000 128 128
26588 00002000 128 128
26592 00000000 128 128
26624 00002000 128 128
26628 00000000 128 128
26660 00002000 128 128
26664 00000000 128 128
26696 00002000 128 128
26700 00000000 128 128
26732 00002000 128 128
26736 00000000 128 128
26768 00002000 128 128
26772 00000000 128 128
26804 00002000 128 128
26808 00000000 128 128
26840 00002000 128 128
26844 00000000 128 128
26876 00002000 128 128
26880 00000000 128 128
26912 00002000 128 128
26916 00000000 128 128
26948 00002000 128 128
26952 00000000 128 128
26984 00002000 128 128
26988 00000000 128 128
27020 00002000 128 128
27024 00000000 128 128
27056 00002000 128 128
27060 00000000 128 128
27092 00002000 128 128
27096 00000000 128 128
27128 00002000 128 128
27132 00000000 128 128
27164 00002000 128 128
27168 00000000 128 128
27200 00002000 128 128
27204 00000000 128 128
27236 00002000 128 128
27240 00000000 128 128
27272 00002000 128 128
27276 00000000 128 128
27308 00002000 128 128
27312 00000000 128 128
27344 00002000 128 128
27348 00000000 128 128
27380 00002000 128 128
27384 00000000 128 128
27416 00002000 128 128
27420 00000000 128 128
27452 00002000 128 128
27456 00000000 128 128
27488 00002000 128 128
27492 00000000 128 128
27524 00002000 128 128
27528 00000000 128 128
27560 00002000 128 128
27564 00000000 128 128
27596 00002000 128 128
27600 00000000 128 128
27632 00002000 128 128
27636 00000000 128 128
27668 00002000 128 128
27672 00000000 128 128
27704 00002000 128 128
27708 00000000 128 128
27740 00002000 128 128
27744 00000000 128 128
27776 00002000 128 128
27780 00000000 128 128
27812 00002000 128 128
27816 00000000 128 128
27848 00002000 128 128
27852 00000000 128 128
27884 00002000 128 128
27888 00000000 128 128
27920 00002000 128 128
27924 00000000 128 128
27956 00002000 128 128
27960 00000000 128 128
27992 00002000 128 128
27996 00000000 128 128
28028 00002000 128 128
28032 00000000 128 128
28064 00002000 128 128
28068 00000000 128 128
28100 00002000 128 128
28104 00000000 128 128
28136 00002000 128 128
28140 00000000 128 128
28172 00002000 128 128
28176 00000000 128 128
28208 00002000 128 128
28212 00000000 128 128
28244 00002000 128 128
28248 00000000 128 128
28280 00002000 128 128
28284 00000000 128 128
28316 00002000 128 128
28320 00000000 128 128
28352 00002000 128 128
28356 00000000 128 128
28388 00002000 128 128
28392 00000000 128 128
28424 00002000 128 128
28428 00000000 128 128
28460 00002000 128 128
28464 00000000 128 128
28496 00002000 128 128
28500 00000000 128 128
28532 00002000 128 128
28536 00000000 128 128
28568 00002000 128 128
28572 00000000 128 128
28604 00002000 128 128
28608 00000000 128 128
28640 00002000 128 128
28644 00000000 128 128
28676 00002000 128 128
28680 00000000 128 128
28712 00002000 128 128
28716 00000000 128 128
28748 00002000 128 128
28752 00000000 128 128
28784 00002000 128 128
28788 00000000 128 128
28820 00002000 128 128
28824 00000000 128 128
28856 00002000 128 128
28860 00000000 128 128
29012 00004000 128 128
29016 00000000 128 128
29048 00004000 128 128
29052 00000000 128 128
29084 00004000 128 128
29088 00000000 128 128
29120 00004000 128 128
29124 00000000 128 128
29156 00004000 128 128
29160 00000000 128 128
29192 00004000 128 128
29196 00000000 128 128
29228 00004000 128 128
29232 00000000 128 128
29264 00004000 128 128
29268 00000000 128 128
29300 00004000 128 128
29304 00000000 128 128
29336 00004000 128 128
29340 00000000 128 128
29372 00004000 128 128
29376 00000000 128 128
29408 00004000 128 128
29412 00000000 128 128
29444 00004000 128 128
29448 00000000 128 128
29480 00004000 128 128
29484 00000000 128 128
29516 00004000 128 128
29520 00000000 128 128
29552 00004000 128 128
29556 00000000 128 128
29588 00004000 128 128
29592 00000000 128 128
29624 00004000 128 128
29628 00000000 128 128
29660 00004000 128 128
29664 00000000 128 128
29696 00004000 128 128
29700 00000000 128 128
29732 00004000 128 128
29736 00000000 128 128
29768 00004000 128 128
29772 00000000 128 128
29804 00004000 128 128
29808 00000000 128 128
29840 00004000 128 128
29844 00000000 128 128
29876 00004000 128 128
29880 00000000 128 128
29912 00004000 128 128
29916 00000000 128 128
29948 00004000 128 128
29952 00000000 128 128
29984 00004000 128 128
29988 00000000 128 128
30020 00004000 128 128
30024 00000000 128 128
30056 00004000 128 128
30060 00000000 128 128
30092 00004000 128 128
30096 00000000 128 128
30128 00004000 128 128
30132 00000000 128 128
30164 00004000 128 128
30168 00000000 128 128
30200 00004000 128 128
30204 00000000 128 128
30236 00004000 128 128
30240 00000000 128 128
30272 00004000 128 128
30276 00000000 128 128
30308 00004000 128 128
30312 00000000 128 128
30344 00004000 128 128
30348 00000000 128 128
30380 00004000 128 128
30384 00000000 128 128
30416 00004000 128 128
30420 00000000 128 128
30452 00004000 128 128
30456 00000000 128 128
30488 00004000 128 128
30492 00000000 128 128
30524 00004000 128 128
30528 00000000 128 128
30560 00004000 128 128
30564 00000000 128 128
30596 00004000 128 128
30600 00000000 128 128
30632 00004000 128 128
30636 00000000 128 128
30668 00004000 128 128
30672 00000000 128 128
30704 00004000 128 128
30708 00000000 128 128
30740 00004000 128 128
30744 00000000 128 128
30776 00004000 128 128
30780 00000000 128 128
30812 00004000 128 128
30816 00000000 128 128
30848 00004000 128 128
30852 00000000 128 128
30884 00004000 128 128
30888 00000000 128 128
30920 00004000 128 128
30924 00000000 128 128
30956 00004000 128 128
30960 00000000 128 128
30992 00004000 128 128
30996 00000000 128 128
31028 00004000 128 128
31032 00000000 128 128
31064 00004000 128 128
31068 00000000 128 128
31100 00004000 128 128
31104 00000000 128 128
31136 00004000 128 128
31140 00000000 128 128
31232 00001000 128 128
31236 00000000 128 128
31338 00000010 128 128
31344 00000000 128 128
31366 00000010 128 128
31372 00000000 128 128
31394 00000010 128 128
31400 00000000 128 128
31422 00000020 128 128
31428 00000000 128 128
31460 00002000 128 128
31464 00000000 128 128
31876 00002000 128 128
31880 00000000 128 128
32092 00002000 128 128
32096 00000000 128 128
32308 00002000 128 128
32312 00000000 128 128
32524 00002000 128 128
32528 00000000 128 128
32740 00002000 128 128
32744 00000000 128 128
33016 00000000 128 128
