0 00000000 128 128
150 00000008 128 128
152 00000000 128 128
300 00000008 128 128
302 00000000 128 128
450 00002000 128 128
452 00000000 128 128
1200 00000040 128 128
1216 00000000 128 128
1300 00000020 128 128
1410 00000000 128 128
1500 00000010 128 128
1508 00000000 128 128
1600 00002000 128 128
1604 00000000 128 128
1634 00002000 128 128
1638 00000000 128 128
1668 00002000 128 128
1672 00000000 128 128
1702 00002000 128 128
1706 00000000 128 128
1736 00002000 128 128
1740 00000000 128 128
1770 00002000 128 128
1774 00000000 128 128
1804 00002000 128 128
1808 00000000 128 128
1838 00002000 128 128
1842 00000000 128 128
1872 00002000 128 128
1876 00000000 128 128
1906 00002000 128 128
1910 00000000 128 128
1940 00002000 128 128
1944 00000000 128 128
1974 00002000 128 128
1978 00000000 128 128
2008 00002000 128 128
2012 00000000 128 128
2042 00002000 128 128
2046 00000000 128 128
2076 00002000 128 128
2080 00000000 128 128
2110 00002000 128 128
2114 00000000 128 128
2144 00002000 128 128
2148 00000000 128 128
2178 00002000 128 128
2182 00000000 128 128
2212 00002000 128 128
2216 00000000 128 128
2246 00002000 128 128
2250 00000000 128 128
2280 00002000 128 128
2284 00000000 128 128
2314 00002000 128 128
2318 00000000 128 128
2348 00002000 128 128
2352 00000000 128 128
2382 00002000 128 128
2386 00000000 128 128
2416 00002000 128 128
2420 00000000 128 128
2450 00002000 128 128
2454 00000000 128 128
2484 00002000 128 128
2488 00000000 128 128
2518 00002000 128 128
2522 00000000 128 128
2552 00002000 128 128
2556 00000000 128 128
2586 00002000 128 128
2590 00000000 128 128
2620 00000000 128 128
