0 00000000 128 128
150 00000008 128 128
152 00000000 128 128
300 00000008 128 128
302 00000000 128 128
450 00002000 128 128
452 00000000 128 128
900 00004000 128 128
904 00000000 128 128
936 00004000 128 128
940 00000000 128 128
972 00004000 128 128
976 00000000 128 128
1008 00004000 128 128
1012 00000000 128 128
1144 00000020 128 128
1168 00000000 128 128
1210 00000010 128 128
1218 00000000 128 128
1280 00002000 128 128
1284 00000000 128 128
1596 00002000 128 128
1600 00000000 128 128
1912 00002000 128 128
1916 00000000 128 128
2228 00002000 128 128
2232 00000000 128 128
2444 00002000 128 128
2448 00000000 128 128
3360 00000000 128 128
