0 00000000 128 128
150 00000008 128 128
152 00000000 128 128
300 00000008 128 128
302 00000000 128 128
450 00002000 128 128
452 00000000 128 128
700 00000080 128 128
1300 00000000 128 128
1302 00000010 128 128
1902 00000000 128 128
1904 00000020 128 128
2000 00000000 128 128
2002 00000010 128 128
2602 00000000 128 128
2604 00004000 128 128
2608 00000000 128 128
2640 00004000 128 128
2644 00000000 128 128
2676 00004000 128 128
2680 00000000 128 128
2712 00004000 128 128
2716 00000000 128 128
2748 00004000 128 128
2752 00000000 128 128
2784 00004000 128 128
2788 00000000 128 128
2820 00004000 128 128
2824 00000000 128 128
2856 00004000 128 128
2860 00000000 128 128
2892 00004000 128 128
2896 00000000 128 128
2928 00004000 128 128
2932 00000000 128 128
2964 00004000 128 128
2968 00000000 128 128
3000 00004000 128 128
3004 00000000 128 128
3036 00004000 128 128
3040 00000000 128 128
3072 00004000 128 128
3076 00000000 128 128
3108 00004000 128 128
3112 00000000 128 128
3144 00004000 128 128
3148 00000000 128 128
3180 00004000 128 128
3184 00000000 128 128
3216 00004000 128 128
3220 00000000 128 128
3252 00004000 128 128
3256 00000000 128 128
3288 00004000 128 128
3292 00000000 128 128
3324 00004000 128 128
3328 00000000 128 128
3360 00004000 128 128
3364 00000000 128 128
3396 00004000 128 128
3400 00000000 128 128
3432 00004000 128 128
3436 00000000 128 128
3468 00004000 128 128
3472 00000000 128 128
3504 00004000 128 128
3508 00000000 128 128
3540 00004000 128 128
3544 00000000 128 128
3576 00004000 128 128
3580 00000000 128 128
3612 00004000 128 128
3616 00000000 128 128
3648 00004000 128 128
3652 00000000 128 128
3684 00004000 128 128
3688 00000000 128 128
3720 00004000 128 128
3724 00000000 128 128
3756 00004000 128 128
3760 00000000 128 128
3792 00004000 128 128
3796 00000000 128 128
3828 00004000 128 128
3832 00000000 128 128
3864 00004000 128 128
3868 00000000 128 128
3900 00004000 128 128
3904 00000000 128 128
3936 00004000 128 128
3940 00000000 128 128
3972 00004000 128 128
3976 00000000 128 128
4008 00004000 128 128
4012 00000000 128 128
4044 00004000 128 128
4048 00000000 128 128
4080 00004000 128 128
4084 00000000 128 128
4116 00004000 128 128
4120 00000000 128 128
4152 00004000 128 128
4156 00000000 128 128
4188 00004000 128 128
4192 00000000 128 128
4224 00004000 128 128
4228 00000000 128 128
4260 00004000 128 128
4264 00000000 128 128
4296 00004000 128 128
4300 00000000 128 128
4332 00004000 128 128
4336 00000000 128 128
4368 00004000 128 128
4372 00000000 128 128
4404 00004000 128 128
4408 00000000 128 128
4440 00004000 128 128
4444 00000000 128 128
4476 00004000 128 128
4480 00000000 128 128
4512 00004000 128 128
4516 00000000 128 128
4548 00004000 128 128
4552 00000000 128 128
4584 00004000 128 128
4588 00000000 128 128
4620 00004000 128 128
4624 00000000 128 128
4656 00004000 128 128
4660 00000000 128 128
4692 00004000 128 128
4696 00000000 128 128
4728 00004000 128 128
4732 00000000 128 128
4824 00000010 128 128
5724 00000000 128 128
5726 00000020 128 128
5758 00000000 128 128
5760 00000010 128 128
6660 00000000 128 128
6662 00000000 128 128
