0 00000000 128 128
150 00000008 128 128
152 00000000 128 128
300 00000008 128 128
302 00000000 128 128
450 00002000 128 128
452 00000000 128 128
1200 00000040 128 128
1208 00000000 128 128
1300 00000020 128 128
1380 00000000 128 128
1500 00000010 128 128
1508 00000000 128 128
2000 00000010 128 128
2024 00000000 128 128
2100 00000020 128 128
2116 00000000 128 128
2200 00002000 128 128
2204 00000000 128 128
2234 00002000 128 128
2238 00000000 128 128
2268 00002000 128 128
2272 00000000 128 128
2302 00002000 128 128
2306 00000000 128 128
2336 00002000 128 128
2340 00000000 128 128
2370 00002000 128 128
2374 00000000 128 128
2404 00002000 128 128
2408 00000000 128 128
2438 00002000 128 128
2442 00000000 128 128
2472 00002000 128 128
2476 00000000 128 128
2506 00002000 128 128
2510 00000000 128 128
2540 00002000 128 128
2544 00000000 128 128
2574 00002000 128 128
2578 00000000 128 128
2608 00002000 128 128
2612 00000000 128 128
2642 00002000 128 128
2646 00000000 128 128
2676 00002000 128 128
2680 00000000 128 128
2710 00002000 128 128
2714 00000000 128 128
2744 00002000 128 128
2748 00000000 128 128
2778 00002000 128 128
2782 00000000 128 128
2812 00002000 128 128
2816 00000000 128 128
2846 00002000 128 128
2850 00000000 128 128
2880 00002000 128 128
2884 00000000 128 128
2914 00002000 128 128
2918 00000000 128 128
2948 00002000 128 128
2952 00000000 128 128
2982 00002000 128 128
2986 00000000 128 128
3016 00002000 128 128
3020 00000000 128 128
3050 00002000 128 128
3054 00000000 128 128
3084 00002000 128 128
3088 00000000 128 128
3118 00002000 128 128
3122 00000000 128 128
3152 00002000 128 128
3156 00000000 128 128
3186 00002000 128 128
3190 00000000 128 128
3220 00002000 128 128
3224 00000000 128 128
3254 00002000 128 128
3258 00000000 128 128
3288 00002000 128 128
3292 00000000 128 128
3322 00002000 128 128
3326 00000000 128 128
3356 00002000 128 128
3360 00000000 128 128
3390 00002000 128 128
3394 00000000 128 128
3424 00002000 128 128
3428 00000000 128 128
3458 00002000 128 128
3462 00000000 128 128
3492 00002000 128 128
3496 00000000 128 128
3526 00002000 128 128
3530 00000000 128 128
3560 00002000 128 128
3564 00000000 128 128
3594 00002000 128 128
3598 00000000 128 128
3628 00002000 128 128
3632 00000000 128 128
3662 00002000 128 128
3666 00000000 128 128
3696 00002000 128 128
3700 00000000 128 128
3730 00002000 128 128
3734 00000000 128 128
3764 00002000 128 128
3768 00000000 128 128
3798 00002000 128 128
3802 00000000 128 128
3832 00002000 128 128
3836 00000000 128 128
3866 00002000 128 128
3870 00000000 128 128
3900 00002000 128 128
3904 00000000 128 128
3934 00002000 128 128
3938 00000000 128 128
3968 00002000 128 128
3972 00000000 128 128
4002 00002000 128 128
4006 00000000 128 128
4036 00002000 128 128
4040 00000000 128 128
4070 00002000 128 128
4074 00000000 128 128
4104 00002000 128 128
4108 00000000 128 128
4138 00002000 128 128
4142 00000000 128 128
4172 00002000 128 128
4176 00000000 128 128
4206 00002000 128 128
4210 00000000 128 128
4240 00002000 128 128
4244 00000000 128 128
4274 00002000 128 128
4278 00000000 128 128
4308 00002000 128 128
4312 00000000 128 128
4342 00002000 128 128
4346 00000000 128 128
4376 00002000 128 128
4380 00000000 128 128
4410 00002000 128 128
4414 00000000 128 128
4444 00002000 128 128
4448 00000000 128 128
4478 00002000 128 128
4482 00000000 128 128
4512 00002000 128 128
4516 00000000 128 128
4546 00002000 128 128
4550 00000000 128 128
4580 00000080 128 128
4596 00000000 128 128
4620 00000040 128 128
4680 00000000 128 128
5020 00000080 128 128
5190 00000000 128 128
5220 00002000 128 128
5224 00000000 128 128
5254 00002000 128 128
5258 00000000 128 128
5288 00002000 128 128
5292 00000000 128 128
5322 00002000 128 128
5326 00000000 128 128
5356 00002000 128 128
5360 00000000 128 128
5390 00002000 128 128
5394 00000000 128 128
5424 00002000 128 128
5428 00000000 128 128
5458 00002000 128 128
5462 00000000 128 128
5492 00002000 128 128
5496 00000000 128 128
5526 00002000 128 128
5530 00000000 128 128
5560 00002000 128 128
5564 00000000 128 128
5594 00002000 128 128
5598 00000000 128 128
5628 00002000 128 128
5632 00000000 128 128
5662 00002000 128 128
5666 00000000 128 128
5696 00002000 128 128
5700 00000000 128 128
5730 00002000 128 128
5734 00000000 128 128
5764 00002000 128 128
5768 00000000 128 128
5798 00002000 128 128
5802 00000000 128 128
5832 00002000 128 128
5836 00000000 128 128
5866 00002000 128 128
5870 00000000 128 128
5900 00002000 128 128
5904 00000000 128 128
5934 00002000 128 128
5938 00000000 128 128
5968 00002000 128 128
5972 00000000 128 128
6002 00002000 128 128
6006 00000000 128 128
6036 00002000 128 128
6040 00000000 128 128
6070 00002000 128 128
6074 00000000 128 128
6104 00002000 128 128
6108 00000000 128 128
6138 00002000 128 128
6142 00000000 128 128
6172 00002000 128 128
6176 00000000 128 128
6206 00002000 128 128
6210 00000000 128 128
6240 00002000 128 128
6244 00000000 128 128
6274 00002000 128 128
6278 00000000 128 128
6308 00002000 128 128
6312 00000000 128 128
6342 00002000 128 128
6346 00000000 128 128
6376 00002000 128 128
6380 00000000 128 128
6410 00002000 128 128
6414 00000000 128 128
6444 00002000 128 128
6448 00000000 128 128
6478 00002000 128 128
6482 00000000 128 128
6512 00002000 128 128
6516 00000000 128 128
6546 00002000 128 128
6550 00000000 128 128
6580 00002000 128 128
6584 00000000 128 128
6614 00002000 128 128
6618 00000000 128 128
6648 00002000 128 128
6652 00000000 128 128
6682 00002000 128 128
6686 00000000 128 128
6716 00002000 128 128
6720 00000000 128 128
6750 00002000 128 128
6754 00000000 128 128
6784 00002000 128 128
6788 00000000 128 128
6818 00002000 128 128
6822 00000000 128 128
6852 00002000 128 128
6856 00000000 128 128
6886 00002000 128 128
6890 00000000 128 128
6920 00002000 128 128
6924 00000000 128 128
6954 00002000 128 128
6958 00000000 128 128
6988 00002000 128 128
6992 00000000 128 128
7022 00002000 128 128
7026 00000000 128 128
7056 00002000 128 128
7060 00000000 128 128
7090 00002000 128 128
7094 00000000 128 128
7124 00002000 128 128
7128 00000000 128 128
7158 00002000 128 128
7162 00000000 128 128
7192 00002000 128 128
7196 00000000 128 128
7226 00002000 128 128
7230 00000000 128 128
7260 00000080 128 128
7500 00000000 128 128
7520 00002000 128 128
7524 00000000 128 128
7554 00002000 128 128
7558 00000000 128 128
7588 00002000 128 128
7592 00000000 128 128
7622 00002000 128 128
7626 00000000 128 128
7656 00002000 128 128
7660 00000000 128 128
7690 00002000 128 128
7694 00000000 128 128
7724 00002000 128 128
7728 00000000 128 128
7758 00002000 128 128
7762 00000000 128 128
7792 00002000 128 128
7796 00000000 128 128
7826 00002000 128 128
7830 00000000 128 128
7860 00002000 128 128
7864 00000000 128 128
7894 00002000 128 128
7898 00000000 128 128
7928 00002000 128 128
7932 00000000 128 128
7962 00002000 128 128
7966 00000000 128 128
7996 00002000 128 128
8000 00000000 128 128
8030 00002000 128 128
8034 00000000 128 128
8064 00002000 128 128
8068 00000000 128 128
8098 00002000 128 128
8102 00000000 128 128
8132 00002000 128 128
8136 00000000 128 128
8166 00002000 128 128
8170 00000000 128 128
8200 00000000 128 128
