0 00000000 128 128
150 00000008 128 128
152 00000000 128 128
300 00000008 128 128
302 00000000 128 128
450 00002000 128 128
452 00000000 128 128
2200 00004000 128 128
2204 00000000 128 128
2236 00004000 128 128
2240 00000000 128 128
2272 00004000 128 128
2276 00000000 128 128
2308 00004000 128 128
2312 00000000 128 128
2344 00004000 128 128
2348 00000000 128 128
2380 00004000 128 128
2384 00000000 128 128
2616 00000040 128 128
2624 00000000 128 128
2686 00000010 128 128
2694 00000000 128 128
3096 00001000 128 128
3100 00000000 128 128
3262 00000040 128 128
3268 00000000 128 128
3330 00002000 128 128
3334 00000000 128 128
4046 00002000 128 128
4050 00000000 128 128
4562 00000080 128 128
4568 00000000 128 128
4630 00002000 128 128
4634 00000000 128 128
6146 00002000 128 128
6150 00000000 128 128
7062 00002000 128 128
7066 00000000 128 128
11978 00000000 128 128
