0 00000000 128 128
150 00000008 128 128
152 00000000 128 128
300 00000008 128 128
302 00000000 128 128
450 00002000 128 128
452 00000000 128 128
700 00000010 128 128
708 00000000 128 128
710 00000080 128 128
718 00000000 128 128
720 00000010 128 128
744 00000000 128 128
746 00000010 128 128
754 00000000 128 128
1056 00004000 128 128
1060 00000000 128 128
1092 00004000 128 128
1096 00000000 128 128
1128 00004000 128 128
1132 00000000 128 128
1164 00004000 128 128
1168 00000000 128 128
1200 00004000 128 128
1204 00000000 128 128
1236 00004000 128 128
1240 00000000 128 128
1272 00004000 128 128
1276 00000000 128 128
1308 00004000 128 128
1312 00000000 128 128
1344 00004000 128 128
1348 00000000 128 128
1380 00004000 128 128
1384 00000000 128 128
1416 00004000 128 128
1420 00000000 128 128
1452 00004000 128 128
1456 00000000 128 128
1488 00004000 128 128
1492 00000000 128 128
1524 00004000 128 128
1528 00000000 128 128
1560 00004000 128 128
1564 00000000 128 128
1596 00004000 128 128
1600 00000000 128 128
1632 00004000 128 128
1636 00000000 128 128
1668 00004000 128 128
1672 00000000 128 128
1704 00004000 128 128
1708 00000000 128 128
1740 00004000 128 128
1744 00000000 128 128
1776 00004000 128 128
1780 00000000 128 128
1812 00004000 128 128
1816 00000000 128 128
1848 00004000 128 128
1852 00000000 128 128
1884 00004000 128 128
1888 00000000 128 128
1920 00004000 128 128
1924 00000000 128 128
1956 00004000 128 128
1960 00000000 128 128
1992 00004000 128 128
1996 00000000 128 128
2028 00004000 128 128
2032 00000000 128 128
2064 00004000 128 128
2068 00000000 128 128
2100 00004000 128 128
2104 00000000 128 128
2136 00004000 128 128
2140 00000000 128 128
2172 00004000 128 128
2176 00000000 128 128
2208 00004000 128 128
2212 00000000 128 128
2244 00004000 128 128
2248 00000000 128 128
2280 00004000 128 128
2284 00000000 128 128
2316 00004000 128 128
2320 00000000 128 128
2352 00004000 128 128
2356 00000000 128 128
2388 00004000 128 128
2392 00000000 128 128
2424 00004000 128 128
2428 00000000 128 128
2460 00004000 128 128
2464 00000000 128 128
2496 00004000 128 128
2500 00000000 128 128
2532 00004000 128 128
2536 00000000 128 128
2568 00004000 128 128
2572 00000000 128 128
2604 00004000 128 128
2608 00000000 128 128
2640 00004000 128 128
2644 00000000 128 128
2676 00004000 128 128
2680 00000000 128 128
2712 00004000 128 128
2716 00000000 128 128
2748 00004000 128 128
2752 00000000 128 128
2784 00004000 128 128
2788 00000000 128 128
2820 00004000 128 128
2824 00000000 128 128
2856 00004000 128 128
2860 00000000 128 128
2892 00004000 128 128
2896 00000000 128 128
2928 00004000 128 128
2932 00000000 128 128
2964 00004000 128 128
2968 00000000 128 128
3000 00004000 128 128
3004 00000000 128 128
3036 00004000 128 128
3040 00000000 128 128
3072 00004000 128 128
3076 00000000 128 128
3108 00004000 128 128
3112 00000000 128 128
3144 00004000 128 128
3148 00000000 128 128
3180 00004000 128 128
3184 00000000 128 128
3216 00004000 128 128
3220 00000000 128 128
3252 00004000 128 128
3256 00000000 128 128
3288 00004000 128 128
3292 00000000 128 128
3324 00004000 128 128
3328 00000000 128 128
3360 00004000 128 128
3364 00000000 128 128
3396 00004000 128 128
3400 00000000 128 128
3432 00004000 128 128
3436 00000000 128 128
3468 00004000 128 128
3472 00000000 128 128
3504 00004000 128 128
3508 00000000 128 128
3540 00004000 128 128
3544 00000000 128 128
3576 00004000 128 128
3580 00000000 128 128
3612 00004000 128 128
3616 00000000 128 128
3648 00004000 128 128
3652 00000000 128 128
3684 00004000 128 128
3688 00000000 128 128
3720 00004000 128 128
3724 00000000 128 128
3756 00004000 128 128
3760 00000000 128 128
3792 00004000 128 128
3796 00000000 128 128
3828 00004000 128 128
3832 00000000 128 128
3864 00004000 128 128
3868 00000000 128 128
3900 00004000 128 128
3904 00000000 128 128
3936 00004000 128 128
3940 00000000 128 128
3972 00004000 128 128
3976 00000000 128 128
4008 00004000 128 128
4012 00000000 128 128
4044 00004000 128 128
4048 00000000 128 128
4080 00004000 128 128
4084 00000000 128 128
4116 00004000 128 128
4120 00000000 128 128
4152 00004000 128 128
4156 00000000 128 128
4188 00004000 128 128
4192 00000000 128 128
4224 00004000 128 128
4228 00000000 128 128
4260 00004000 128 128
4264 00000000 128 128
4296 00004000 128 128
4300 00000000 128 128
4332 00004000 128 128
4336 00000000 128 128
4368 00004000 128 128
4372 00000000 128 128
4404 00004000 128 128
4408 00000000 128 128
4440 00004000 128 128
4444 00000000 128 128
4476 00004000 128 128
4480 00000000 128 128
4512 00004000 128 128
4516 00000000 128 128
4548 00004000 128 128
4552 00000000 128 128
4584 00004000 128 128
4588 00000000 128 128
4620 00004000 128 128
4624 00000000 128 128
4776 00000010 128 128
4808 00000000 128 128
4810 00000080 128 128
4818 00000000 128 128
4820 00000010 128 128
4844 00000000 128 128
4906 00002000 128 128
4910 00000000 128 128
5012 00002000 128 128
5016 00000000 128 128
5048 00002000 128 128
5052 00000000 128 128
5084 00002000 128 128
5088 00000000 128 128
5120 00002000 128 128
5124 00000000 128 128
5156 00002000 128 128
5160 00000000 128 128
5192 00002000 128 128
5196 00000000 128 128
5228 00002000 128 128
5232 00000000 128 128
5264 00002000 128 128
5268 00000000 128 128
5300 00002000 128 128
5304 00000000 128 128
5336 00002000 128 128
5340 00000000 128 128
5372 00002000 128 128
5376 00000000 128 128
5408 00002000 128 128
5412 00000000 128 128
5444 00002000 128 128
5448 00000000 128 128
5480 00002000 128 128
5484 00000000 128 128
5516 00002000 128 128
5520 00000000 128 128
5552 00002000 128 128
5556 00000000 128 128
5588 00002000 128 128
5592 00000000 128 128
5624 00002000 128 128
5628 00000000 128 128
5660 00002000 128 128
5664 00000000 128 128
5696 00002000 128 128
5700 00000000 128 128
5732 00002000 128 128
5736 00000000 128 128
5768 00002000 128 128
5772 00000000 128 128
5804 00002000 128 128
5808 00000000 128 128
5840 00002000 128 128
5844 00000000 128 128
5876 00002000 128 128
5880 00000000 128 128
5912 00002000 128 128
5916 00000000 128 128
5948 00002000 128 128
5952 00000000 128 128
5984 00002000 128 128
5988 00000000 128 128
6020 00002000 128 128
6024 00000000 128 128
6056 00002000 128 128
6060 00000000 128 128
6092 00002000 128 128
6096 00000000 128 128
6128 00002000 128 128
6132 00000000 128 128
6164 00002000 128 128
6168 00000000 128 128
6200 00002000 128 128
6204 00000000 128 128
6236 00002000 128 128
6240 00000000 128 128
6272 00002000 128 128
6276 00000000 128 128
6308 00002000 128 128
6312 00000000 128 128
6344 00002000 128 128
6348 00000000 128 128
6380 00002000 128 128
6384 00000000 128 128
6416 00002000 128 128
6420 00000000 128 128
6452 00002000 128 128
6456 00000000 128 128
6488 00002000 128 128
6492 00000000 128 128
6524 00002000 128 128
6528 00000000 128 128
6560 00002000 128 128
6564 00000000 128 128
6596 00002000 128 128
6600 00000000 128 128
6632 00002000 128 128
6636 00000000 128 128
6668 00002000 128 128
6672 00000000 128 128
6704 00002000 128 128
6708 00000000 128 128
6740 00002000 128 128
6744 00000000 128 128
6776 00002000 128 128
6780 00000000 128 128
6812 00002000 128 128
6816 00000000 128 128
6848 00002000 128 128
6852 00000000 128 128
6884 00002000 128 128
6888 00000000 128 128
6920 00002000 128 128
6924 00000000 128 128
6956 00002000 128 128
6960 00000000 128 128
6992 00002000 128 128
6996 00000000 128 128
7028 00002000 128 128
7032 00000000 128 128
7064 00002000 128 128
7068 00000000 128 128
7100 00002000 128 128
7104 00000000 128 128
7136 00002000 128 128
7140 00000000 128 128
7172 00002000 128 128
7176 00000000 128 128
7208 00002000 128 128
7212 00000000 128 128
7244 00002000 128 128
7248 00000000 128 128
7280 00002000 128 128
7284 00000000 128 128
7316 00002000 128 128
7320 00000000 128 128
7352 00002000 128 128
7356 00000000 128 128
7388 00002000 128 128
7392 00000000 128 128
7424 00002000 128 128
7428 00000000 128 128
7460 00002000 128 128
7464 00000000 128 128
7496 00002000 128 128
7500 00000000 128 128
7532 00002000 128 128
7536 00000000 128 128
7568 00002000 128 128
7572 00000000 128 128
7604 00002000 128 128
7608 00000000 128 128
7640 00002000 128 128
7644 00000000 128 128
7676 00002000 128 128
7680 00000000 128 128
7712 00002000 128 128
7716 00000000 128 128
7748 00002000 128 128
7752 00000000 128 128
7784 00002000 128 128
7788 00000000 128 128
7820 00002000 128 128
7824 00000000 128 128
7856 00002000 128 128
7860 00000000 128 128
7892 00002000 128 128
7896 00000000 128 128
7928 00002000 128 128
7932 00000000 128 128
7964 00002000 128 128
7968 00000000 128 128
8000 00002000 128 128
8004 00000000 128 128
8036 00002000 128 128
8040 00000000 128 128
8072 00002000 128 128
8076 00000000 128 128
8108 00002000 128 128
8112 00000000 128 128
8144 00002000 128 128
8148 00000000 128 128
8180 00002000 128 128
8184 00000000 128 128
8216 00002000 128 128
8220 00000000 128 128
8252 00002000 128 128
8256 00000000 128 128
8288 00002000 128 128
8292 00000000 128 128
8324 00002000 128 128
8328 00000000 128 128
8360 00002000 128 128
8364 00000000 128 128
8396 00002000 128 128
8400 00000000 128 128
8432 00002000 128 128
8436 00000000 128 128
8468 00002000 128 128
8472 00000000 128 128
8504 00002000 128 128
8508 00000000 128 128
8540 00002000 128 128
8544 00000000 128 128
8576 00002000 128 128
8580 00000000 128 128
8612 00002000 128 128
8616 00000000 128 128
8648 00002000 128 128
8652 00000000 128 128
8684 00002000 128 128
8688 00000000 128 128
8720 00002000 128 128
8724 00000000 128 128
8756 00002000 128 128
8760 00000000 128 128
8792 00002000 128 128
8796 00000000 128 128
8828 00002000 128 128
8832 00000000 128 128
8864 00002000 128 128
8868 00000000 128 128
8900 00002000 128 128
8904 00000000 128 128
8936 00002000 128 128
8940 00000000 128 128
8972 00002000 128 128
8976 00000000 128 128
9008 00002000 128 128
9012 00000000 128 128
9044 00002000 128 128
9048 00000000 128 128
9080 00002000 128 128
9084 00000000 128 128
9116 00002000 128 128
9120 00000000 128 128
9152 00002000 128 128
9156 00000000 128 128
9188 00002000 128 128
9192 00000000 128 128
9224 00002000 128 128
9228 00000000 128 128
9260 00002000 128 128
9264 00000000 128 128
9296 00002000 128 128
9300 00000000 128 128
9332 00002000 128 128
9336 00000000 128 128
9368 00002000 128 128
9372 00000000 128 128
9404 00002000 128 128
9408 00000000 128 128
9440 00002000 128 128
9444 00000000 128 128
9476 00002000 128 128
9480 00000000 128 128
9512 00002000 128 128
9516 00000000 128 128
9548 00002000 128 128
9552 00000000 128 128
9584 00002000 128 128
9588 00000000 128 128
9620 00002000 128 128
9624 00000000 128 128
9656 00002000 128 128
9660 00000000 128 128
9692 00002000 128 128
9696 00000000 128 128
9728 00002000 128 128
9732 00000000 128 128
9764 00002000 128 128
9768 00000000 128 128
9800 00002000 128 128
9804 00000000 128 128
9836 00002000 128 128
9840 00000000 128 128
9872 00002000 128 128
9876 00000000 128 128
9908 00002000 128 128
9912 00000000 128 128
9944 00002000 128 128
9948 00000000 128 128
9980 00002000 128 128
9984 00000000 128 128
10016 00002000 128 128
10020 00000000 128 128
10052 00002000 128 128
10056 00000000 128 128
10088 00002000 128 128
10092 00000000 128 128
10124 00002000 128 128
10128 00000000 128 128
10160 00002000 128 128
10164 00000000 128 128
10196 00002000 128 128
10200 00000000 128 128
10232 00002000 128 128
10236 00000000 128 128
10268 00002000 128 128
10272 00000000 128 128
10304 00002000 128 128
10308 00000000 128 128
10340 00002000 128 128
10344 00000000 128 128
10376 00002000 128 128
10380 00000000 128 128
10412 00002000 128 128
10416 00000000 128 128
10448 00002000 128 128
10452 00000000 128 128
10484 00002000 128 128
10488 00000000 128 128
10520 00002000 128 128
10524 00000000 128 128
10556 00002000 128 128
10560 00000000 128 128
10592 00002000 128 128
10596 00000000 128 128
10628 00002000 128 128
10632 00000000 128 128
10664 00002000 128 128
10668 00000000 128 128
10700 00002000 128 128
10704 00000000 128 128
10736 00002000 128 128
10740 00000000 128 128
10772 00002000 128 128
10776 00000000 128 128
10808 00002000 128 128
10812 00000000 128 128
10844 00002000 128 128
10848 00000000 128 128
10880 00002000 128 128
10884 00000000 128 128
10916 00002000 128 128
10920 00000000 128 128
10952 00002000 128 128
10956 00000000 128 128
10988 00002000 128 128
10992 00000000 128 128
11024 00002000 128 128
11028 00000000 128 128
11060 00002000 128 128
11064 00000000 128 128
11096 00002000 128 128
11100 00000000 128 128
11132 00002000 128 128
11136 00000000 128 128
11168 00002000 128 128
11172 00000000 128 128
11204 00002000 128 128
11208 00000000 128 128
11240 00002000 128 128
11244 00000000 128 128
11276 00002000 128 128
11280 00000000 128 128
11312 00002000 128 128
11316 00000000 128 128
11348 00002000 128 128
11352 00000000 128 128
11384 00002000 128 128
11388 00000000 128 128
11420 00002000 128 128
11424 00000000 128 128
11456 00002000 128 128
11460 00000000 128 128
11492 00002000 128 128
11496 00000000 128 128
11528 00002000 128 128
11532 00000000 128 128
11564 00002000 128 128
11568 00000000 128 128
11600 00002000 128 128
11604 00000000 128 128
11636 00002000 128 128
11640 00000000 128 128
11672 00002000 128 128
11676 00000000 128 128
11708 00002000 128 128
11712 00000000 128 128
11744 00002000 128 128
11748 00000000 128 128
11780 00002000 128 128
11784 00000000 128 128
11816 00002000 128 128
11820 00000000 128 128
11852 00002000 128 128
11856 00000000 128 128
11888 00002000 128 128
11892 00000000 128 128
11924 00002000 128 128
11928 00000000 128 128
11960 00002000 128 128
11964 00000000 128 128
11996 00002000 128 128
12000 00000000 128 128
12032 00002000 128 128
12036 00000000 128 128
12068 00002000 128 128
12072 00000000 128 128
12104 00002000 128 128
12108 00000000 128 128
12140 00002000 128 128
12144 00000000 128 128
12176 00002000 128 128
12180 00000000 128 128
12212 00002000 128 128
12216 00000000 128 128
12248 00002000 128 128
12252 00000000 128 128
12284 00002000 128 128
12288 00000000 128 128
12320 00002000 128 128
12324 00000000 128 128
12356 00002000 128 128
12360 00000000 128 128
12392 00002000 128 128
12396 00000000 128 128
12428 00002000 128 128
12432 00000000 128 128
12464 00002000 128 128
12468 00000000 128 128
12500 00002000 128 128
12504 00000000 128 128
12536 00002000 128 128
12540 00000000 128 128
12572 00002000 128 128
12576 00000000 128 128
12608 00002000 128 128
12612 00000000 128 128
12644 00002000 128 128
12648 00000000 128 128
12680 00002000 128 128
12684 00000000 128 128
12716 00002000 128 128
12720 00000000 128 128
12752 00002000 128 128
12756 00000000 128 128
12788 00002000 128 128
12792 00000000 128 128
12824 00002000 128 128
12828 00000000 128 128
12860 00002000 128 128
12864 00000000 128 128
12896 00002000 128 128
12900 00000000 128 128
12932 00002000 128 128
12936 00000000 128 128
12968 00002000 128 128
12972 00000000 128 128
13004 00002000 128 128
13008 00000000 128 128
13040 00002000 128 128
13044 00000000 128 128
13076 00002000 128 128
13080 00000000 128 128
13112 00002000 128 128
13116 00000000 128 128
13148 00002000 128 128
13152 00000000 128 128
13184 00002000 128 128
13188 00000000 128 128
13220 00002000 128 128
13224 00000000 128 128
13256 00002000 128 128
13260 00000000 128 128
13292 00002000 128 128
13296 00000000 128 128
13328 00002000 128 128
13332 00000000 128 128
13364 00002000 128 128
13368 00000000 128 128
13400 00002000 128 128
13404 00000000 128 128
13436 00002000 128 128
13440 00000000 128 128
13472 00002000 128 128
13476 00000000 128 128
13508 00002000 128 128
13512 00000000 128 128
13544 00002000 128 128
13548 00000000 128 128
13580 00002000 128 128
13584 00000000 128 128
13616 00002000 128 128
13620 00000000 128 128
13652 00002000 128 128
13656 00000000 128 128
13688 00002000 128 128
13692 00000000 128 128
13724 00002000 128 128
13728 00000000 128 128
13760 00002000 128 128
13764 00000000 128 128
13796 00002000 128 128
13800 00000000 128 128
13832 00002000 128 128
13836 00000000 128 128
13868 00002000 128 128
13872 00000000 128 128
13904 00002000 128 128
13908 00000000 128 128
13940 00002000 128 128
13944 00000000 128 128
13976 00002000 128 128
13980 00000000 128 128
14012 00002000 128 128
14016 00000000 128 128
14048 00002000 128 128
14052 00000000 128 128
14084 00002000 128 128
14088 00000000 128 128
14120 00002000 128 128
14124 00000000 128 128
14156 00002000 128 128
14160 00000000 128 128
14192 00002000 128 128
14196 00000000 128 128
14228 00002000 128 128
14232 00000000 128 128
14264 00002000 128 128
14268 00000000 128 128
14300 00002000 128 128
14304 00000000 128 128
14336 00002000 128 128
14340 00000000 128 128
14372 00002000 128 128
14376 00000000 128 128
14408 00002000 128 128
14412 00000000 128 128
14444 00002000 128 128
14448 00000000 128 128
14480 00002000 128 128
14484 00000000 128 128
14516 00002000 128 128
14520 00000000 128 128
14552 00002000 128 128
14556 00000000 128 128
14588 00002000 128 128
14592 00000000 128 128
14624 00002000 128 128
14628 00000000 128 128
14660 00002000 128 128
14664 00000000 128 128
14696 00002000 128 128
14700 00000000 128 128
14732 00002000 128 128
14736 00000000 128 128
14768 00002000 128 128
14772 00000000 128 128
14804 00002000 128 128
14808 00000000 128 128
14840 00002000 128 128
14844 00000000 128 128
14876 00002000 128 128
14880 00000000 128 128
14912 00002000 128 128
14916 00000000 128 128
14948 00002000 128 128
14952 00000000 128 128
14984 00002000 128 128
14988 00000000 128 128
15020 00002000 128 128
15024 00000000 128 128
15056 00002000 128 128
15060 00000000 128 128
15092 00002000 128 128
15096 00000000 128 128
15128 00002000 128 128
15132 00000000 128 128
15164 00002000 128 128
15168 00000000 128 128
15200 00002000 128 128
15204 00000000 128 128
15236 00002000 128 128
15240 00000000 128 128
15272 00002000 128 128
15276 00000000 128 128
15308 00002000 128 128
15312 00000000 128 128
15344 00002000 128 128
15348 00000000 128 128
15380 00002000 128 128
15384 00000000 128 128
15416 00002000 128 128
15420 00000000 128 128
15452 00002000 128 128
15456 00000000 128 128
15488 00002000 128 128
15492 00000000 128 128
15524 00002000 128 128
15528 00000000 128 128
15560 00002000 128 128
15564 00000000 128 128
15596 00002000 128 128
15600 00000000 128 128
15632 00002000 128 128
15636 00000000 128 128
15668 00002000 128 128
15672 00000000 128 128
15704 00002000 128 128
15708 00000000 128 128
15740 00002000 128 128
15744 00000000 128 128
15776 00002000 128 128
15780 00000000 128 128
15932 00004000 128 128
15936 00000000 128 128
15968 00004000 128 128
15972 00000000 128 128
16004 00004000 128 128
16008 00000000 128 128
16040 00004000 128 128
16044 00000000 128 128
16076 00004000 128 128
16080 00000000 128 128
16112 00004000 128 128
16116 00000000 128 128
16148 00004000 128 128
16152 00000000 128 128
16184 00004000 128 128
16188 00000000 128 128
16220 00004000 128 128
16224 00000000 128 128
16256 00004000 128 128
16260 00000000 128 128
16292 00004000 128 128
16296 00000000 128 128
16328 00004000 128 128
16332 00000000 128 128
16364 00004000 128 128
16368 00000000 128 128
16400 00004000 128 128
16404 00000000 128 128
16436 00004000 128 128
16440 00000000 128 128
16472 00004000 128 128
16476 00000000 128 128
16508 00004000 128 128
16512 00000000 128 128
16544 00004000 128 128
16548 00000000 128 128
16580 00004000 128 128
16584 00000000 128 128
16616 00004000 128 128
16620 00000000 128 128
16652 00004000 128 128
16656 00000000 128 128
16688 00004000 128 128
16692 00000000 128 128
16724 00004000 128 128
16728 00000000 128 128
16760 00004000 128 128
16764 00000000 128 128
16796 00004000 128 128
16800 00000000 128 128
16832 00004000 128 128
16836 00000000 128 128
16868 00004000 128 128
16872 00000000 128 128
16904 00004000 128 128
16908 00000000 128 128
16940 00004000 128 128
16944 00000000 128 128
16976 00004000 128 128
16980 00000000 128 128
17012 00004000 128 128
17016 00000000 128 128
17048 00004000 128 128
17052 00000000 128 128
17084 00004000 128 128
17088 00000000 128 128
17120 00004000 128 128
17124 00000000 128 128
17156 00004000 128 128
17160 00000000 128 128
17192 00004000 128 128
17196 00000000 128 128
17228 00004000 128 128
17232 00000000 128 128
17264 00004000 128 128
17268 00000000 128 128
17300 00004000 128 128
17304 00000000 128 128
17336 00004000 128 128
17340 00000000 128 128
17372 00004000 128 128
17376 00000000 128 128
17408 00004000 128 128
17412 00000000 128 128
17444 00004000 128 128
17448 00000000 128 128
17480 00004000 128 128
17484 00000000 128 128
17516 00004000 128 128
17520 00000000 128 128
17552 00004000 128 128
17556 00000000 128 128
17588 00004000 128 128
17592 00000000 128 128
17624 00004000 128 128
17628 00000000 128 128
17660 00004000 128 128
17664 00000000 128 128
17696 00004000 128 128
17700 00000000 128 128
17732 00004000 128 128
17736 00000000 128 128
17768 00004000 128 128
17772 00000000 128 128
17804 00004000 128 128
17808 00000000 128 128
17840 00004000 128 128
17844 00000000 128 128
17876 00004000 128 128
17880 00000000 128 128
17912 00004000 128 128
17916 00000000 128 128
17948 00004000 128 128
17952 00000000 128 128
17984 00004000 128 128
17988 00000000 128 128
18020 00004000 128 128
18024 00000000 128 128
18056 00004000 128 128
18060 00000000 128 128
18152 00001000 128 128
18156 00000000 128 128
18258 00000010 128 128
18264 00000000 128 128
18286 00000010 128 128
18292 00000000 128 128
18314 00000010 128 128
18320 00000000 128 128
18342 00000020 128 128
18348 00000000 128 128
18380 00002000 128 128
18384 00000000 128 128
18796 00002000 128 128
18800 00000000 128 128
19012 00002000 128 128
19016 00000000 128 128
19228 00002000 128 128
19232 00000000 128 128
19444 00002000 128 128
19448 00000000 128 128
19660 00002000 128 128
19664 00000000 128 128
19936 00000000 128 128
