0 00000000 128 128
150 00000008 128 128
152 00000000 128 128
300 00000008 128 128
302 00000000 128 128
450 00002000 128 128
452 00000000 128 128
2200 00004000 128 128
2204 00000000 128 128
2236 00004000 128 128
2240 00000000 128 128
2272 00004000 128 128
2276 00000000 128 128
2308 00004000 128 128
2312 00000000 128 128
2344 00004000 128 128
2348 00000000 128 128
2380 00004000 128 128
2384 00000000 128 128
2616 00000080 128 128
2632 00000000 128 128
2654 00000020 128 128
2670 00000000 128 128
2692 00000080 128 128
2708 00000000 128 128
2730 00000020 128 128
2746 00000000 128 128
2768 00000080 128 128
2784 00000000 128 128
2806 00000020 128 128
2822 00000000 128 128
2844 00000080 128 128
2860 00000000 128 128
2882 00000020 128 128
2898 00000000 128 128
2920 00000080 128 128
2936 00000000 128 128
2958 00000020 128 128
2974 00000000 128 128
2996 00000080 128 128
3012 00000000 128 128
3034 00000020 128 128
3050 00000000 128 128
3072 00000080 128 128
3088 00000000 128 128
3110 00000020 128 128
3126 00000000 128 128
3148 00000080 128 128
3164 00000000 128 128
3186 00000020 128 128
3202 00000000 128 128
3224 00000080 128 128
3240 00000000 128 128
3262 00000020 128 128
3278 00000000 128 128
3300 00000080 128 128
3316 00000000 128 128
3338 00000020 128 128
3354 00000000 128 128
3376 00000080 128 128
3392 00000000 128 128
3414 00000020 128 128
3430 00000000 128 128
3452 00000080 128 128
3468 00000000 128 128
3490 00000020 128 128
3506 00000000 128 128
3528 00000080 128 128
3544 00000000 128 128
3566 00000020 128 128
3582 00000000 128 128
3604 00000080 128 128
3620 00000000 128 128
3642 00000020 128 128
3658 00000000 128 128
4880 00004000 128 128
4884 00000000 128 128
4916 00004000 128 128
4920 00000000 128 128
4952 00004000 128 128
4956 00000000 128 128
4988 00004000 128 128
4992 00000000 128 128
5024 00004000 128 128
5028 00000000 128 128
5060 00004000 128 128
5064 00000000 128 128
5096 00004000 128 128
5100 00000000 128 128
5132 00004000 128 128
5136 00000000 128 128
5168 00004000 128 128
5172 00000000 128 128
5204 00004000 128 128
5208 00000000 128 128
5240 00004000 128 128
5244 00000000 128 128
5276 00004000 128 128
5280 00000000 128 128
5612 00000040 128 128
5618 00000000 128 128
5650 00000080 128 128
5656 00000000 128 128
5688 00000020 128 128
5694 00000000 128 128
5726 00002000 128 128
5730 00000000 128 128
6642 00004000 128 128
6646 00000000 128 128
6678 00004000 128 128
6682 00000000 128 128
6714 00004000 128 128
6718 00000000 128 128
6750 00004000 128 128
6754 00000000 128 128
6786 00004000 128 128
6790 00000000 128 128
6822 00004000 128 128
6826 00000000 128 128
8158 00004000 128 128
8162 00000000 128 128
8194 00004000 128 128
8198 00000000 128 128
8230 00004000 128 128
8234 00000000 128 128
8266 00004000 128 128
8270 00000000 128 128
8302 00004000 128 128
8306 00000000 128 128
8338 00004000 128 128
8342 00000000 128 128
8374 00004000 128 128
8378 00000000 128 128
8410 00004000 128 128
8414 00000000 128 128
8446 00004000 128 128
8450 00000000 128 128
8482 00004000 128 128
8486 00000000 128 128
8518 00004000 128 128
8522 00000000 128 128
8554 00004000 128 128
8558 00000000 128 128
8890 00000040 128 128
8896 00000000 128 128
8928 00000080 128 128
8934 00000000 128 128
8966 00000020 128 128
8972 00000000 128 128
9004 00002000 128 128
9008 00000000 128 128
9920 00004000 128 128
9924 00000000 128 128
9956 00004000 128 128
9960 00000000 128 128
9992 00004000 128 128
9996 00000000 128 128
10028 00004000 128 128
10032 00000000 128 128
10064 00004000 128 128
10068 00000000 128 128
10100 00004000 128 128
10104 00000000 128 128
11136 00000000 128 128
