0 00000000 128 128
150 00000008 128 128
152 00000000 128 128
300 00000008 128 128
302 00000000 128 128
450 00002000 128 128
452 00000000 128 128
2200 00004000 128 128
2204 00000000 128 128
2236 00004000 128 128
2240 00000000 128 128
2272 00004000 128 128
2276 00000000 128 128
2308 00004000 128 128
2312 00000000 128 128
2344 00004000 128 128
2348 00000000 128 128
2380 00004000 128 128
2384 00000000 128 128
4116 00001000 128 128
4120 00000000 128 128
4222 00000010 128 128
4228 00000000 128 128
4250 00000010 128 128
4256 00000000 128 128
4278 00000010 128 128
4284 00000000 128 128
4306 00000020 128 128
4312 00000000 128 128
4344 00002000 128 128
4348 00000000 128 128
4760 00002000 128 128
4764 00000000 128 128
4976 00002000 128 128
4980 00000000 128 128
5192 00002000 128 128
5196 00000000 128 128
5408 00002000 128 128
5412 00000000 128 128
5624 00002000 128 128
5628 00000000 128 128
5840 00002000 128 128
5844 00000000 128 128
7016 00000000 128 128
