0 00000000 128 128
150 00000008 128 128
152 00000000 128 128
300 00000008 128 128
302 00000000 128 128
450 00002000 128 128
452 00000000 128 128
2200 00004000 128 128
2204 00000000 128 128
2236 00004000 128 128
2240 00000000 128 128
2272 00004000 128 128
2276 00000000 128 128
2308 00004000 128 128
2312 00000000 128 128
2344 00004000 128 128
2348 00000000 128 128
2380 00004000 128 128
2384 00000000 128 128
2616 00000040 128 128
2624 00000000 128 128
2686 00000010 128 128
2694 00000000 128 128
3096 00000010 128 128
3104 00000000 128 128
3506 00002000 128 128
3510 00000000 128 128
4422 00002000 128 128
4426 00000000 128 128
5638 00002000 128 128
5642 00000000 128 128
8654 00002000 128 128
8658 00000000 128 128
8690 00002000 128 128
8694 00000000 128 128
8726 00002000 128 128
8730 00000000 128 128
8762 00002000 128 128
8766 00000000 128 128
8798 00002000 128 128
8802 00000000 128 128
8834 00002000 128 128
8838 00000000 128 128
8870 00002000 128 128
8874 00000000 128 128
8906 00002000 128 128
8910 00000000 128 128
8942 00002000 128 128
8946 00000000 128 128
8978 00002000 128 128
8982 00000000 128 128
11014 00000000 128 128
