0 00000000 128 128
150 00000008 128 128
152 00000000 128 128
300 00000008 128 128
302 00000000 128 128
450 00002000 128 128
452 00000000 128 128
1100 00000010 128 128
1102 00000000 128 128
1132 00002000 128 128
1136 00000000 128 128
1836 00002000 128 128
1840 00000000 128 128
2080 00002000 128 128
2084 00000000 128 128
2324 00002000 128 128
2328 00000000 128 128
2650 00002000 128 128
2654 00000000 128 128
2684 00002000 128 128
2688 00000000 128 128
2718 00002000 128 128
2722 00000000 128 128
2752 00002000 128 128
2756 00000000 128 128
2786 00002000 128 128
2790 00000000 128 128
2820 00002000 128 128
2824 00000000 128 128
2854 00002000 128 128
2858 00000000 128 128
2888 00002000 128 128
2892 00000000 128 128
3950 00002000 128 128
3954 00000000 128 128
3984 00002000 128 128
3988 00000000 128 128
4018 00002000 128 128
4022 00000000 128 128
4052 00002000 128 128
4056 00000000 128 128
4086 00002000 128 128
4090 00000000 128 128
4120 00002000 128 128
4124 00000000 128 128
4154 00002000 128 128
4158 00000000 128 128
4188 00002000 128 128
4192 00000000 128 128
4222 00002000 128 128
4226 00000000 128 128
4256 00002000 128 128
4260 00000000 128 128
4290 00002000 128 128
4294 00000000 128 128
4324 00002000 128 128
4328 00000000 128 128
4358 00002000 128 128
4362 00000000 128 128
4392 00002000 128 128
4396 00000000 128 128
4426 00002000 128 128
4430 00000000 128 128
4460 00002000 128 128
4464 00000000 128 128
4494 00002000 128 128
4498 00000000 128 128
4528 00002000 128 128
4532 00000000 128 128
4562 00002000 128 128
4566 00000000 128 128
4596 00002000 128 128
4600 00000000 128 128
4630 00000000 128 128
