0 00000000 128 128
150 00000008 128 128
152 00000000 128 128
300 00000008 128 128
302 00000000 128 128
450 00002000 128 128
452 00000000 128 128
700 00000040 128 128
708 00000000 128 128
710 00000020 128 128
726 00000000 128 128
728 00000040 128 128
808 00000000 128 128
810 00000020 128 128
818 00000000 128 128
820 00000040 128 128
868 00000000 128 128
870 00000020 128 128
878 00000000 128 128
880 00000040 128 128
888 00000000 128 128
1070 00001000 128 128
1074 00000000 128 128
1176 00000010 128 128
1182 00000000 128 128
1204 00000010 128 128
1210 00000000 128 128
1232 00000010 128 128
1238 00000000 128 128
1260 00000020 128 128
1266 00000000 128 128
1298 00002000 128 128
1302 00000000 128 128
1714 00002000 128 128
1718 00000000 128 128
1930 00002000 128 128
1934 00000000 128 128
2146 00002000 128 128
2150 00000000 128 128
2362 00002000 128 128
2366 00000000 128 128
2578 00002000 128 128
2582 00000000 128 128
2854 00000000 128 128
