0 00000000 128 128
150 00000008 128 128
152 00000000 128 128
300 00000008 128 128
302 00000000 128 128
450 00002000 128 128
452 00000000 128 128
1100 00000010 128 128
1102 00000000 128 128
1132 00002000 128 128
1136 00000000 128 128
1836 00002000 128 128
1840 00000000 128 128
2080 00002000 128 128
2084 00000000 128 128
2324 00002000 128 128
2328 00000000 128 128
2628 00004000 128 128
2632 00000000 128 128
2832 00002000 128 128
2836 00000000 128 128
2866 00002000 128 128
2870 00000000 128 128
2900 00002000 128 128
2904 00000000 128 128
2934 00002000 128 128
2938 00000000 128 128
2968 00002000 128 128
2972 00000000 128 128
3002 00002000 128 128
3006 00000000 128 128
3036 00002000 128 128
3040 00000000 128 128
3070 00002000 128 128
3074 00000000 128 128
3104 00002000 128 128
3108 00000000 128 128
3138 00002000 128 128
3142 00000000 128 128
3172 00002000 128 128
3176 00000000 128 128
3206 00002000 128 128
3210 00000000 128 128
3240 00002000 128 128
3244 00000000 128 128
3274 00002000 128 128
3278 00000000 128 128
3308 00002000 128 128
3312 00000000 128 128
3342 00002000 128 128
3346 00000000 128 128
3376 00002000 128 128
3380 00000000 128 128
3410 00002000 128 128
3414 00000000 128 128
3444 00002000 128 128
3448 00000000 128 128
3478 00002000 128 128
3482 00000000 128 128
3512 00002000 128 128
3516 00000000 128 128
3546 00002000 128 128
3550 00000000 128 128
3580 00002000 128 128
3584 00000000 128 128
3614 00002000 128 128
3618 00000000 128 128
3648 00002000 128 128
3652 00000000 128 128
3682 00002000 128 128
3686 00000000 128 128
3716 00002000 128 128
3720 00000000 128 128
3750 00002000 128 128
3754 00000000 128 128
3784 00002000 128 128
3788 00000000 128 128
3818 00002000 128 128
3822 00000000 128 128
3852 00002000 128 128
3856 00000000 128 128
3886 00002000 128 128
3890 00000000 128 128
3920 00002000 128 128
3924 00000000 128 128
3954 00002000 128 128
3958 00000000 128 128
3988 00002000 128 128
3992 00000000 128 128
4022 00002000 128 128
4026 00000000 128 128
4056 00002000 128 128
4060 00000000 128 128
4090 00002000 128 128
4094 00000000 128 128
4124 00002000 128 128
4128 00000000 128 128
4158 00002000 128 128
4162 00000000 128 128
4192 00002000 128 128
4196 00000000 128 128
4226 00002000 128 128
4230 00000000 128 128
4260 00002000 128 128
4264 00000000 128 128
4294 00002000 128 128
4298 00000000 128 128
4328 00002000 128 128
4332 00000000 128 128
4362 00002000 128 128
4366 00000000 128 128
4396 00002000 128 128
4400 00000000 128 128
4430 00002000 128 128
4434 00000000 128 128
4464 00002000 128 128
4468 00000000 128 128
4498 00002000 128 128
4502 00000000 128 128
4532 00002000 128 128
4536 00000000 128 128
4566 00002000 128 128
4570 00000000 128 128
4600 00002000 128 128
4604 00000000 128 128
4634 00002000 128 128
4638 00000000 128 128
4668 00002000 128 128
4672 00000000 128 128
4702 00002000 128 128
4706 00000000 128 128
4736 00002000 128 128
4740 00000000 128 128
4770 00002000 128 128
4774 00000000 128 128
4804 00002000 128 128
4808 00000000 128 128
4838 00002000 128 128
4842 00000000 128 128
4872 00002000 128 128
4876 00000000 128 128
4906 00002000 128 128
4910 00000000 128 128
4940 00002000 128 128
4944 00000000 128 128
4974 00002000 128 128
4978 00000000 128 128
5008 00002000 128 128
5012 00000000 128 128
5042 00002000 128 128
5046 00000000 128 128
5076 00002000 128 128
5080 00000000 128 128
5110 00002000 128 128
5114 00000000 128 128
5144 00002000 128 128
5148 00000000 128 128
5178 00002000 128 128
5182 00000000 128 128
5212 00002000 128 128
5216 00000000 128 128
5246 00002000 128 128
5250 00000000 128 128
5280 00002000 128 128
5284 00000000 128 128
5314 00002000 128 128
5318 00000000 128 128
5348 00002000 128 128
5352 00000000 128 128
5382 00002000 128 128
5386 00000000 128 128
5416 00002000 128 128
5420 00000000 128 128
5450 00002000 128 128
5454 00000000 128 128
5484 00002000 128 128
5488 00000000 128 128
5518 00002000 128 128
5522 00000000 128 128
5552 00000000 128 128
5672 00001000 128 128
5676 00000000 128 128
5766 00000200 128 128
5770 00000000 128 128
5780 00000080 128 128
5786 00000000 128 128
5792 00000010 128 128
5802 00000000 128 128
5812 00004000 128 128
5816 00000000 128 128
5966 00002000 128 128
5970 00000000 128 128
6150 00002000 128 128
6154 00000000 128 128
6334 00002000 128 128
6338 00000000 128 128
6838 00002000 128 128
6842 00000000 128 128
6962 00000200 128 128
6966 00000000 128 128
6996 00004000 128 128
7000 00000000 128 128
7090 00000000 128 128
