0 00000000 128 128
150 00000008 128 128
152 00000000 128 128
300 00000008 128 128
302 00000000 128 128
450 00002000 128 128
452 00000000 128 128
1100 00000010 128 128
1102 00000000 128 128
1132 00002000 128 128
1136 00000000 128 128
1836 00002000 128 128
1840 00000000 128 128
2080 00002000 128 128
2084 00000000 128 128
2324 00002000 128 128
2328 00000000 128 128
2628 00002000 128 128
2632 00000000 128 128
3900 00002000 128 128
3904 00000000 128 128
3934 00002000 128 128
3938 00000000 128 128
3968 00002000 128 128
3972 00000000 128 128
4002 00002000 128 128
4006 00000000 128 128
4036 00002000 128 128
4040 00000000 128 128
4070 00002000 128 128
4074 00000000 128 128
4104 00002000 128 128
4108 00000000 128 128
4138 00002000 128 128
4142 00000000 128 128
4172 00002000 128 128
4176 00000000 128 128
4206 00002000 128 128
4210 00000000 128 128
4240 00002000 128 128
4244 00000000 128 128
4274 00002000 128 128
4278 00000000 128 128
4308 00002000 128 128
4312 00000000 128 128
4342 00002000 128 128
4346 00000000 128 128
4376 00002000 128 128
4380 00000000 128 128
4410 00002000 128 128
4414 00000000 128 128
4444 00002000 128 128
4448 00000000 128 128
4478 00002000 128 128
4482 00000000 128 128
4512 00002000 128 128
4516 00000000 128 128
4546 00002000 128 128
4550 00000000 128 128
4580 00000000 128 128
