0 00000000 128 128
150 00000008 128 128
152 00000000 128 128
300 00000008 128 128
302 00000000 128 128
450 00002000 128 128
452 00000000 128 128
760 00000080 128 128
808 00000000 128 128
840 00000010 128 128
888 00000000 128 128
920 00000020 128 128
944 00000000 128 128
976 00000010 128 128
984 00000000 128 128
1016 00002000 128 128
1020 00000000 128 128
1152 00004000 128 128
1156 00000000 128 128
1188 00004000 128 128
1192 00000000 128 128
1224 00004000 128 128
1228 00000000 128 128
1260 00004000 128 128
1264 00000000 128 128
1296 00004000 128 128
1300 00000000 128 128
1332 00004000 128 128
1336 00000000 128 128
1368 00004000 128 128
1372 00000000 128 128
1404 00004000 128 128
1408 00000000 128 128
1440 00004000 128 128
1444 00000000 128 128
1476 00004000 128 128
1480 00000000 128 128
1512 00004000 128 128
1516 00000000 128 128
1548 00004000 128 128
1552 00000000 128 128
1584 00004000 128 128
1588 00000000 128 128
1620 00004000 128 128
1624 00000000 128 128
1656 00004000 128 128
1660 00000000 128 128
1692 00004000 128 128
1696 00000000 128 128
1728 00004000 128 128
1732 00000000 128 128
1764 00004000 128 128
1768 00000000 128 128
1800 00004000 128 128
1804 00000000 128 128
1836 00004000 128 128
1840 00000000 128 128
1872 00004000 128 128
1876 00000000 128 128
1908 00004000 128 128
1912 00000000 128 128
1944 00004000 128 128
1948 00000000 128 128
1980 00004000 128 128
1984 00000000 128 128
2016 00004000 128 128
2020 00000000 128 128
2052 00004000 128 128
2056 00000000 128 128
2088 00004000 128 128
2092 00000000 128 128
2124 00004000 128 128
2128 00000000 128 128
2160 00004000 128 128
2164 00000000 128 128
2196 00004000 128 128
2200 00000000 128 128
2232 00004000 128 128
2236 00000000 128 128
2268 00004000 128 128
2272 00000000 128 128
2304 00004000 128 128
2308 00000000 128 128
2340 00004000 128 128
2344 00000000 128 128
2376 00004000 128 128
2380 00000000 128 128
2412 00004000 128 128
2416 00000000 128 128
2448 00004000 128 128
2452 00000000 128 128
2484 00004000 128 128
2488 00000000 128 128
2520 00004000 128 128
2524 00000000 128 128
2556 00004000 128 128
2560 00000000 128 128
2592 00004000 128 128
2596 00000000 128 128
2628 00004000 128 128
2632 00000000 128 128
2664 00004000 128 128
2668 00000000 128 128
2700 00004000 128 128
2704 00000000 128 128
2736 00004000 128 128
2740 00000000 128 128
2772 00004000 128 128
2776 00000000 128 128
2808 00004000 128 128
2812 00000000 128 128
2844 00004000 128 128
2848 00000000 128 128
2880 00004000 128 128
2884 00000000 128 128
2916 00004000 128 128
2920 00000000 128 128
2952 00004000 128 128
2956 00000000 128 128
2988 00004000 128 128
2992 00000000 128 128
3024 00004000 128 128
3028 00000000 128 128
3060 00004000 128 128
3064 00000000 128 128
3096 00004000 128 128
3100 00000000 128 128
3132 00004000 128 128
3136 00000000 128 128
3168 00004000 128 128
3172 00000000 128 128
3204 00004000 128 128
3208 00000000 128 128
3240 00004000 128 128
3244 00000000 128 128
3276 00004000 128 128
3280 00000000 128 128
3612 00004000 128 128
3616 00000000 128 128
3648 00004000 128 128
3652 00000000 128 128
3684 00004000 128 128
3688 00000000 128 128
3720 00004000 128 128
3724 00000000 128 128
3796 00004000 128 128
3800 00000000 128 128
3832 00004000 128 128
3836 00000000 128 128
3868 00004000 128 128
3872 00000000 128 128
3904 00004000 128 128
3908 00000000 128 128
3980 00000010 128 128
3986 00000000 128 128
4008 00000010 128 128
4014 00000000 128 128
4036 00002000 128 128
4040 00000000 128 128
4172 00000010 128 128
4178 00000000 128 128
4210 00000010 128 128
4216 00000000 128 128
4248 00000080 128 128
4254 00000000 128 128
4286 00000040 128 128
4292 00000000 128 128
4324 00002000 128 128
4328 00000000 128 128
4400 00002000 128 128
4404 00000000 128 128
4436 00002000 128 128
4440 00000000 128 128
4472 00002000 128 128
4476 00000000 128 128
4508 00002000 128 128
4512 00000000 128 128
4544 00002000 128 128
4548 00000000 128 128
4580 00002000 128 128
4584 00000000 128 128
4616 00002000 128 128
4620 00000000 128 128
4652 00002000 128 128
4656 00000000 128 128
4688 00002000 128 128
4692 00000000 128 128
4724 00002000 128 128
4728 00000000 128 128
4760 00002000 128 128
4764 00000000 128 128
4796 00002000 128 128
4800 00000000 128 128
4892 00004000 128 128
4896 00000000 128 128
4928 00004000 128 128
4932 00000000 128 128
4964 00004000 128 128
4968 00000000 128 128
5000 00004000 128 128
5004 00000000 128 128
5076 00004000 128 128
5080 00000000 128 128
5112 00004000 128 128
5116 00000000 128 128
5148 00004000 128 128
5152 00000000 128 128
5184 00004000 128 128
5188 00000000 128 128
5260 00000010 128 128
5266 00000000 128 128
5288 00000010 128 128
5294 00000000 128 128
5316 00002000 128 128
5320 00000000 128 128
5452 00000010 128 128
5458 00000000 128 128
5490 00000010 128 128
5496 00000000 128 128
5528 00000080 128 128
5534 00000000 128 128
5566 00000040 128 128
5572 00000000 128 128
5604 00002000 128 128
5608 00000000 128 128
5680 00002000 128 128
5684 00000000 128 128
5716 00002000 128 128
5720 00000000 128 128
5752 00002000 128 128
5756 00000000 128 128
5788 00002000 128 128
5792 00000000 128 128
5824 00002000 128 128
5828 00000000 128 128
5860 00002000 128 128
5864 00000000 128 128
5896 00002000 128 128
5900 00000000 128 128
5932 00002000 128 128
5936 00000000 128 128
5968 00002000 128 128
5972 00000000 128 128
6004 00002000 128 128
6008 00000000 128 128
6040 00002000 128 128
6044 00000000 128 128
6076 00002000 128 128
6080 00000000 128 128
6172 00004000 128 128
6176 00000000 128 128
6208 00004000 128 128
6212 00000000 128 128
6244 00004000 128 128
6248 00000000 128 128
6280 00004000 128 128
6284 00000000 128 128
6356 00004000 128 128
6360 00000000 128 128
6392 00004000 128 128
6396 00000000 128 128
6428 00004000 128 128
6432 00000000 128 128
6464 00004000 128 128
6468 00000000 128 128
6540 00000010 128 128
6546 00000000 128 128
6568 00000010 128 128
6574 00000000 128 128
6596 00002000 128 128
6600 00000000 128 128
6732 00000010 128 128
6738 00000000 128 128
6770 00000010 128 128
6776 00000000 128 128
6808 00000080 128 128
6814 00000000 128 128
6846 00000040 128 128
6852 00000000 128 128
6884 00002000 128 128
6888 00000000 128 128
6960 00002000 128 128
6964 00000000 128 128
6996 00002000 128 128
7000 00000000 128 128
7032 00002000 128 128
7036 00000000 128 128
7068 00002000 128 128
7072 00000000 128 128
7104 00002000 128 128
7108 00000000 128 128
7140 00002000 128 128
7144 00000000 128 128
7176 00002000 128 128
7180 00000000 128 128
7212 00002000 128 128
7216 00000000 128 128
7248 00002000 128 128
7252 00000000 128 128
7284 00002000 128 128
7288 00000000 128 128
7320 00002000 128 128
7324 00000000 128 128
7356 00002000 128 128
7360 00000000 128 128
7452 00004000 128 128
7456 00000000 128 128
7488 00004000 128 128
7492 00000000 128 128
7524 00004000 128 128
7528 00000000 128 128
7560 00004000 128 128
7564 00000000 128 128
7636 00004000 128 128
7640 00000000 128 128
7672 00004000 128 128
7676 00000000 128 128
7708 00004000 128 128
7712 00000000 128 128
7744 00004000 128 128
7748 00000000 128 128
7820 00000010 128 128
7826 00000000 128 128
7848 00000010 128 128
7854 00000000 128 128
7876 00002000 128 128
7880 00000000 128 128
8012 00000010 128 128
8018 00000000 128 128
8050 00000010 128 128
8056 00000000 128 128
8088 00000080 128 128
8094 00000000 128 128
8126 00000040 128 128
8132 00000000 128 128
8164 00002000 128 128
8168 00000000 128 128
8240 00002000 128 128
8244 00000000 128 128
8276 00002000 128 128
8280 00000000 128 128
8312 00002000 128 128
8316 00000000 128 128
8348 00002000 128 128
8352 00000000 128 128
8384 00002000 128 128
8388 00000000 128 128
8420 00002000 128 128
8424 00000000 128 128
8456 00002000 128 128
8460 00000000 128 128
8492 00002000 128 128
8496 00000000 128 128
8528 00002000 128 128
8532 00000000 128 128
8564 00002000 128 128
8568 00000000 128 128
8600 00002000 128 128
8604 00000000 128 128
8636 00002000 128 128
8640 00000000 128 128
8732 00004000 128 128
8736 00000000 128 128
8768 00004000 128 128
8772 00000000 128 128
8804 00004000 128 128
8808 00000000 128 128
8840 00004000 128 128
8844 00000000 128 128
8916 00004000 128 128
8920 00000000 128 128
8952 00004000 128 128
8956 00000000 128 128
8988 00004000 128 128
8992 00000000 128 128
9024 00004000 128 128
9028 00000000 128 128
9100 00000010 128 128
9106 00000000 128 128
9128 00000010 128 128
9134 00000000 128 128
9156 00002000 128 128
9160 00000000 128 128
9292 00000010 128 128
9298 00000000 128 128
9330 00000010 128 128
9336 00000000 128 128
9368 00000080 128 128
9374 00000000 128 128
9406 00000040 128 128
9412 00000000 128 128
9444 00002000 128 128
9448 00000000 128 128
9520 00002000 128 128
9524 00000000 128 128
9556 00002000 128 128
9560 00000000 128 128
9592 00002000 128 128
9596 00000000 128 128
9628 00002000 128 128
9632 00000000 128 128
9664 00002000 128 128
9668 00000000 128 128
9700 00002000 128 128
9704 00000000 128 128
9736 00002000 128 128
9740 00000000 128 128
9772 00002000 128 128
9776 00000000 128 128
9808 00002000 128 128
9812 00000000 128 128
9844 00002000 128 128
9848 00000000 128 128
9880 00002000 128 128
9884 00000000 128 128
9916 00002000 128 128
9920 00000000 128 128
10012 00004000 128 128
10016 00000000 128 128
10048 00004000 128 128
10052 00000000 128 128
10084 00004000 128 128
10088 00000000 128 128
10120 00004000 128 128
10124 00000000 128 128
10196 00004000 128 128
10200 00000000 128 128
10232 00004000 128 128
10236 00000000 128 128
10268 00004000 128 128
10272 00000000 128 128
10304 00004000 128 128
10308 00000000 128 128
10380 00000010 128 128
10386 00000000 128 128
10408 00000010 128 128
10414 00000000 128 128
10436 00002000 128 128
10440 00000000 128 128
10572 00000010 128 128
10578 00000000 128 128
10610 00000010 128 128
10616 00000000 128 128
10648 00000080 128 128
10654 00000000 128 128
10686 00000040 128 128
10692 00000000 128 128
10724 00002000 128 128
10728 00000000 128 128
10800 00002000 128 128
10804 00000000 128 128
10836 00002000 128 128
10840 00000000 128 128
10872 00002000 128 128
10876 00000000 128 128
10908 00002000 128 128
10912 00000000 128 128
10944 00002000 128 128
10948 00000000 128 128
10980 00002000 128 128
10984 00000000 128 128
11016 00002000 128 128
11020 00000000 128 128
11052 00002000 128 128
11056 00000000 128 128
11088 00002000 128 128
11092 00000000 128 128
11124 00002000 128 128
11128 00000000 128 128
11160 00002000 128 128
11164 00000000 128 128
11196 00002000 128 128
11200 00000000 128 128
11292 00004000 128 128
11296 00000000 128 128
11328 00004000 128 128
11332 00000000 128 128
11364 00004000 128 128
11368 00000000 128 128
11400 00004000 128 128
11404 00000000 128 128
11476 00004000 128 128
11480 00000000 128 128
11512 00004000 128 128
11516 00000000 128 128
11548 00004000 128 128
11552 00000000 128 128
11584 00004000 128 128
11588 00000000 128 128
11660 00000010 128 128
11666 00000000 128 128
11688 00000010 128 128
11694 00000000 128 128
11716 00002000 128 128
11720 00000000 128 128
11852 00000010 128 128
11858 00000000 128 128
11890 00000010 128 128
11896 00000000 128 128
11928 00000080 128 128
11934 00000000 128 128
11966 00000040 128 128
11972 00000000 128 128
12004 00002000 128 128
12008 00000000 128 128
12080 00002000 128 128
12084 00000000 128 128
12116 00002000 128 128
12120 00000000 128 128
12152 00002000 128 128
12156 00000000 128 128
12188 00002000 128 128
12192 00000000 128 128
12224 00002000 128 128
12228 00000000 128 128
12260 00002000 128 128
12264 00000000 128 128
12296 00002000 128 128
12300 00000000 128 128
12332 00002000 128 128
12336 00000000 128 128
12368 00002000 128 128
12372 00000000 128 128
12404 00002000 128 128
12408 00000000 128 128
12440 00002000 128 128
12444 00000000 128 128
12476 00002000 128 128
12480 00000000 128 128
12572 00004000 128 128
12576 00000000 128 128
12608 00004000 128 128
12612 00000000 128 128
12644 00004000 128 128
12648 00000000 128 128
12680 00004000 128 128
12684 00000000 128 128
12756 00004000 128 128
12760 00000000 128 128
12792 00004000 128 128
12796 00000000 128 128
12828 00004000 128 128
12832 00000000 128 128
12864 00004000 128 128
12868 00000000 128 128
12940 00000010 128 128
12946 00000000 128 128
12968 00000010 128 128
12974 00000000 128 128
12996 00002000 128 128
13000 00000000 128 128
13132 00000010 128 128
13138 00000000 128 128
13170 00000010 128 128
13176 00000000 128 128
13208 00000080 128 128
13214 00000000 128 128
13246 00000040 128 128
13252 00000000 128 128
13284 00002000 128 128
13288 00000000 128 128
13360 00002000 128 128
13364 00000000 128 128
13396 00002000 128 128
13400 00000000 128 128
13432 00002000 128 128
13436 00000000 128 128
13468 00002000 128 128
13472 00000000 128 128
13504 00002000 128 128
13508 00000000 128 128
13540 00002000 128 128
13544 00000000 128 128
13576 00002000 128 128
13580 00000000 128 128
13612 00002000 128 128
13616 00000000 128 128
13648 00002000 128 128
13652 00000000 128 128
13684 00002000 128 128
13688 00000000 128 128
13720 00002000 128 128
13724 00000000 128 128
13756 00002000 128 128
13760 00000000 128 128
13852 00004000 128 128
13856 00000000 128 128
13888 00004000 128 128
13892 00000000 128 128
13924 00004000 128 128
13928 00000000 128 128
13960 00004000 128 128
13964 00000000 128 128
14036 00004000 128 128
14040 00000000 128 128
14072 00004000 128 128
14076 00000000 128 128
14108 00004000 128 128
14112 00000000 128 128
14144 00004000 128 128
14148 00000000 128 128
14220 00000010 128 128
14226 00000000 128 128
14248 00000010 128 128
14254 00000000 128 128
14276 00002000 128 128
14280 00000000 128 128
14412 00000010 128 128
14418 00000000 128 128
14450 00000010 128 128
14456 00000000 128 128
14488 00000080 128 128
14494 00000000 128 128
14526 00000040 128 128
14532 00000000 128 128
14564 00002000 128 128
14568 00000000 128 128
14640 00002000 128 128
14644 00000000 128 128
14676 00002000 128 128
14680 00000000 128 128
14712 00002000 128 128
14716 00000000 128 128
14748 00002000 128 128
14752 00000000 128 128
14784 00002000 128 128
14788 00000000 128 128
14820 00002000 128 128
14824 00000000 128 128
14856 00002000 128 128
14860 00000000 128 128
14892 00002000 128 128
14896 00000000 128 128
14928 00002000 128 128
14932 00000000 128 128
14964 00002000 128 128
14968 00000000 128 128
15000 00002000 128 128
15004 00000000 128 128
15036 00002000 128 128
15040 00000000 128 128
15132 00004000 128 128
15136 00000000 128 128
15168 00004000 128 128
15172 00000000 128 128
15204 00004000 128 128
15208 00000000 128 128
15240 00004000 128 128
15244 00000000 128 128
15316 00004000 128 128
15320 00000000 128 128
15352 00004000 128 128
15356 00000000 128 128
15388 00004000 128 128
15392 00000000 128 128
15424 00004000 128 128
15428 00000000 128 128
15500 00000010 128 128
15506 00000000 128 128
15528 00000010 128 128
15534 00000000 128 128
15556 00002000 128 128
15560 00000000 128 128
15692 00000010 128 128
15698 00000000 128 128
15730 00000010 128 128
15736 00000000 128 128
15768 00000080 128 128
15774 00000000 128 128
15806 00000040 128 128
15812 00000000 128 128
15844 00002000 128 128
15848 00000000 128 128
15920 00002000 128 128
15924 00000000 128 128
15956 00002000 128 128
15960 00000000 128 128
15992 00002000 128 128
15996 00000000 128 128
16028 00002000 128 128
16032 00000000 128 128
16064 00002000 128 128
16068 00000000 128 128
16100 00002000 128 128
16104 00000000 128 128
16136 00002000 128 128
16140 00000000 128 128
16172 00002000 128 128
16176 00000000 128 128
16208 00002000 128 128
16212 00000000 128 128
16244 00002000 128 128
16248 00000000 128 128
16280 00002000 128 128
16284 00000000 128 128
16316 00002000 128 128
16320 00000000 128 128
16412 00004000 128 128
16416 00000000 128 128
16448 00004000 128 128
16452 00000000 128 128
16484 00004000 128 128
16488 00000000 128 128
16520 00004000 128 128
16524 00000000 128 128
16596 00004000 128 128
16600 00000000 128 128
16632 00004000 128 128
16636 00000000 128 128
16668 00004000 128 128
16672 00000000 128 128
16704 00004000 128 128
16708 00000000 128 128
16780 00000010 128 128
16786 00000000 128 128
16808 00000010 128 128
16814 00000000 128 128
16836 00002000 128 128
16840 00000000 128 128
16972 00000010 128 128
16978 00000000 128 128
17010 00000010 128 128
17016 00000000 128 128
17048 00000080 128 128
17054 00000000 128 128
17086 00000040 128 128
17092 00000000 128 128
17124 00002000 128 128
17128 00000000 128 128
17200 00002000 128 128
17204 00000000 128 128
17236 00002000 128 128
17240 00000000 128 128
17272 00002000 128 128
17276 00000000 128 128
17308 00002000 128 128
17312 00000000 128 128
17344 00002000 128 128
17348 00000000 128 128
17380 00002000 128 128
17384 00000000 128 128
17416 00002000 128 128
17420 00000000 128 128
17452 00002000 128 128
17456 00000000 128 128
17488 00002000 128 128
17492 00000000 128 128
17524 00002000 128 128
17528 00000000 128 128
17560 00002000 128 128
17564 00000000 128 128
17596 00002000 128 128
17600 00000000 128 128
17692 00004000 128 128
17696 00000000 128 128
17728 00004000 128 128
17732 00000000 128 128
17764 00004000 128 128
17768 00000000 128 128
17800 00004000 128 128
17804 00000000 128 128
17876 00004000 128 128
17880 00000000 128 128
17912 00004000 128 128
17916 00000000 128 128
17948 00004000 128 128
17952 00000000 128 128
17984 00004000 128 128
17988 00000000 128 128
18060 00000010 128 128
18066 00000000 128 128
18088 00000010 128 128
18094 00000000 128 128
18116 00002000 128 128
18120 00000000 128 128
18252 00000010 128 128
18258 00000000 128 128
18290 00000010 128 128
18296 00000000 128 128
18328 00000080 128 128
18334 00000000 128 128
18366 00000040 128 128
18372 00000000 128 128
18404 00002000 128 128
18408 00000000 128 128
18480 00002000 128 128
18484 00000000 128 128
18516 00002000 128 128
18520 00000000 128 128
18552 00002000 128 128
18556 00000000 128 128
18588 00002000 128 128
18592 00000000 128 128
18624 00002000 128 128
18628 00000000 128 128
18660 00002000 128 128
18664 00000000 128 128
18696 00002000 128 128
18700 00000000 128 128
18732 00002000 128 128
18736 00000000 128 128
18768 00002000 128 128
18772 00000000 128 128
18804 00002000 128 128
18808 00000000 128 128
18840 00002000 128 128
18844 00000000 128 128
18876 00002000 128 128
18880 00000000 128 128
18972 00004000 128 128
18976 00000000 128 128
19008 00004000 128 128
19012 00000000 128 128
19044 00004000 128 128
19048 00000000 128 128
19080 00004000 128 128
19084 00000000 128 128
19156 00004000 128 128
19160 00000000 128 128
19192 00004000 128 128
19196 00000000 128 128
19228 00004000 128 128
19232 00000000 128 128
19264 00004000 128 128
19268 00000000 128 128
19340 00000010 128 128
19346 00000000 128 128
19368 00000010 128 128
19374 00000000 128 128
19396 00002000 128 128
19400 00000000 128 128
19532 00000010 128 128
19538 00000000 128 128
19570 00000010 128 128
19576 00000000 128 128
19608 00000080 128 128
19614 00000000 128 128
19646 00000040 128 128
19652 00000000 128 128
19684 00002000 128 128
19688 00000000 128 128
19760 00002000 128 128
19764 00000000 128 128
19796 00002000 128 128
19800 00000000 128 128
19832 00002000 128 128
19836 00000000 128 128
19868 00002000 128 128
19872 00000000 128 128
19904 00002000 128 128
19908 00000000 128 128
19940 00002000 128 128
19944 00000000 128 128
19976 00002000 128 128
19980 00000000 128 128
20012 00002000 128 128
20016 00000000 128 128
20048 00002000 128 128
20052 00000000 128 128
20084 00002000 128 128
20088 00000000 128 128
20120 00002000 128 128
20124 00000000 128 128
20156 00002000 128 128
20160 00000000 128 128
20252 00004000 128 128
20256 00000000 128 128
20288 00004000 128 128
20292 00000000 128 128
20324 00004000 128 128
20328 00000000 128 128
20360 00004000 128 128
20364 00000000 128 128
20436 00004000 128 128
20440 00000000 128 128
20472 00004000 128 128
20476 00000000 128 128
20508 00004000 128 128
20512 00000000 128 128
20544 00004000 128 128
20548 00000000 128 128
20620 00000010 128 128
20626 00000000 128 128
20648 00000010 128 128
20654 00000000 128 128
20676 00002000 128 128
20680 00000000 128 128
20812 00000010 128 128
20818 00000000 128 128
20850 00000010 128 128
20856 00000000 128 128
20888 00000080 128 128
20894 00000000 128 128
20926 00000040 128 128
20932 00000000 128 128
20964 00002000 128 128
20968 00000000 128 128
21040 00002000 128 128
21044 00000000 128 128
21076 00002000 128 128
21080 00000000 128 128
21112 00002000 128 128
21116 00000000 128 128
21148 00002000 128 128
21152 00000000 128 128
21184 00002000 128 128
21188 00000000 128 128
21220 00002000 128 128
21224 00000000 128 128
21256 00002000 128 128
21260 00000000 128 128
21292 00002000 128 128
21296 00000000 128 128
21328 00002000 128 128
21332 00000000 128 128
21364 00002000 128 128
21368 00000000 128 128
21400 00002000 128 128
21404 00000000 128 128
21436 00002000 128 128
21440 00000000 128 128
21532 00004000 128 128
21536 00000000 128 128
21568 00004000 128 128
21572 00000000 128 128
21604 00004000 128 128
21608 00000000 128 128
21640 00004000 128 128
21644 00000000 128 128
21716 00004000 128 128
21720 00000000 128 128
21752 00004000 128 128
21756 00000000 128 128
21788 00004000 128 128
21792 00000000 128 128
21824 00004000 128 128
21828 00000000 128 128
21900 00000010 128 128
21906 00000000 128 128
21928 00000010 128 128
21934 00000000 128 128
21956 00002000 128 128
21960 00000000 128 128
22092 00000010 128 128
22098 00000000 128 128
22130 00000010 128 128
22136 00000000 128 128
22168 00000080 128 128
22174 00000000 128 128
22206 00000040 128 128
22212 00000000 128 128
22244 00002000 128 128
22248 00000000 128 128
22320 00002000 128 128
22324 00000000 128 128
22356 00002000 128 128
22360 00000000 128 128
22392 00002000 128 128
22396 00000000 128 128
22428 00002000 128 128
22432 00000000 128 128
22464 00002000 128 128
22468 00000000 128 128
22500 00002000 128 128
22504 00000000 128 128
22536 00002000 128 128
22540 00000000 128 128
22572 00002000 128 128
22576 00000000 128 128
22608 00002000 128 128
22612 00000000 128 128
22644 00002000 128 128
22648 00000000 128 128
22680 00002000 128 128
22684 00000000 128 128
22716 00002000 128 128
22720 00000000 128 128
22812 00004000 128 128
22816 00000000 128 128
22848 00004000 128 128
22852 00000000 128 128
22884 00004000 128 128
22888 00000000 128 128
22920 00004000 128 128
22924 00000000 128 128
22996 00004000 128 128
23000 00000000 128 128
23032 00004000 128 128
23036 00000000 128 128
23068 00004000 128 128
23072 00000000 128 128
23104 00004000 128 128
23108 00000000 128 128
23180 00000010 128 128
23186 00000000 128 128
23208 00000010 128 128
23214 00000000 128 128
23236 00002000 128 128
23240 00000000 128 128
23372 00000010 128 128
23378 00000000 128 128
23410 00000010 128 128
23416 00000000 128 128
23448 00000080 128 128
23454 00000000 128 128
23486 00000040 128 128
23492 00000000 128 128
23524 00002000 128 128
23528 00000000 128 128
23600 00002000 128 128
23604 00000000 128 128
23636 00002000 128 128
23640 00000000 128 128
23672 00002000 128 128
23676 00000000 128 128
23708 00002000 128 128
23712 00000000 128 128
23744 00002000 128 128
23748 00000000 128 128
23780 00002000 128 128
23784 00000000 128 128
23816 00002000 128 128
23820 00000000 128 128
23852 00002000 128 128
23856 00000000 128 128
23888 00002000 128 128
23892 00000000 128 128
23924 00002000 128 128
23928 00000000 128 128
23960 00002000 128 128
23964 00000000 128 128
23996 00002000 128 128
24000 00000000 128 128
24092 00004000 128 128
24096 00000000 128 128
24128 00004000 128 128
24132 00000000 128 128
24164 00004000 128 128
24168 00000000 128 128
24200 00004000 128 128
24204 00000000 128 128
24276 00004000 128 128
24280 00000000 128 128
24312 00004000 128 128
24316 00000000 128 128
24348 00004000 128 128
24352 00000000 128 128
24384 00004000 128 128
24388 00000000 128 128
24460 00000010 128 128
24466 00000000 128 128
24488 00000010 128 128
24494 00000000 128 128
24516 00002000 128 128
24520 00000000 128 128
24652 00000010 128 128
24658 00000000 128 128
24690 00000010 128 128
24696 00000000 128 128
24728 00000080 128 128
24734 00000000 128 128
24766 00000040 128 128
24772 00000000 128 128
24804 00002000 128 128
24808 00000000 128 128
24880 00002000 128 128
24884 00000000 128 128
24916 00002000 128 128
24920 00000000 128 128
24952 00002000 128 128
24956 00000000 128 128
24988 00002000 128 128
24992 00000000 128 128
25024 00002000 128 128
25028 00000000 128 128
25060 00002000 128 128
25064 00000000 128 128
25096 00002000 128 128
25100 00000000 128 128
25132 00002000 128 128
25136 00000000 128 128
25168 00002000 128 128
25172 00000000 128 128
25204 00002000 128 128
25208 00000000 128 128
25240 00002000 128 128
25244 00000000 128 128
25276 00002000 128 128
25280 00000000 128 128
25372 00004000 128 128
25376 00000000 128 128
25408 00004000 128 128
25412 00000000 128 128
25444 00004000 128 128
25448 00000000 128 128
25480 00004000 128 128
25484 00000000 128 128
25556 00004000 128 128
25560 00000000 128 128
25592 00004000 128 128
25596 00000000 128 128
25628 00004000 128 128
25632 00000000 128 128
25664 00004000 128 128
25668 00000000 128 128
25740 00000010 128 128
25746 00000000 128 128
25768 00000010 128 128
25774 00000000 128 128
25796 00002000 128 128
25800 00000000 128 128
25932 00000010 128 128
25938 00000000 128 128
25970 00000010 128 128
25976 00000000 128 128
26008 00000080 128 128
26014 00000000 128 128
26046 00000040 128 128
26052 00000000 128 128
26084 00002000 128 128
26088 00000000 128 128
26160 00002000 128 128
26164 00000000 128 128
26196 00002000 128 128
26200 00000000 128 128
26232 00002000 128 128
26236 00000000 128 128
26268 00002000 128 128
26272 00000000 128 128
26304 00002000 128 128
26308 00000000 128 128
26340 00002000 128 128
26344 00000000 128 128
26376 00002000 128 128
26380 00000000 128 128
26412 00002000 128 128
26416 00000000 128 128
26448 00002000 128 128
26452 00000000 128 128
26484 00002000 128 128
26488 00000000 128 128
26520 00002000 128 128
26524 00000000 128 128
26556 00002000 128 128
26560 00000000 128 128
26652 00004000 128 128
26656 00000000 128 128
26688 00004000 128 128
26692 00000000 128 128
26724 00004000 128 128
26728 00000000 128 128
26760 00004000 128 128
26764 00000000 128 128
26836 00004000 128 128
26840 00000000 128 128
26872 00004000 128 128
26876 00000000 128 128
26908 00004000 128 128
26912 00000000 128 128
26944 00004000 128 128
26948 00000000 128 128
27020 00000010 128 128
27026 00000000 128 128
27048 00000010 128 128
27054 00000000 128 128
27076 00002000 128 128
27080 00000000 128 128
27212 00000010 128 128
27218 00000000 128 128
27250 00000010 128 128
27256 00000000 128 128
27288 00000080 128 128
27294 00000000 128 128
27326 00000040 128 128
27332 00000000 128 128
27364 00002000 128 128
27368 00000000 128 128
27440 00002000 128 128
27444 00000000 128 128
27476 00002000 128 128
27480 00000000 128 128
27512 00002000 128 128
27516 00000000 128 128
27548 00002000 128 128
27552 00000000 128 128
27584 00002000 128 128
27588 00000000 128 128
27620 00002000 128 128
27624 00000000 128 128
27656 00002000 128 128
27660 00000000 128 128
27692 00002000 128 128
27696 00000000 128 128
27728 00002000 128 128
27732 00000000 128 128
27764 00002000 128 128
27768 00000000 128 128
27800 00002000 128 128
27804 00000000 128 128
27836 00002000 128 128
27840 00000000 128 128
27932 00004000 128 128
27936 00000000 128 128
27968 00004000 128 128
27972 00000000 128 128
28004 00004000 128 128
28008 00000000 128 128
28040 00004000 128 128
28044 00000000 128 128
28116 00004000 128 128
28120 00000000 128 128
28152 00004000 128 128
28156 00000000 128 128
28188 00004000 128 128
28192 00000000 128 128
28224 00004000 128 128
28228 00000000 128 128
28300 00000010 128 128
28306 00000000 128 128
28328 00000010 128 128
28334 00000000 128 128
28356 00002000 128 128
28360 00000000 128 128
28492 00000010 128 128
28498 00000000 128 128
28530 00000010 128 128
28536 00000000 128 128
28568 00000080 128 128
28574 00000000 128 128
28606 00000040 128 128
28612 00000000 128 128
28644 00002000 128 128
28648 00000000 128 128
28720 00002000 128 128
28724 00000000 128 128
28756 00002000 128 128
28760 00000000 128 128
28792 00002000 128 128
28796 00000000 128 128
28828 00002000 128 128
28832 00000000 128 128
28864 00002000 128 128
28868 00000000 128 128
28900 00002000 128 128
28904 00000000 128 128
28936 00002000 128 128
28940 00000000 128 128
28972 00002000 128 128
28976 00000000 128 128
29008 00002000 128 128
29012 00000000 128 128
29044 00002000 128 128
29048 00000000 128 128
29080 00002000 128 128
29084 00000000 128 128
29116 00002000 128 128
29120 00000000 128 128
29212 00004000 128 128
29216 00000000 128 128
29248 00004000 128 128
29252 00000000 128 128
29284 00004000 128 128
29288 00000000 128 128
29320 00004000 128 128
29324 00000000 128 128
29396 00004000 128 128
29400 00000000 128 128
29432 00004000 128 128
29436 00000000 128 128
29468 00004000 128 128
29472 00000000 128 128
29504 00004000 128 128
29508 00000000 128 128
29580 00000010 128 128
29586 00000000 128 128
29608 00000010 128 128
29614 00000000 128 128
29636 00002000 128 128
29640 00000000 128 128
29772 00000010 128 128
29778 00000000 128 128
29810 00000010 128 128
29816 00000000 128 128
29848 00000080 128 128
29854 00000000 128 128
29886 00000040 128 128
29892 00000000 128 128
29924 00002000 128 128
29928 00000000 128 128
30000 00002000 128 128
30004 00000000 128 128
30036 00002000 128 128
30040 00000000 128 128
30072 00002000 128 128
30076 00000000 128 128
30108 00002000 128 128
30112 00000000 128 128
30144 00002000 128 128
30148 00000000 128 128
30180 00002000 128 128
30184 00000000 128 128
30216 00002000 128 128
30220 00000000 128 128
30252 00002000 128 128
30256 00000000 128 128
30288 00002000 128 128
30292 00000000 128 128
30324 00002000 128 128
30328 00000000 128 128
30360 00002000 128 128
30364 00000000 128 128
30396 00002000 128 128
30400 00000000 128 128
30492 00004000 128 128
30496 00000000 128 128
30528 00004000 128 128
30532 00000000 128 128
30564 00004000 128 128
30568 00000000 128 128
30600 00004000 128 128
30604 00000000 128 128
30676 00004000 128 128
30680 00000000 128 128
30712 00004000 128 128
30716 00000000 128 128
30748 00004000 128 128
30752 00000000 128 128
30784 00004000 128 128
30788 00000000 128 128
30860 00000010 128 128
30866 00000000 128 128
30888 00000010 128 128
30894 00000000 128 128
30916 00002000 128 128
30920 00000000 128 128
31052 00000010 128 128
31058 00000000 128 128
31090 00000010 128 128
31096 00000000 128 128
31128 00000080 128 128
31134 00000000 128 128
31166 00000040 128 128
31172 00000000 128 128
31204 00002000 128 128
31208 00000000 128 128
31280 00002000 128 128
31284 00000000 128 128
31316 00002000 128 128
31320 00000000 128 128
31352 00002000 128 128
31356 00000000 128 128
31388 00002000 128 128
31392 00000000 128 128
31424 00002000 128 128
31428 00000000 128 128
31460 00002000 128 128
31464 00000000 128 128
31496 00002000 128 128
31500 00000000 128 128
31532 00002000 128 128
31536 00000000 128 128
31568 00002000 128 128
31572 00000000 128 128
31604 00002000 128 128
31608 00000000 128 128
31640 00002000 128 128
31644 00000000 128 128
31676 00002000 128 128
31680 00000000 128 128
31772 00004000 128 128
31776 00000000 128 128
31808 00004000 128 128
31812 00000000 128 128
31844 00004000 128 128
31848 00000000 128 128
31880 00004000 128 128
31884 00000000 128 128
31956 00004000 128 128
31960 00000000 128 128
31992 00004000 128 128
31996 00000000 128 128
32028 00004000 128 128
32032 00000000 128 128
32064 00004000 128 128
32068 00000000 128 128
32140 00000010 128 128
32146 00000000 128 128
32168 00000010 128 128
32174 00000000 128 128
32196 00002000 128 128
32200 00000000 128 128
32332 00000010 128 128
32338 00000000 128 128
32370 00000010 128 128
32376 00000000 128 128
32408 00000080 128 128
32414 00000000 128 128
32446 00000040 128 128
32452 00000000 128 128
32484 00002000 128 128
32488 00000000 128 128
32560 00002000 128 128
32564 00000000 128 128
32596 00002000 128 128
32600 00000000 128 128
32632 00002000 128 128
32636 00000000 128 128
32668 00002000 128 128
32672 00000000 128 128
32704 00002000 128 128
32708 00000000 128 128
32740 00002000 128 128
32744 00000000 128 128
32776 00002000 128 128
32780 00000000 128 128
32812 00002000 128 128
32816 00000000 128 128
32848 00002000 128 128
32852 00000000 128 128
32884 00002000 128 128
32888 00000000 128 128
32920 00002000 128 128
32924 00000000 128 128
32956 00002000 128 128
32960 00000000 128 128
33052 00004000 128 128
33056 00000000 128 128
33088 00004000 128 128
33092 00000000 128 128
33124 00004000 128 128
33128 00000000 128 128
33160 00004000 128 128
33164 00000000 128 128
33236 00004000 128 128
33240 00000000 128 128
33272 00004000 128 128
33276 00000000 128 128
33308 00004000 128 128
33312 00000000 128 128
33344 00004000 128 128
33348 00000000 128 128
33420 00000010 128 128
33426 00000000 128 128
33448 00000010 128 128
33454 00000000 128 128
33476 00002000 128 128
33480 00000000 128 128
33612 00000010 128 128
33618 00000000 128 128
33650 00000010 128 128
33656 00000000 128 128
33688 00000080 128 128
33694 00000000 128 128
33726 00000040 128 128
33732 00000000 128 128
33764 00002000 128 128
33768 00000000 128 128
33840 00002000 128 128
33844 00000000 128 128
33876 00002000 128 128
33880 00000000 128 128
33912 00002000 128 128
33916 00000000 128 128
33948 00002000 128 128
33952 00000000 128 128
33984 00002000 128 128
33988 00000000 128 128
34020 00002000 128 128
34024 00000000 128 128
34056 00002000 128 128
34060 00000000 128 128
34092 00002000 128 128
34096 00000000 128 128
34128 00002000 128 128
34132 00000000 128 128
34164 00002000 128 128
34168 00000000 128 128
34200 00002000 128 128
34204 00000000 128 128
34236 00002000 128 128
34240 00000000 128 128
34532 00004000 128 128
34536 00000000 128 128
34568 00004000 128 128
34572 00000000 128 128
34604 00004000 128 128
34608 00000000 128 128
34640 00004000 128 128
34644 00000000 128 128
34676 00004000 128 128
34680 00000000 128 128
34712 00004000 128 128
34716 00000000 128 128
34748 00004000 128 128
34752 00000000 128 128
34784 00004000 128 128
34788 00000000 128 128
34820 00004000 128 128
34824 00000000 128 128
34856 00004000 128 128
34860 00000000 128 128
34892 00004000 128 128
34896 00000000 128 128
34928 00004000 128 128
34932 00000000 128 128
34964 00004000 128 128
34968 00000000 128 128
35000 00004000 128 128
35004 00000000 128 128
35036 00004000 128 128
35040 00000000 128 128
35072 00004000 128 128
35076 00000000 128 128
35108 00004000 128 128
35112 00000000 128 128
35144 00004000 128 128
35148 00000000 128 128
35180 00004000 128 128
35184 00000000 128 128
35216 00004000 128 128
35220 00000000 128 128
35252 00004000 128 128
35256 00000000 128 128
35288 00004000 128 128
35292 00000000 128 128
35324 00004000 128 128
35328 00000000 128 128
35360 00004000 128 128
35364 00000000 128 128
35396 00004000 128 128
35400 00000000 128 128
35432 00004000 128 128
35436 00000000 128 128
35468 00004000 128 128
35472 00000000 128 128
35504 00004000 128 128
35508 00000000 128 128
35540 00004000 128 128
35544 00000000 128 128
35576 00004000 128 128
35580 00000000 128 128
35612 00004000 128 128
35616 00000000 128 128
35648 00004000 128 128
35652 00000000 128 128
35684 00004000 128 128
35688 00000000 128 128
35720 00004000 128 128
35724 00000000 128 128
35756 00004000 128 128
35760 00000000 128 128
35792 00004000 128 128
35796 00000000 128 128
35828 00004000 128 128
35832 00000000 128 128
35864 00004000 128 128
35868 00000000 128 128
35900 00004000 128 128
35904 00000000 128 128
35936 00004000 128 128
35940 00000000 128 128
35972 00004000 128 128
35976 00000000 128 128
36008 00004000 128 128
36012 00000000 128 128
36044 00004000 128 128
36048 00000000 128 128
36080 00004000 128 128
36084 00000000 128 128
36116 00004000 128 128
36120 00000000 128 128
36152 00004000 128 128
36156 00000000 128 128
36188 00004000 128 128
36192 00000000 128 128
36224 00004000 128 128
36228 00000000 128 128
36260 00004000 128 128
36264 00000000 128 128
36296 00004000 128 128
36300 00000000 128 128
36332 00004000 128 128
36336 00000000 128 128
36368 00004000 128 128
36372 00000000 128 128
36404 00004000 128 128
36408 00000000 128 128
36440 00004000 128 128
36444 00000000 128 128
36476 00004000 128 128
36480 00000000 128 128
36512 00004000 128 128
36516 00000000 128 128
36548 00004000 128 128
36552 00000000 128 128
36584 00004000 128 128
36588 00000000 128 128
36620 00004000 128 128
36624 00000000 128 128
36656 00004000 128 128
36660 00000000 128 128
36692 00004000 128 128
36696 00000000 128 128
36728 00004000 128 128
36732 00000000 128 128
36764 00004000 128 128
36768 00000000 128 128
36800 00004000 128 128
36804 00000000 128 128
36836 00004000 128 128
36840 00000000 128 128
36872 00004000 128 128
36876 00000000 128 128
36908 00004000 128 128
36912 00000000 128 128
36944 00004000 128 128
36948 00000000 128 128
36980 00004000 128 128
36984 00000000 128 128
37016 00004000 128 128
37020 00000000 128 128
37052 00004000 128 128
37056 00000000 128 128
37088 00004000 128 128
37092 00000000 128 128
37124 00004000 128 128
37128 00000000 128 128
37160 00004000 128 128
37164 00000000 128 128
37196 00004000 128 128
37200 00000000 128 128
37232 00004000 128 128
37236 00000000 128 128
37268 00004000 128 128
37272 00000000 128 128
37304 00004000 128 128
37308 00000000 128 128
37340 00004000 128 128
37344 00000000 128 128
37376 00004000 128 128
37380 00000000 128 128
37412 00004000 128 128
37416 00000000 128 128
37448 00004000 128 128
37452 00000000 128 128
37484 00004000 128 128
37488 00000000 128 128
37520 00004000 128 128
37524 00000000 128 128
37556 00004000 128 128
37560 00000000 128 128
37592 00004000 128 128
37596 00000000 128 128
37628 00004000 128 128
37632 00000000 128 128
37664 00004000 128 128
37668 00000000 128 128
37700 00004000 128 128
37704 00000000 128 128
37736 00004000 128 128
37740 00000000 128 128
37772 00004000 128 128
37776 00000000 128 128
37808 00004000 128 128
37812 00000000 128 128
37844 00004000 128 128
37848 00000000 128 128
37880 00004000 128 128
37884 00000000 128 128
37916 00004000 128 128
37920 00000000 128 128
37952 00004000 128 128
37956 00000000 128 128
37988 00004000 128 128
37992 00000000 128 128
38024 00004000 128 128
38028 00000000 128 128
38060 00004000 128 128
38064 00000000 128 128
38096 00004000 128 128
38100 00000000 128 128
38132 00004000 128 128
38136 00000000 128 128
38168 00004000 128 128
38172 00000000 128 128
38204 00004000 128 128
38208 00000000 128 128
38240 00004000 128 128
38244 00000000 128 128
38276 00004000 128 128
38280 00000000 128 128
38312 00004000 128 128
38316 00000000 128 128
38348 00004000 128 128
38352 00000000 128 128
38384 00004000 128 128
38388 00000000 128 128
38420 00004000 128 128
38424 00000000 128 128
38456 00004000 128 128
38460 00000000 128 128
38492 00004000 128 128
38496 00000000 128 128
38528 00004000 128 128
38532 00000000 128 128
38564 00004000 128 128
38568 00000000 128 128
38600 00004000 128 128
38604 00000000 128 128
38636 00004000 128 128
38640 00000000 128 128
38672 00004000 128 128
38676 00000000 128 128
38708 00004000 128 128
38712 00000000 128 128
38744 00004000 128 128
38748 00000000 128 128
38780 00004000 128 128
38784 00000000 128 128
38816 00004000 128 128
38820 00000000 128 128
39152 00001000 128 128
39156 00000000 128 128
39258 00000010 128 128
39264 00000000 128 128
39286 00000010 128 128
39292 00000000 128 128
39314 00000010 128 128
39320 00000000 128 128
39342 00000020 128 128
39348 00000000 128 128
39380 00002000 128 128
39384 00000000 128 128
39796 00002000 128 128
39800 00000000 128 128
40012 00002000 128 128
40016 00000000 128 128
40228 00002000 128 128
40232 00000000 128 128
40444 00002000 128 128
40448 00000000 128 128
40660 00002000 128 128
40664 00000000 128 128
40936 00000000 128 128
