0 00000000 128 128
150 00000008 128 128
152 00000000 128 128
300 00000008 128 128
302 00000000 128 128
450 00002000 128 128
452 00000000 128 128
1200 00000040 128 128
1280 00000000 128 128
1320 00000080 128 128
1480 00000000 128 128
1520 00000040 128 128
1536 00000000 128 128
1576 00000080 128 128
1696 00000000 128 128
1736 00000010 128 128
1752 00000000 128 128
1792 00000010 128 128
1912 00000000 128 128
1952 00000080 128 128
2152 00000000 128 128
2192 00000010 128 128
2208 00000000 128 128
2248 00000080 128 128
2448 00000000 128 128
2488 00000040 128 128
2504 00000000 128 128
2544 00000080 128 128
2744 00000000 128 128
2784 00000010 128 128
2800 00000000 128 128
2840 00000080 128 128
3040 00000000 128 128
3080 00000040 128 128
3096 00000000 128 128
3136 00000000 128 128
