0 00000000 128 128
150 00000008 128 128
154 00000000 128 128
300 00000008 128 128
304 00000000 128 128
450 00000008 128 128
454 00000000 128 128
600 00002000 128 128
604 00000000 128 128
634 00002000 128 128
638 00000000 128 128
668 00002000 128 128
672 00000000 128 128
702 00002000 128 128
706 00000000 128 128
736 00002000 128 128
740 00000000 128 128
770 00002000 128 128
774 00000000 128 128
804 00002000 128 128
808 00000000 128 128
838 00002000 128 128
842 00000000 128 128
872 00002000 128 128
876 00000000 128 128
906 00002000 128 128
910 00000000 128 128
940 00002000 128 128
944 00000000 128 128
974 00002000 128 128
978 00000000 128 128
1008 00002000 128 128
1012 00000000 128 128
1042 00002000 128 128
1046 00000000 128 128
1076 00002000 128 128
1080 00000000 128 128
1110 00002000 128 128
1114 00000000 128 128
1144 00002000 128 128
1148 00000000 128 128
1178 00002000 128 128
1182 00000000 128 128
1212 00002000 128 128
1216 00000000 128 128
1246 00002000 128 128
1250 00000000 128 128
1280 00002000 128 128
1284 00000000 128 128
1314 00002000 128 128
1318 00000000 128 128
1348 00002000 128 128
1352 00000000 128 128
1382 00002000 128 128
1386 00000000 128 128
1416 00002000 128 128
1420 00000000 128 128
1450 00002000 128 128
1454 00000000 128 128
1484 00002000 128 128
1488 00000000 128 128
1518 00002000 128 128
1522 00000000 128 128
1552 00002000 128 128
1556 00000000 128 128
1586 00002000 128 128
1590 00000000 128 128
1620 00002000 128 128
1624 00000000 128 128
1654 00002000 128 128
1658 00000000 128 128
1688 00002000 128 128
1692 00000000 128 128
1722 00002000 128 128
1726 00000000 128 128
1756 00002000 128 128
1760 00000000 128 128
1790 00002000 128 128
1794 00000000 128 128
1824 00002000 128 128
1828 00000000 128 128
1858 00002000 128 128
1862 00000000 128 128
1892 00002000 128 128
1896 00000000 128 128
1926 00002000 128 128
1930 00000000 128 128
1960 00002000 128 128
1964 00000000 128 128
1994 00002000 128 128
1998 00000000 128 128
2028 00002000 128 128
2032 00000000 128 128
2062 00002000 128 128
2066 00000000 128 128
2096 00002000 128 128
2100 00000000 128 128
2130 00002000 128 128
2134 00000000 128 128
2164 00002000 128 128
2168 00000000 128 128
2198 00002000 128 128
2202 00000000 128 128
2232 00002000 128 128
2236 00000000 128 128
2266 00002000 128 128
2270 00000000 128 128
2300 00002000 128 128
2304 00000000 128 128
2334 00002000 128 128
2338 00000000 128 128
2368 00002000 128 128
2372 00000000 128 128
2402 00002000 128 128
2406 00000000 128 128
2436 00002000 128 128
2440 00000000 128 128
2470 00002000 128 128
2474 00000000 128 128
2504 00002000 128 128
2508 00000000 128 128
2538 00002000 128 128
2542 00000000 128 128
2572 00002000 128 128
2576 00000000 128 128
2606 00002000 128 128
2610 00000000 128 128
2640 00002000 128 128
2644 00000000 128 128
2674 00002000 128 128
2678 00000000 128 128
2708 00002000 128 128
2712 00000000 128 128
2742 00002000 128 128
2746 00000000 128 128
2776 00002000 128 128
2780 00000000 128 128
2810 00002000 128 128
2814 00000000 128 128
2844 00002000 128 128
2848 00000000 128 128
2878 00002000 128 128
2882 00000000 128 128
2912 00002000 128 128
2916 00000000 128 128
2946 00002000 128 128
2950 00000000 128 128
2980 00002000 128 128
2984 00000000 128 128
3014 00002000 128 128
3018 00000000 128 128
3048 00002000 128 128
3052 00000000 128 128
3082 00002000 128 128
3086 00000000 128 128
3116 00002000 128 128
3120 00000000 128 128
3150 00002000 128 128
3154 00000000 128 128
3184 00002000 128 128
3188 00000000 128 128
3218 00002000 128 128
3222 00000000 128 128
3252 00002000 128 128
3256 00000000 128 128
3286 00002000 128 128
3290 00000000 128 128
3320 00002000 128 128
3324 00000000 128 128
3354 00002000 128 128
3358 00000000 128 128
3388 00002000 128 128
3392 00000000 128 128
3422 00002000 128 128
3426 00000000 128 128
3456 00002000 128 128
3460 00000000 128 128
3490 00002000 128 128
3494 00000000 128 128
3524 00002000 128 128
3528 00000000 128 128
3558 00002000 128 128
3562 00000000 128 128
3592 00002000 128 128
3596 00000000 128 128
3626 00002000 128 128
3630 00000000 128 128
3660 00002000 128 128
3664 00000000 128 128
3694 00002000 128 128
3698 00000000 128 128
3728 00002000 128 128
3732 00000000 128 128
3762 00002000 128 128
3766 00000000 128 128
3796 00002000 128 128
3800 00000000 128 128
3830 00002000 128 128
3834 00000000 128 128
3864 00002000 128 128
3868 00000000 128 128
3898 00002000 128 128
3902 00000000 128 128
3932 00002000 128 128
3936 00000000 128 128
3966 00002000 128 128
3970 00000000 128 128
4000 00002000 128 128
4004 00000000 128 128
4034 00002000 128 128
4038 00000000 128 128
4068 00002000 128 128
4072 00000000 128 128
4102 00002000 128 128
4106 00000000 128 128
4136 00002000 128 128
4140 00000000 128 128
4170 00002000 128 128
4174 00000000 128 128
4204 00002000 128 128
4208 00000000 128 128
4238 00002000 128 128
4242 00000000 128 128
4272 00002000 128 128
4276 00000000 128 128
4306 00002000 128 128
4310 00000000 128 128
4340 00002000 128 128
4344 00000000 128 128
4374 00002000 128 128
4378 00000000 128 128
4408 00002000 128 128
4412 00000000 128 128
4442 00002000 128 128
4446 00000000 128 128
4476 00002000 128 128
4480 00000000 128 128
4510 00002000 128 128
4514 00000000 128 128
4544 00002000 128 128
4548 00000000 128 128
4578 00002000 128 128
4582 00000000 128 128
4612 00002000 128 128
4616 00000000 128 128
4646 00002000 128 128
4650 00000000 128 128
4680 00002000 128 128
4684 00000000 128 128
4714 00002000 128 128
4718 00000000 128 128
4748 00002000 128 128
4752 00000000 128 128
4782 00002000 128 128
4786 00000000 128 128
4816 00002000 128 128
4820 00000000 128 128
4850 00002000 128 128
4854 00000000 128 128
4884 00002000 128 128
4888 00000000 128 128
4918 00002000 128 128
4922 00000000 128 128
4952 00002000 128 128
4956 00000000 128 128
4986 00002000 128 128
4990 00000000 128 128
5020 00002000 128 128
5024 00000000 128 128
5054 00002000 128 128
5058 00000000 128 128
5088 00002000 128 128
5092 00000000 128 128
5122 00002000 128 128
5126 00000000 128 128
5156 00002000 128 128
5160 00000000 128 128
5190 00002000 128 128
5194 00000000 128 128
5224 00002000 128 128
5228 00000000 128 128
5258 00002000 128 128
5262 00000000 128 128
5292 00002000 128 128
5296 00000000 128 128
5326 00002000 128 128
5330 00000000 128 128
5360 00002000 128 128
5364 00000000 128 128
5394 00002000 128 128
5398 00000000 128 128
5428 00002000 128 128
5432 00000000 128 128
5462 00002000 128 128
5466 00000000 128 128
5496 00002000 128 128
5500 00000000 128 128
5530 00002000 128 128
5534 00000000 128 128
5564 00002000 128 128
5568 00000000 128 128
5598 00002000 128 128
5602 00000000 128 128
5632 00002000 128 128
5636 00000000 128 128
5666 00002000 128 128
5670 00000000 128 128
5700 00002000 128 128
5704 00000000 128 128
5734 00002000 128 128
5738 00000000 128 128
5768 00002000 128 128
5772 00000000 128 128
5802 00002000 128 128
5806 00000000 128 128
5836 00002000 128 128
5840 00000000 128 128
5870 00002000 128 128
5874 00000000 128 128
5904 00002000 128 128
5908 00000000 128 128
5938 00002000 128 128
5942 00000000 128 128
5972 00002000 128 128
5976 00000000 128 128
6006 00002000 128 128
6010 00000000 128 128
6040 00002000 128 128
6044 00000000 128 128
6074 00002000 128 128
6078 00000000 128 128
6108 00002000 128 128
6112 00000000 128 128
6142 00002000 128 128
6146 00000000 128 128
6176 00002000 128 128
6180 00000000 128 128
6210 00002000 128 128
6214 00000000 128 128
6244 00002000 128 128
6248 00000000 128 128
6278 00002000 128 128
6282 00000000 128 128
6312 00002000 128 128
6316 00000000 128 128
6346 00002000 128 128
6350 00000000 128 128
6380 00002000 128 128
6384 00000000 128 128
6414 00002000 128 128
6418 00000000 128 128
6448 00002000 128 128
6452 00000000 128 128
6482 00002000 128 128
6486 00000000 128 128
6516 00002000 128 128
6520 00000000 128 128
6550 00002000 128 128
6554 00000000 128 128
6584 00002000 128 128
6588 00000000 128 128
6618 00002000 128 128
6622 00000000 128 128
6652 00002000 128 128
6656 00000000 128 128
6686 00002000 128 128
6690 00000000 128 128
6720 00002000 128 128
6724 00000000 128 128
6754 00002000 128 128
6758 00000000 128 128
6788 00002000 128 128
6792 00000000 128 128
6822 00002000 128 128
6826 00000000 128 128
6856 00002000 128 128
6860 00000000 128 128
6890 00002000 128 128
6894 00000000 128 128
6924 00002000 128 128
6928 00000000 128 128
6958 00002000 128 128
6962 00000000 128 128
6992 00002000 128 128
6996 00000000 128 128
7026 00002000 128 128
7030 00000000 128 128
7060 00002000 128 128
7064 00000000 128 128
7094 00002000 128 128
7098 00000000 128 128
7128 00002000 128 128
7132 00000000 128 128
7162 00002000 128 128
7166 00000000 128 128
7196 00002000 128 128
7200 00000000 128 128
7230 00002000 128 128
7234 00000000 128 128
7264 00002000 128 128
7268 00000000 128 128
7298 00002000 128 128
7302 00000000 128 128
7332 00002000 128 128
7336 00000000 128 128
7366 00002000 128 128
7370 00000000 128 128
7400 00002000 128 128
7404 00000000 128 128
7434 00002000 128 128
7438 00000000 128 128
7468 00002000 128 128
7472 00000000 128 128
7502 00002000 128 128
7506 00000000 128 128
7536 00002000 128 128
7540 00000000 128 128
7570 00002000 128 128
7574 00000000 128 128
7604 00002000 128 128
7608 00000000 128 128
7638 00002000 128 128
7642 00000000 128 128
7672 00002000 128 128
7676 00000000 128 128
7706 00002000 128 128
7710 00000000 128 128
7740 00002000 128 128
7744 00000000 128 128
7774 00002000 128 128
7778 00000000 128 128
7808 00002000 128 128
7812 00000000 128 128
7842 00002000 128 128
7846 00000000 128 128
7876 00002000 128 128
7880 00000000 128 128
7910 00002000 128 128
7914 00000000 128 128
7944 00002000 128 128
7948 00000000 128 128
7978 00002000 128 128
7982 00000000 128 128
8012 00002000 128 128
8016 00000000 128 128
8046 00002000 128 128
8050 00000000 128 128
8080 00002000 128 128
8084 00000000 128 128
8114 00002000 128 128
8118 00000000 128 128
8148 00002000 128 128
8152 00000000 128 128
8182 00002000 128 128
8186 00000000 128 128
8216 00002000 128 128
8220 00000000 128 128
8250 00002000 128 128
8254 00000000 128 128
8284 00002000 128 128
8288 00000000 128 128
8318 00002000 128 128
8322 00000000 128 128
8352 00002000 128 128
8356 00000000 128 128
8386 00002000 128 128
8390 00000000 128 128
8420 00002000 128 128
8424 00000000 128 128
8454 00002000 128 128
8458 00000000 128 128
8488 00002000 128 128
8492 00000000 128 128
8522 00002000 128 128
8526 00000000 128 128
8556 00002000 128 128
8560 00000000 128 128
8590 00002000 128 128
8594 00000000 128 128
8624 00002000 128 128
8628 00000000 128 128
8658 00002000 128 128
8662 00000000 128 128
8692 00002000 128 128
8696 00000000 128 128
8726 00002000 128 128
8730 00000000 128 128
8760 00002000 128 128
8764 00000000 128 128
8794 00002000 128 128
8798 00000000 128 128
8828 00002000 128 128
8832 00000000 128 128
8862 00002000 128 128
8866 00000000 128 128
8896 00002000 128 128
8900 00000000 128 128
8930 00002000 128 128
8934 00000000 128 128
8964 00002000 128 128
8968 00000000 128 128
8998 00002000 128 128
9002 00000000 128 128
9032 00002000 128 128
9036 00000000 128 128
9066 00002000 128 128
9070 00000000 128 128
9100 00002000 128 128
9104 00000000 128 128
9134 00002000 128 128
9138 00000000 128 128
9168 00002000 128 128
9172 00000000 128 128
9202 00002000 128 128
9206 00000000 128 128
9236 00002000 128 128
9240 00000000 128 128
9270 00002000 128 128
9274 00000000 128 128
9304 00002000 128 128
9308 00000000 128 128
9338 00002000 128 128
9342 00000000 128 128
9372 00002000 128 128
9376 00000000 128 128
9406 00002000 128 128
9410 00000000 128 128
9440 00004000 128 128
9444 00000000 128 128
9474 00004000 128 128
9478 00000000 128 128
9508 00004000 128 128
9512 00000000 128 128
9542 00004000 128 128
9546 00000000 128 128
9576 00004000 128 128
9580 00000000 128 128
9610 00004000 128 128
9614 00000000 128 128
9644 00004000 128 128
9648 00000000 128 128
9678 00004000 128 128
9682 00000000 128 128
9712 00004000 128 128
9716 00000000 128 128
9746 00004000 128 128
9750 00000000 128 128
9780 00004000 128 128
9784 00000000 128 128
9814 00004000 128 128
9818 00000000 128 128
9848 00004000 128 128
9852 00000000 128 128
9882 00004000 128 128
9886 00000000 128 128
9916 00004000 128 128
9920 00000000 128 128
9950 00004000 128 128
9954 00000000 128 128
9984 00004000 128 128
9988 00000000 128 128
10018 00004000 128 128
10022 00000000 128 128
10052 00004000 128 128
10056 00000000 128 128
10086 00004000 128 128
10090 00000000 128 128
10120 00004000 128 128
10124 00000000 128 128
10154 00004000 128 128
10158 00000000 128 128
10188 00004000 128 128
10192 00000000 128 128
10222 00004000 128 128
10226 00000000 128 128
10256 00004000 128 128
10260 00000000 128 128
10290 00004000 128 128
10294 00000000 128 128
10324 00004000 128 128
10328 00000000 128 128
10358 00004000 128 128
10362 00000000 128 128
10392 00004000 128 128
10396 00000000 128 128
10426 00004000 128 128
10430 00000000 128 128
10460 00004000 128 128
10464 00000000 128 128
10494 00004000 128 128
10498 00000000 128 128
10528 00004000 128 128
10532 00000000 128 128
10562 00004000 128 128
10566 00000000 128 128
10596 00004000 128 128
10600 00000000 128 128
10630 00004000 128 128
10634 00000000 128 128
10664 00004000 128 128
10668 00000000 128 128
10698 00004000 128 128
10702 00000000 128 128
10732 00004000 128 128
10736 00000000 128 128
10766 00004000 128 128
10770 00000000 128 128
10800 00004000 128 128
10804 00000000 128 128
10834 00004000 128 128
10838 00000000 128 128
10868 00004000 128 128
10872 00000000 128 128
10902 00004000 128 128
10906 00000000 128 128
10936 00004000 128 128
10940 00000000 128 128
10970 00004000 128 128
10974 00000000 128 128
11004 00004000 128 128
11008 00000000 128 128
11038 00004000 128 128
11042 00000000 128 128
11072 00004000 128 128
11076 00000000 128 128
11106 00004000 128 128
11110 00000000 128 128
11140 00004000 128 128
11144 00000000 128 128
11174 00004000 128 128
11178 00000000 128 128
11208 00004000 128 128
11212 00000000 128 128
11242 00004000 128 128
11246 00000000 128 128
11276 00004000 128 128
11280 00000000 128 128
11310 00004000 128 128
11314 00000000 128 128
11344 00004000 128 128
11348 00000000 128 128
11378 00004000 128 128
11382 00000000 128 128
11412 00004000 128 128
11416 00000000 128 128
11446 00004000 128 128
11450 00000000 128 128
11480 00004000 128 128
11484 00000000 128 128
11514 00004000 128 128
11518 00000000 128 128
11548 00004000 128 128
11552 00000000 128 128
11582 00004000 128 128
11586 00000000 128 128
11616 00004000 128 128
11620 00000000 128 128
11650 00004000 128 128
11654 00000000 128 128
11684 00004000 128 128
11688 00000000 128 128
11718 00004000 128 128
11722 00000000 128 128
11752 00004000 128 128
11756 00000000 128 128
11786 00004000 128 128
11790 00000000 128 128
11820 00004000 128 128
11824 00000000 128 128
11854 00004000 128 128
11858 00000000 128 128
11888 00004000 128 128
11892 00000000 128 128
11922 00004000 128 128
11926 00000000 128 128
11956 00004000 128 128
11960 00000000 128 128
11990 00004000 128 128
11994 00000000 128 128
12024 00004000 128 128
12028 00000000 128 128
12058 00004000 128 128
12062 00000000 128 128
12092 00004000 128 128
12096 00000000 128 128
12126 00004000 128 128
12130 00000000 128 128
12160 00004000 128 128
12164 00000000 128 128
12194 00004000 128 128
12198 00000000 128 128
12228 00004000 128 128
12232 00000000 128 128
12262 00004000 128 128
12266 00000000 128 128
12296 00004000 128 128
12300 00000000 128 128
12330 00004000 128 128
12334 00000000 128 128
12364 00004000 128 128
12368 00000000 128 128
12398 00004000 128 128
12402 00000000 128 128
12432 00004000 128 128
12436 00000000 128 128
12466 00004000 128 128
12470 00000000 128 128
12500 00004000 128 128
12504 00000000 128 128
12534 00004000 128 128
12538 00000000 128 128
12568 00004000 128 128
12572 00000000 128 128
12602 00004000 128 128
12606 00000000 128 128
12636 00004000 128 128
12640 00000000 128 128
12670 00004000 128 128
12674 00000000 128 128
12704 00004000 128 128
12708 00000000 128 128
12738 00004000 128 128
12742 00000000 128 128
12772 00004000 128 128
12776 00000000 128 128
12806 00004000 128 128
12810 00000000 128 128
12840 00004000 128 128
12844 00000000 128 128
12874 00004000 128 128
12878 00000000 128 128
12908 00004000 128 128
12912 00000000 128 128
12942 00004000 128 128
12946 00000000 128 128
12976 00004000 128 128
12980 00000000 128 128
13010 00004000 128 128
13014 00000000 128 128
13044 00004000 128 128
13048 00000000 128 128
13078 00004000 128 128
13082 00000000 128 128
13112 00004000 128 128
13116 00000000 128 128
13146 00004000 128 128
13150 00000000 128 128
13180 00004000 128 128
13184 00000000 128 128
13214 00004000 128 128
13218 00000000 128 128
13248 00004000 128 128
13252 00000000 128 128
13282 00004000 128 128
13286 00000000 128 128
13316 00004000 128 128
13320 00000000 128 128
13350 00004000 128 128
13354 00000000 128 128
13384 00004000 128 128
13388 00000000 128 128
13418 00004000 128 128
13422 00000000 128 128
13452 00004000 128 128
13456 00000000 128 128
13486 00004000 128 128
13490 00000000 128 128
13520 00000000 128 128
