0 00000000 128 128
150 00000008 128 128
152 00000000 128 128
300 00000008 128 128
302 00000000 128 128
450 00002000 128 128
452 00000000 128 128
2200 00004000 128 128
2204 00000000 128 128
2236 00004000 128 128
2240 00000000 128 128
2272 00004000 128 128
2276 00000000 128 128
2308 00004000 128 128
2312 00000000 128 128
2344 00004000 128 128
2348 00000000 128 128
2380 00004000 128 128
2384 00000000 128 128
2616 00000010 128 128
2624 00000000 128 128
3026 00000080 128 128
3034 00000000 128 128
3436 00000040 128 128
3444 00000000 128 128
3846 00002000 128 128
3850 00000000 128 128
4762 00002000 128 128
4766 00000000 128 128
5978 00002000 128 128
5982 00000000 128 128
8994 00002000 128 128
8998 00000000 128 128
9030 00002000 128 128
9034 00000000 128 128
9066 00002000 128 128
9070 00000000 128 128
9102 00002000 128 128
9106 00000000 128 128
9138 00002000 128 128
9142 00000000 128 128
9174 00002000 128 128
9178 00000000 128 128
9210 00002000 128 128
9214 00000000 128 128
9246 00002000 128 128
9250 00000000 128 128
9282 00002000 128 128
9286 00000000 128 128
9318 00002000 128 128
9322 00000000 128 128
11354 00000000 128 128
