0 00000000 128 128
150 00000008 128 128
152 00000000 128 128
300 00000008 128 128
302 00000000 128 128
450 00002000 128 128
452 00000000 128 128
700 00000010 128 128
716 00000000 128 128
868 00000080 128 128
876 00000000 128 128
878 00000040 128 128
926 00000000 128 128
928 00000080 128 128
968 00000000 128 128
970 00000010 128 128
978 00000000 128 128
980 00000080 128 128
1036 00000000 128 128
1038 00000040 128 128
1046 00000000 128 128
1258 00001000 128 128
1262 00000000 128 128
1364 00000010 128 128
1370 00000000 128 128
1392 00000010 128 128
1398 00000000 128 128
1420 00000010 128 128
1426 00000000 128 128
1448 00000020 128 128
1454 00000000 128 128
1486 00002000 128 128
1490 00000000 128 128
1902 00002000 128 128
1906 00000000 128 128
2118 00002000 128 128
2122 00000000 128 128
2334 00002000 128 128
2338 00000000 128 128
2550 00002000 128 128
2554 00000000 128 128
2766 00002000 128 128
2770 00000000 128 128
3042 00000000 128 128
