0 00000000 128 128
150 00000008 128 128
152 00000000 128 128
300 00000008 128 128
302 00000000 128 128
450 00002000 128 128
452 00000000 128 128
700 00000080 128 128
772 00000000 128 128
774 00000010 128 128
862 00000000 128 128
864 00000010 128 128
872 00000000 128 128
1054 00001000 128 128
1058 00000000 128 128
1160 00000010 128 128
1166 00000000 128 128
1188 00000010 128 128
1194 00000000 128 128
1216 00000010 128 128
1222 00000000 128 128
1244 00000020 128 128
1250 00000000 128 128
1282 00002000 128 128
1286 00000000 128 128
1698 00002000 128 128
1702 00000000 128 128
1914 00002000 128 128
1918 00000000 128 128
2130 00002000 128 128
2134 00000000 128 128
2346 00002000 128 128
2350 00000000 128 128
2562 00002000 128 128
2566 00000000 128 128
2838 00000000 128 128
