0 00000000 128 128
150 00000008 128 128
152 00000000 128 128
300 00000008 128 128
302 00000000 128 128
450 00002000 128 128
452 00000000 128 128
700 00000010 128 128
708 00000000 128 128
740 00000040 128 128
772 00000000 128 128
804 00000040 128 128
812 00000000 128 128
1714 00000040 128 128
1778 00000000 128 128
1840 00000040 128 128
1856 00000000 128 128
2258 00004000 128 128
2262 00000000 128 128
2294 00004000 128 128
2298 00000000 128 128
2330 00004000 128 128
2334 00000000 128 128
2366 00004000 128 128
2370 00000000 128 128
2402 00004000 128 128
2406 00000000 128 128
2438 00004000 128 128
2442 00000000 128 128
2474 00004000 128 128
2478 00000000 128 128
2510 00004000 128 128
2514 00000000 128 128
2546 00004000 128 128
2550 00000000 128 128
2582 00004000 128 128
2586 00000000 128 128
2678 00000040 128 128
2726 00000000 128 128
2758 00004000 128 128
2762 00000000 128 128
2794 00004000 128 128
2798 00000000 128 128
2830 00004000 128 128
2834 00000000 128 128
2866 00004000 128 128
2870 00000000 128 128
2902 00004000 128 128
2906 00000000 128 128
2938 00004000 128 128
2942 00000000 128 128
2974 00004000 128 128
2978 00000000 128 128
3010 00004000 128 128
3014 00000000 128 128
3046 00004000 128 128
3050 00000000 128 128
3082 00004000 128 128
3086 00000000 128 128
3148 00000020 128 128
3220 00000000 128 128
3252 00004000 128 128
3256 00000000 128 128
3288 00004000 128 128
3292 00000000 128 128
3324 00004000 128 128
3328 00000000 128 128
3360 00004000 128 128
3364 00000000 128 128
3396 00004000 128 128
3400 00000000 128 128
3432 00004000 128 128
3436 00000000 128 128
3468 00004000 128 128
3472 00000000 128 128
3504 00004000 128 128
3508 00000000 128 128
3540 00004000 128 128
3544 00000000 128 128
3576 00004000 128 128
3580 00000000 128 128
3642 00000040 128 128
3714 00000000 128 128
3746 00004000 128 128
3750 00000000 128 128
3782 00004000 128 128
3786 00000000 128 128
3818 00004000 128 128
3822 00000000 128 128
3854 00004000 128 128
3858 00000000 128 128
3890 00004000 128 128
3894 00000000 128 128
3926 00004000 128 128
3930 00000000 128 128
3962 00004000 128 128
3966 00000000 128 128
3998 00004000 128 128
4002 00000000 128 128
4034 00004000 128 128
4038 00000000 128 128
4070 00004000 128 128
4074 00000000 128 128
4136 00000020 128 128
4208 00000000 128 128
4240 00004000 128 128
4244 00000000 128 128
4276 00004000 128 128
4280 00000000 128 128
4312 00004000 128 128
4316 00000000 128 128
4348 00004000 128 128
4352 00000000 128 128
4384 00004000 128 128
4388 00000000 128 128
4420 00004000 128 128
4424 00000000 128 128
4456 00004000 128 128
4460 00000000 128 128
4492 00004000 128 128
4496 00000000 128 128
4528 00004000 128 128
4532 00000000 128 128
4564 00004000 128 128
4568 00000000 128 128
4630 00000010 128 128
4638 00000000 128 128
4670 00000010 128 128
4686 00000000 128 128
4888 00000010 128 128
4936 00000000 128 128
4998 00002000 128 128
5002 00000000 128 128
5134 00004000 128 128
5138 00000000 128 128
5170 00004000 128 128
5174 00000000 128 128
5206 00004000 128 128
5210 00000000 128 128
5242 00004000 128 128
5246 00000000 128 128
5278 00004000 128 128
5282 00000000 128 128
5314 00004000 128 128
5318 00000000 128 128
5350 00004000 128 128
5354 00000000 128 128
5386 00004000 128 128
5390 00000000 128 128
5422 00004000 128 128
5426 00000000 128 128
5458 00004000 128 128
5462 00000000 128 128
5494 00004000 128 128
5498 00000000 128 128
5530 00004000 128 128
5534 00000000 128 128
5566 00004000 128 128
5570 00000000 128 128
5602 00004000 128 128
5606 00000000 128 128
5638 00004000 128 128
5642 00000000 128 128
5674 00004000 128 128
5678 00000000 128 128
5710 00004000 128 128
5714 00000000 128 128
5746 00004000 128 128
5750 00000000 128 128
5782 00004000 128 128
5786 00000000 128 128
5818 00004000 128 128
5822 00000000 128 128
5914 00002000 128 128
5918 00000000 128 128
6050 00002000 128 128
6054 00000000 128 128
6466 00004000 128 128
6470 00000000 128 128
6502 00004000 128 128
6506 00000000 128 128
6538 00004000 128 128
6542 00000000 128 128
6574 00004000 128 128
6578 00000000 128 128
6610 00004000 128 128
6614 00000000 128 128
6646 00004000 128 128
6650 00000000 128 128
6682 00004000 128 128
6686 00000000 128 128
6718 00004000 128 128
6722 00000000 128 128
6754 00004000 128 128
6758 00000000 128 128
6790 00004000 128 128
6794 00000000 128 128
6826 00004000 128 128
6830 00000000 128 128
6862 00004000 128 128
6866 00000000 128 128
6898 00004000 128 128
6902 00000000 128 128
6934 00004000 128 128
6938 00000000 128 128
6970 00004000 128 128
6974 00000000 128 128
7006 00004000 128 128
7010 00000000 128 128
7042 00004000 128 128
7046 00000000 128 128
7078 00004000 128 128
7082 00000000 128 128
7114 00004000 128 128
7118 00000000 128 128
7150 00004000 128 128
7154 00000000 128 128
7186 00004000 128 128
7190 00000000 128 128
7222 00004000 128 128
7226 00000000 128 128
7258 00004000 128 128
7262 00000000 128 128
7294 00004000 128 128
7298 00000000 128 128
7330 00004000 128 128
7334 00000000 128 128
7366 00004000 128 128
7370 00000000 128 128
7402 00004000 128 128
7406 00000000 128 128
7438 00004000 128 128
7442 00000000 128 128
7474 00004000 128 128
7478 00000000 128 128
7510 00004000 128 128
7514 00000000 128 128
7546 00004000 128 128
7550 00000000 128 128
7582 00004000 128 128
7586 00000000 128 128
7618 00004000 128 128
7622 00000000 128 128
7654 00004000 128 128
7658 00000000 128 128
7690 00004000 128 128
7694 00000000 128 128
7726 00004000 128 128
7730 00000000 128 128
7762 00004000 128 128
7766 00000000 128 128
7798 00004000 128 128
7802 00000000 128 128
7834 00004000 128 128
7838 00000000 128 128
7870 00004000 128 128
7874 00000000 128 128
7906 00004000 128 128
7910 00000000 128 128
7942 00004000 128 128
7946 00000000 128 128
7978 00004000 128 128
7982 00000000 128 128
8014 00004000 128 128
8018 00000000 128 128
8050 00004000 128 128
8054 00000000 128 128
8086 00004000 128 128
8090 00000000 128 128
8122 00004000 128 128
8126 00000000 128 128
8158 00004000 128 128
8162 00000000 128 128
8194 00004000 128 128
8198 00000000 128 128
8230 00004000 128 128
8234 00000000 128 128
8266 00004000 128 128
8270 00000000 128 128
8302 00004000 128 128
8306 00000000 128 128
8338 00004000 128 128
8342 00000000 128 128
8374 00004000 128 128
8378 00000000 128 128
8410 00004000 128 128
8414 00000000 128 128
8446 00004000 128 128
8450 00000000 128 128
8482 00004000 128 128
8486 00000000 128 128
8518 00004000 128 128
8522 00000000 128 128
8554 00004000 128 128
8558 00000000 128 128
8590 00004000 128 128
8594 00000000 128 128
8746 00001000 128 128
8750 00000000 128 128
8852 00000010 128 128
8858 00000000 128 128
8880 00000010 128 128
8886 00000000 128 128
8908 00000010 128 128
8914 00000000 128 128
8936 00000020 128 128
8942 00000000 128 128
8974 00002000 128 128
8978 00000000 128 128
9390 00002000 128 128
9394 00000000 128 128
9606 00002000 128 128
9610 00000000 128 128
9822 00002000 128 128
9826 00000000 128 128
10038 00002000 128 128
10042 00000000 128 128
10254 00002000 128 128
10258 00000000 128 128
10530 00000000 128 128
