0 00000000 128 128
150 00000008 128 128
152 00000000 128 128
300 00000008 128 128
302 00000000 128 128
450 00002000 128 128
452 00000000 128 128
2200 00004000 128 128
2204 00000000 128 128
2236 00004000 128 128
2240 00000000 128 128
2272 00004000 128 128
2276 00000000 128 128
2308 00004000 128 128
2312 00000000 128 128
2344 00004000 128 128
2348 00000000 128 128
2380 00004000 128 128
2384 00000000 128 128
2616 00000010 128 128
2624 00000000 128 128
3826 00000010 128 128
3834 00000000 128 128
3896 00000040 128 128
3904 00000000 128 128
4506 00001000 128 128
4510 00000000 128 128
4672 00000040 128 128
4678 00000000 128 128
4740 00002000 128 128
4744 00000000 128 128
5456 00002000 128 128
5460 00000000 128 128
5972 00000080 128 128
5978 00000000 128 128
6040 00002000 128 128
6044 00000000 128 128
7556 00000000 128 128
