0 00000000 128 128
150 00000008 128 128
152 00000000 128 128
300 00000008 128 128
302 00000000 128 128
450 00002000 128 128
452 00000000 128 128
2200 00004000 128 128
2204 00000000 128 128
2236 00004000 128 128
2240 00000000 128 128
2272 00004000 128 128
2276 00000000 128 128
2308 00004000 128 128
2312 00000000 128 128
2344 00004000 128 128
2348 00000000 128 128
2380 00004000 128 128
2384 00000000 128 128
2616 00000040 128 128
2624 00000000 128 128
2686 00000010 128 128
2694 00000000 128 128
3296 00001000 128 128
3300 00000000 128 128
3402 00000010 128 128
3408 00000000 128 128
3430 00000010 128 128
3436 00000000 128 128
3458 00000010 128 128
3464 00000000 128 128
3486 00000020 128 128
3492 00000000 128 128
3524 00002000 128 128
3528 00000000 128 128
3940 00002000 128 128
3944 00000000 128 128
4156 00002000 128 128
4160 00000000 128 128
4372 00002000 128 128
4376 00000000 128 128
4588 00002000 128 128
4592 00000000 128 128
4804 00002000 128 128
4808 00000000 128 128
5020 00002000 128 128
5024 00000000 128 128
6196 00000000 128 128
