0 00000000 128 128
150 00000008 128 128
152 00000000 128 128
300 00000008 128 128
302 00000000 128 128
450 00002000 128 128
452 00000000 128 128
2200 00004000 128 128
2204 00000000 128 128
2236 00004000 128 128
2240 00000000 128 128
2272 00004000 128 128
2276 00000000 128 128
2308 00004000 128 128
2312 00000000 128 128
2344 00004000 128 128
2348 00000000 128 128
2380 00004000 128 128
2384 00000000 128 128
2616 00000040 128 128
2624 00000000 128 128
2686 00000010 128 128
2694 00000000 128 128
2756 00000010 128 128
2764 00000000 128 128
3166 00002000 128 128
3170 00000000 128 128
4082 00002000 128 128
4086 00000000 128 128
4498 00002000 128 128
4502 00000000 128 128
4914 00002000 128 128
4918 00000000 128 128
7630 00004000 128 128
7634 00000000 128 128
7946 00000080 128 128
7986 00000000 128 128
8048 00000010 128 128
8088 00000000 128 128
8150 00000200 128 128
8154 00000000 128 128
8226 00000040 128 128
8246 00000000 128 128
8848 00000000 128 128
