0 00000000 128 128
150 00000008 128 128
152 00000000 128 128
300 00000008 128 128
302 00000000 128 128
450 00002000 128 128
452 00000000 128 128
700 00000080 128 128
708 00000000 128 128
710 00000040 128 128
742 00000000 128 128
744 00000080 128 128
792 00000000 128 128
794 00000010 128 128
802 00000000 128 128
804 00000010 128 128
828 00000000 128 128
920 00000010 128 128
1820 00000000 128 128
1852 00002000 128 128
1856 00000000 128 128
1958 00002000 128 128
1962 00000000 128 128
2064 00004000 128 128
2068 00000000 128 128
2100 00004000 128 128
2104 00000000 128 128
2136 00004000 128 128
2140 00000000 128 128
2172 00004000 128 128
2176 00000000 128 128
2208 00004000 128 128
2212 00000000 128 128
2244 00004000 128 128
2248 00000000 128 128
2280 00004000 128 128
2284 00000000 128 128
2316 00004000 128 128
2320 00000000 128 128
2352 00004000 128 128
2356 00000000 128 128
2388 00004000 128 128
2392 00000000 128 128
2424 00004000 128 128
2428 00000000 128 128
2460 00004000 128 128
2464 00000000 128 128
2496 00004000 128 128
2500 00000000 128 128
2532 00004000 128 128
2536 00000000 128 128
2568 00004000 128 128
2572 00000000 128 128
2604 00004000 128 128
2608 00000000 128 128
2640 00004000 128 128
2644 00000000 128 128
2676 00004000 128 128
2680 00000000 128 128
2712 00004000 128 128
2716 00000000 128 128
2748 00004000 128 128
2752 00000000 128 128
2784 00004000 128 128
2788 00000000 128 128
2820 00004000 128 128
2824 00000000 128 128
2856 00004000 128 128
2860 00000000 128 128
2892 00004000 128 128
2896 00000000 128 128
2928 00004000 128 128
2932 00000000 128 128
2964 00004000 128 128
2968 00000000 128 128
3000 00004000 128 128
3004 00000000 128 128
3036 00004000 128 128
3040 00000000 128 128
3072 00004000 128 128
3076 00000000 128 128
3108 00004000 128 128
3112 00000000 128 128
3144 00004000 128 128
3148 00000000 128 128
3180 00004000 128 128
3184 00000000 128 128
3216 00004000 128 128
3220 00000000 128 128
3252 00004000 128 128
3256 00000000 128 128
3288 00004000 128 128
3292 00000000 128 128
3324 00004000 128 128
3328 00000000 128 128
3360 00004000 128 128
3364 00000000 128 128
3396 00004000 128 128
3400 00000000 128 128
3432 00004000 128 128
3436 00000000 128 128
3468 00004000 128 128
3472 00000000 128 128
3624 00000000 128 128
