0 00000000 128 128
150 00000008 128 128
152 00000000 128 128
300 00000008 128 128
302 00000000 128 128
450 00002000 128 128
452 00000000 128 128
2200 00004000 128 128
2204 00000000 128 128
2236 00004000 128 128
2240 00000000 128 128
2272 00004000 128 128
2276 00000000 128 128
2308 00004000 128 128
2312 00000000 128 128
2344 00004000 128 128
2348 00000000 128 128
2380 00004000 128 128
2384 00000000 128 128
2616 00000020 128 128
2624 00000000 128 128
2686 00000080 128 128
2694 00000000 128 128
3096 00001000 128 128
3100 00000000 128 128
3262 00000040 128 128
3268 00000000 128 128
3330 00000040 128 128
3336 00000000 128 128
3398 00002000 128 128
3402 00000000 128 128
4114 00000200 128 128
4118 00000000 128 128
4190 00000020 128 128
4226 00000000 128 128
4228 00000010 128 128
4255 00000000 128 128
4287 00004000 128 128
4291 00000000 128 128
4703 00000200 128 128
4707 00000000 128 128
4779 00000040 128 128
4785 00000000 128 128
4847 00000020 128 128
4853 00000000 128 128
4915 00002000 128 128
4919 00000000 128 128
5331 00002000 128 128
5335 00000000 128 128
6547 00000000 128 128
