0 00000000 128 128
150 00000008 128 128
152 00000000 128 128
300 00000008 128 128
302 00000000 128 128
450 00002000 128 128
452 00000000 128 128
1200 00000080 128 128
1264 00000000 128 128
1280 00000040 128 128
1288 00000000 128 128
1320 00004000 128 128
1324 00000000 128 128
1354 00004000 128 128
1358 00000000 128 128
1388 00004000 128 128
1392 00000000 128 128
1422 00004000 128 128
1426 00000000 128 128
1456 00004000 128 128
1460 00000000 128 128
1490 00004000 128 128
1494 00000000 128 128
1524 00000020 128 128
1588 00000000 128 128
1604 00000040 128 128
1612 00000000 128 128
1644 00004000 128 128
1648 00000000 128 128
1678 00004000 128 128
1682 00000000 128 128
1712 00004000 128 128
1716 00000000 128 128
1746 00004000 128 128
1750 00000000 128 128
1780 00004000 128 128
1784 00000000 128 128
1814 00004000 128 128
1818 00000000 128 128
1848 00000080 128 128
1912 00000000 128 128
1928 00000040 128 128
1936 00000000 128 128
1968 00004000 128 128
1972 00000000 128 128
2002 00004000 128 128
2006 00000000 128 128
2036 00004000 128 128
2040 00000000 128 128
2070 00004000 128 128
2074 00000000 128 128
2104 00004000 128 128
2108 00000000 128 128
2138 00004000 128 128
2142 00000000 128 128
2172 00000020 128 128
3000 00000200 128 128
3004 00000000 128 128
3030 00000010 128 128
3042 00000000 128 128
3070 00004000 128 128
3076 00000000 128 128
3160 00004000 128 128
3166 00000000 128 128
3220 00000200 128 128
3224 00000000 128 128
3250 00004000 128 128
3254 00000000 128 128
3284 00004000 128 128
3288 00000000 128 128
3318 00004000 128 128
3322 00000000 128 128
3352 00004000 128 128
3356 00000000 128 128
3386 00004000 128 128
3390 00000000 128 128
3420 00004000 128 128
3424 00000000 128 128
3454 00004000 128 128
3458 00000000 128 128
3488 00004000 128 128
3492 00000000 128 128
3522 00004000 128 128
3526 00000000 128 128
3556 00004000 128 128
3560 00000000 128 128
3590 00004000 128 128
3594 00000000 128 128
3624 00004000 128 128
3628 00000000 128 128
3658 00004000 128 128
3662 00000000 128 128
3692 00004000 128 128
3696 00000000 128 128
3726 00004000 128 128
3730 00000000 128 128
3760 00004000 128 128
3764 00000000 128 128
3794 00004000 128 128
3798 00000000 128 128
3828 00004000 128 128
3832 00000000 128 128
3862 00004000 128 128
3866 00000000 128 128
3896 00004000 128 128
3900 00000000 128 128
3930 00004000 128 128
3934 00000000 128 128
3964 00004000 128 128
3968 00000000 128 128
3998 00004000 128 128
4002 00000000 128 128
4032 00004000 128 128
4036 00000000 128 128
4066 00004000 128 128
4070 00000000 128 128
4100 00004000 128 128
4104 00000000 128 128
4134 00004000 128 128
4138 00000000 128 128
4168 00004000 128 128
4172 00000000 128 128
4202 00004000 128 128
4206 00000000 128 128
4236 00004000 128 128
4240 00000000 128 128
4270 00004000 128 128
4274 00000000 128 128
4304 00004000 128 128
4308 00000000 128 128
4338 00004000 128 128
4342 00000000 128 128
4372 00004000 128 128
4376 00000000 128 128
4406 00004000 128 128
4410 00000000 128 128
4440 00004000 128 128
4444 00000000 128 128
4474 00004000 128 128
4478 00000000 128 128
4508 00004000 128 128
4512 00000000 128 128
4542 00004000 128 128
4546 00000000 128 128
4576 00004000 128 128
4580 00000000 128 128
4610 00004000 128 128
4614 00000000 128 128
4644 00004000 128 128
4648 00000000 128 128
4678 00004000 128 128
4682 00000000 128 128
4712 00004000 128 128
4716 00000000 128 128
4746 00004000 128 128
4750 00000000 128 128
4780 00004000 128 128
4784 00000000 128 128
4814 00004000 128 128
4818 00000000 128 128
4848 00004000 128 128
4852 00000000 128 128
4882 00004000 128 128
4886 00000000 128 128
4916 00004000 128 128
4920 00000000 128 128
4950 00004000 128 128
4954 00000000 128 128
4984 00004000 128 128
4988 00000000 128 128
5018 00004000 128 128
5022 00000000 128 128
5052 00004000 128 128
5056 00000000 128 128
5086 00004000 128 128
5090 00000000 128 128
5120 00004000 128 128
5124 00000000 128 128
5154 00004000 128 128
5158 00000000 128 128
5188 00004000 128 128
5192 00000000 128 128
5222 00004000 128 128
5226 00000000 128 128
5256 00004000 128 128
5260 00000000 128 128
5290 00004000 128 128
5294 00000000 128 128
5324 00004000 128 128
5328 00000000 128 128
5358 00004000 128 128
5362 00000000 128 128
5392 00004000 128 128
5396 00000000 128 128
5426 00004000 128 128
5430 00000000 128 128
5460 00004000 128 128
5464 00000000 128 128
5494 00004000 128 128
5498 00000000 128 128
5528 00004000 128 128
5532 00000000 128 128
5562 00004000 128 128
5566 00000000 128 128
5596 00004000 128 128
5600 00000000 128 128
5630 00000000 128 128
