0 00000000 128 128
150 00000008 128 128
152 00000000 128 128
300 00000008 128 128
302 00000000 128 128
450 00002000 128 128
452 00000000 128 128
760 00000020 128 128
800 00000000 128 128
822 00000080 128 128
862 00000000 128 128
884 00000020 128 128
924 00000000 128 128
946 00000080 128 128
986 00000000 128 128
1008 00000020 128 128
1048 00000000 128 128
1070 00000080 128 128
1110 00000000 128 128
1132 00000020 128 128
1172 00000000 128 128
1194 00000080 128 128
1234 00000000 128 128
1256 00000020 128 128
1296 00000000 128 128
1318 00000080 128 128
1358 00000000 128 128
1380 00000020 128 128
1420 00000000 128 128
1442 00000080 128 128
1482 00000000 128 128
2404 00004000 128 128
2408 00000000 128 128
2440 00004000 128 128
2444 00000000 128 128
2476 00004000 128 128
2480 00000000 128 128
2512 00004000 128 128
2516 00000000 128 128
2548 00004000 128 128
2552 00000000 128 128
2584 00004000 128 128
2588 00000000 128 128
2620 00004000 128 128
2624 00000000 128 128
2656 00004000 128 128
2660 00000000 128 128
2692 00004000 128 128
2696 00000000 128 128
2728 00004000 128 128
2732 00000000 128 128
2764 00004000 128 128
2768 00000000 128 128
2800 00004000 128 128
2804 00000000 128 128
3136 00004000 128 128
3140 00000000 128 128
3172 00004000 128 128
3176 00000000 128 128
3208 00004000 128 128
3212 00000000 128 128
3244 00004000 128 128
3248 00000000 128 128
3320 00004000 128 128
3324 00000000 128 128
3356 00004000 128 128
3360 00000000 128 128
3392 00004000 128 128
3396 00000000 128 128
3428 00004000 128 128
3432 00000000 128 128
3504 00000010 128 128
3510 00000000 128 128
3532 00000010 128 128
3538 00000000 128 128
3560 00002000 128 128
3564 00000000 128 128
3696 00000010 128 128
3702 00000000 128 128
3734 00000010 128 128
3740 00000000 128 128
3772 00000080 128 128
3778 00000000 128 128
3810 00000040 128 128
3816 00000000 128 128
3848 00002000 128 128
3852 00000000 128 128
5424 00002000 128 128
5428 00000000 128 128
5460 00002000 128 128
5464 00000000 128 128
5496 00002000 128 128
5500 00000000 128 128
5532 00002000 128 128
5536 00000000 128 128
5568 00002000 128 128
5572 00000000 128 128
5604 00002000 128 128
5608 00000000 128 128
5640 00002000 128 128
5644 00000000 128 128
5676 00002000 128 128
5680 00000000 128 128
5712 00002000 128 128
5716 00000000 128 128
5748 00002000 128 128
5752 00000000 128 128
5784 00002000 128 128
5788 00000000 128 128
5820 00002000 128 128
5824 00000000 128 128
5856 00002000 128 128
5860 00000000 128 128
5892 00002000 128 128
5896 00000000 128 128
5928 00002000 128 128
5932 00000000 128 128
5964 00002000 128 128
5968 00000000 128 128
6000 00002000 128 128
6004 00000000 128 128
6036 00002000 128 128
6040 00000000 128 128
6072 00002000 128 128
6076 00000000 128 128
6108 00002000 128 128
6112 00000000 128 128
6144 00002000 128 128
6148 00000000 128 128
6180 00002000 128 128
6184 00000000 128 128
6216 00002000 128 128
6220 00000000 128 128
6252 00002000 128 128
6256 00000000 128 128
6288 00002000 128 128
6292 00000000 128 128
6324 00002000 128 128
6328 00000000 128 128
6360 00002000 128 128
6364 00000000 128 128
6396 00002000 128 128
6400 00000000 128 128
6432 00002000 128 128
6436 00000000 128 128
6468 00002000 128 128
6472 00000000 128 128
6504 00002000 128 128
6508 00000000 128 128
6540 00002000 128 128
6544 00000000 128 128
6576 00002000 128 128
6580 00000000 128 128
6612 00002000 128 128
6616 00000000 128 128
6648 00002000 128 128
6652 00000000 128 128
6684 00002000 128 128
6688 00000000 128 128
6720 00002000 128 128
6724 00000000 128 128
6756 00002000 128 128
6760 00000000 128 128
6792 00002000 128 128
6796 00000000 128 128
6828 00002000 128 128
6832 00000000 128 128
7164 00000000 128 128
