0 00000000 128 128
150 00000008 128 128
152 00000000 128 128
300 00000008 128 128
302 00000000 128 128
450 00002000 128 128
452 00000000 128 128
900 00004000 128 128
904 00000000 128 128
936 00004000 128 128
940 00000000 128 128
972 00004000 128 128
976 00000000 128 128
1008 00004000 128 128
1012 00000000 128 128
1144 00001000 128 128
1148 00000000 128 128
1310 00000040 128 128
1316 00000000 128 128
1378 00000040 128 128
1384 00000000 128 128
1446 00002000 128 128
1450 00000000 128 128
2162 00000200 128 128
2166 00000000 128 128
2238 00000020 128 128
2274 00000000 128 128
2276 00000010 128 128
2303 00000000 128 128
2335 00004000 128 128
2339 00000000 128 128
2751 00000200 128 128
2755 00000000 128 128
2827 00000040 128 128
2833 00000000 128 128
2895 00002000 128 128
2899 00000000 128 128
3311 00002000 128 128
3315 00000000 128 128
4527 00000000 128 128
