0 00000000 128 128
150 00000008 128 128
152 00000000 128 128
300 00000008 128 128
302 00000000 128 128
450 00002000 128 128
452 00000000 128 128
700 00000010 128 128
740 00000000 128 128
742 00000080 128 128
1142 00000000 128 128
1144 00004000 128 128
1148 00000000 128 128
1180 00004000 128 128
1184 00000000 128 128
1216 00004000 128 128
1220 00000000 128 128
1252 00004000 128 128
1256 00000000 128 128
1288 00004000 128 128
1292 00000000 128 128
1324 00004000 128 128
1328 00000000 128 128
1360 00004000 128 128
1364 00000000 128 128
1396 00004000 128 128
1400 00000000 128 128
1432 00004000 128 128
1436 00000000 128 128
1468 00004000 128 128
1472 00000000 128 128
1504 00004000 128 128
1508 00000000 128 128
1540 00004000 128 128
1544 00000000 128 128
1576 00004000 128 128
1580 00000000 128 128
1612 00004000 128 128
1616 00000000 128 128
1648 00004000 128 128
1652 00000000 128 128
1684 00004000 128 128
1688 00000000 128 128
1720 00004000 128 128
1724 00000000 128 128
1756 00004000 128 128
1760 00000000 128 128
1792 00004000 128 128
1796 00000000 128 128
1828 00004000 128 128
1832 00000000 128 128
1864 00004000 128 128
1868 00000000 128 128
1900 00004000 128 128
1904 00000000 128 128
1936 00004000 128 128
1940 00000000 128 128
1972 00004000 128 128
1976 00000000 128 128
2008 00004000 128 128
2012 00000000 128 128
2044 00004000 128 128
2048 00000000 128 128
2080 00004000 128 128
2084 00000000 128 128
2116 00004000 128 128
2120 00000000 128 128
2152 00004000 128 128
2156 00000000 128 128
2188 00004000 128 128
2192 00000000 128 128
2224 00004000 128 128
2228 00000000 128 128
2260 00004000 128 128
2264 00000000 128 128
2296 00004000 128 128
2300 00000000 128 128
2332 00004000 128 128
2336 00000000 128 128
2368 00004000 128 128
2372 00000000 128 128
2404 00004000 128 128
2408 00000000 128 128
2440 00004000 128 128
2444 00000000 128 128
2476 00004000 128 128
2480 00000000 128 128
2512 00004000 128 128
2516 00000000 128 128
2548 00004000 128 128
2552 00000000 128 128
2584 00004000 128 128
2588 00000000 128 128
2620 00004000 128 128
2624 00000000 128 128
2656 00004000 128 128
2660 00000000 128 128
2692 00004000 128 128
2696 00000000 128 128
2728 00004000 128 128
2732 00000000 128 128
2764 00004000 128 128
2768 00000000 128 128
2800 00004000 128 128
2804 00000000 128 128
2836 00004000 128 128
2840 00000000 128 128
2872 00004000 128 128
2876 00000000 128 128
2908 00004000 128 128
2912 00000000 128 128
2944 00004000 128 128
2948 00000000 128 128
2980 00004000 128 128
2984 00000000 128 128
3016 00004000 128 128
3020 00000000 128 128
3052 00004000 128 128
3056 00000000 128 128
3088 00004000 128 128
3092 00000000 128 128
3124 00004000 128 128
3128 00000000 128 128
3160 00004000 128 128
3164 00000000 128 128
3196 00004000 128 128
3200 00000000 128 128
3232 00004000 128 128
3236 00000000 128 128
3268 00004000 128 128
3272 00000000 128 128
3304 00004000 128 128
3308 00000000 128 128
3340 00004000 128 128
3344 00000000 128 128
3376 00004000 128 128
3380 00000000 128 128
3412 00004000 128 128
3416 00000000 128 128
3448 00004000 128 128
3452 00000000 128 128
3484 00004000 128 128
3488 00000000 128 128
3520 00004000 128 128
3524 00000000 128 128
3556 00004000 128 128
3560 00000000 128 128
3592 00004000 128 128
3596 00000000 128 128
3628 00004000 128 128
3632 00000000 128 128
3664 00004000 128 128
3668 00000000 128 128
3700 00004000 128 128
3704 00000000 128 128
3736 00004000 128 128
3740 00000000 128 128
3772 00004000 128 128
3776 00000000 128 128
3808 00004000 128 128
3812 00000000 128 128
3844 00004000 128 128
3848 00000000 128 128
3880 00004000 128 128
3884 00000000 128 128
3916 00004000 128 128
3920 00000000 128 128
3952 00004000 128 128
3956 00000000 128 128
3988 00004000 128 128
3992 00000000 128 128
4024 00004000 128 128
4028 00000000 128 128
4060 00004000 128 128
4064 00000000 128 128
4096 00004000 128 128
4100 00000000 128 128
4132 00004000 128 128
4136 00000000 128 128
4168 00004000 128 128
4172 00000000 128 128
4204 00004000 128 128
4208 00000000 128 128
4240 00004000 128 128
4244 00000000 128 128
4276 00004000 128 128
4280 00000000 128 128
4312 00004000 128 128
4316 00000000 128 128
4348 00004000 128 128
4352 00000000 128 128
4384 00004000 128 128
4388 00000000 128 128
4420 00004000 128 128
4424 00000000 128 128
4456 00004000 128 128
4460 00000000 128 128
4492 00004000 128 128
4496 00000000 128 128
4528 00004000 128 128
4532 00000000 128 128
4564 00004000 128 128
4568 00000000 128 128
4600 00004000 128 128
4604 00000000 128 128
4636 00004000 128 128
4640 00000000 128 128
4672 00004000 128 128
4676 00000000 128 128
4708 00004000 128 128
4712 00000000 128 128
4744 00004000 128 128
4748 00000000 128 128
4780 00004000 128 128
4784 00000000 128 128
4816 00004000 128 128
4820 00000000 128 128
4852 00004000 128 128
4856 00000000 128 128
4888 00004000 128 128
4892 00000000 128 128
4924 00004000 128 128
4928 00000000 128 128
4960 00004000 128 128
4964 00000000 128 128
4996 00004000 128 128
5000 00000000 128 128
5032 00004000 128 128
5036 00000000 128 128
5068 00004000 128 128
5072 00000000 128 128
5104 00004000 128 128
5108 00000000 128 128
5140 00004000 128 128
5144 00000000 128 128
5176 00004000 128 128
5180 00000000 128 128
5212 00004000 128 128
5216 00000000 128 128
5248 00004000 128 128
5252 00000000 128 128
5284 00004000 128 128
5288 00000000 128 128
5320 00004000 128 128
5324 00000000 128 128
5356 00004000 128 128
5360 00000000 128 128
5392 00004000 128 128
5396 00000000 128 128
5428 00004000 128 128
5432 00000000 128 128
5464 00004000 128 128
5468 00000000 128 128
5500 00004000 128 128
5504 00000000 128 128
5536 00004000 128 128
5540 00000000 128 128
5572 00004000 128 128
5576 00000000 128 128
5608 00004000 128 128
5612 00000000 128 128
5644 00004000 128 128
5648 00000000 128 128
5680 00004000 128 128
5684 00000000 128 128
5716 00004000 128 128
5720 00000000 128 128
5752 00004000 128 128
5756 00000000 128 128
5788 00004000 128 128
5792 00000000 128 128
5824 00004000 128 128
5828 00000000 128 128
5860 00004000 128 128
5864 00000000 128 128
5896 00004000 128 128
5900 00000000 128 128
5932 00004000 128 128
5936 00000000 128 128
5968 00004000 128 128
5972 00000000 128 128
6004 00004000 128 128
6008 00000000 128 128
6040 00004000 128 128
6044 00000000 128 128
6076 00004000 128 128
6080 00000000 128 128
6112 00004000 128 128
6116 00000000 128 128
6148 00004000 128 128
6152 00000000 128 128
6184 00004000 128 128
6188 00000000 128 128
6220 00004000 128 128
6224 00000000 128 128
6256 00004000 128 128
6260 00000000 128 128
6292 00004000 128 128
6296 00000000 128 128
6328 00004000 128 128
6332 00000000 128 128
6364 00004000 128 128
6368 00000000 128 128
6400 00004000 128 128
6404 00000000 128 128
6436 00004000 128 128
6440 00000000 128 128
6472 00004000 128 128
6476 00000000 128 128
6508 00004000 128 128
6512 00000000 128 128
6544 00004000 128 128
6548 00000000 128 128
6580 00004000 128 128
6584 00000000 128 128
6616 00004000 128 128
6620 00000000 128 128
6652 00004000 128 128
6656 00000000 128 128
6688 00004000 128 128
6692 00000000 128 128
6724 00004000 128 128
6728 00000000 128 128
6760 00004000 128 128
6764 00000000 128 128
6796 00004000 128 128
6800 00000000 128 128
6832 00004000 128 128
6836 00000000 128 128
6868 00004000 128 128
6872 00000000 128 128
6904 00004000 128 128
6908 00000000 128 128
6940 00004000 128 128
6944 00000000 128 128
6976 00004000 128 128
6980 00000000 128 128
7012 00004000 128 128
7016 00000000 128 128
7048 00004000 128 128
7052 00000000 128 128
7084 00004000 128 128
7088 00000000 128 128
7120 00004000 128 128
7124 00000000 128 128
7156 00004000 128 128
7160 00000000 128 128
7192 00004000 128 128
7196 00000000 128 128
7228 00004000 128 128
7232 00000000 128 128
7264 00004000 128 128
7268 00000000 128 128
7300 00004000 128 128
7304 00000000 128 128
7336 00004000 128 128
7340 00000000 128 128
7372 00004000 128 128
7376 00000000 128 128
7408 00004000 128 128
7412 00000000 128 128
7444 00004000 128 128
7448 00000000 128 128
7480 00004000 128 128
7484 00000000 128 128
7516 00004000 128 128
7520 00000000 128 128
7552 00004000 128 128
7556 00000000 128 128
7588 00004000 128 128
7592 00000000 128 128
7624 00004000 128 128
7628 00000000 128 128
7660 00004000 128 128
7664 00000000 128 128
7696 00004000 128 128
7700 00000000 128 128
7732 00004000 128 128
7736 00000000 128 128
7768 00004000 128 128
7772 00000000 128 128
7804 00004000 128 128
7808 00000000 128 128
7840 00004000 128 128
7844 00000000 128 128
7876 00004000 128 128
7880 00000000 128 128
7912 00004000 128 128
7916 00000000 128 128
7948 00004000 128 128
7952 00000000 128 128
7984 00004000 128 128
7988 00000000 128 128
8020 00004000 128 128
8024 00000000 128 128
8056 00004000 128 128
8060 00000000 128 128
8092 00004000 128 128
8096 00000000 128 128
8128 00004000 128 128
8132 00000000 128 128
8164 00004000 128 128
8168 00000000 128 128
8200 00004000 128 128
8204 00000000 128 128
8236 00004000 128 128
8240 00000000 128 128
8272 00004000 128 128
8276 00000000 128 128
8308 00004000 128 128
8312 00000000 128 128
8644 00001000 128 128
8648 00000000 128 128
8750 00000020 128 128
8756 00000000 128 128
8788 00002000 128 128
8792 00000000 128 128
9204 00002000 128 128
9208 00000000 128 128
9420 00002000 128 128
9424 00000000 128 128
9636 00002000 128 128
9640 00000000 128 128
9852 00002000 128 128
9856 00000000 128 128
10068 00002000 128 128
10072 00000000 128 128
10284 00002000 128 128
10288 00000000 128 128
10600 00000000 128 128
