0 00000000 128 128
150 00000008 128 128
152 00000000 128 128
300 00000008 128 128
302 00000000 128 128
450 00002000 128 128
452 00000000 128 128
700 00000080 128 128
732 00000000 128 128
734 00000010 128 128
774 00000000 128 128
776 00000080 128 128
784 00000000 128 128
786 00000010 128 128
1686 00000000 128 128
1688 00000020 128 128
1696 00000000 128 128
1698 00000010 128 128
1714 00000000 128 128
1716 00000020 128 128
1732 00000000 128 128
1734 00000010 128 128
2634 00000000 128 128
2636 00000020 128 128
2660 00000000 128 128
2662 00000010 128 128
2670 00000000 128 128
2732 00004000 128 128
2736 00000000 128 128
2768 00004000 128 128
2772 00000000 128 128
2804 00004000 128 128
2808 00000000 128 128
2840 00004000 128 128
2844 00000000 128 128
2876 00004000 128 128
2880 00000000 128 128
2912 00004000 128 128
2916 00000000 128 128
2948 00004000 128 128
2952 00000000 128 128
2984 00004000 128 128
2988 00000000 128 128
3020 00004000 128 128
3024 00000000 128 128
3056 00004000 128 128
3060 00000000 128 128
3092 00004000 128 128
3096 00000000 128 128
3128 00004000 128 128
3132 00000000 128 128
3164 00004000 128 128
3168 00000000 128 128
3200 00004000 128 128
3204 00000000 128 128
3236 00004000 128 128
3240 00000000 128 128
3272 00004000 128 128
3276 00000000 128 128
3308 00004000 128 128
3312 00000000 128 128
3344 00004000 128 128
3348 00000000 128 128
3380 00004000 128 128
3384 00000000 128 128
3416 00004000 128 128
3420 00000000 128 128
3452 00004000 128 128
3456 00000000 128 128
3488 00004000 128 128
3492 00000000 128 128
3524 00004000 128 128
3528 00000000 128 128
3560 00004000 128 128
3564 00000000 128 128
3596 00004000 128 128
3600 00000000 128 128
3632 00004000 128 128
3636 00000000 128 128
3668 00004000 128 128
3672 00000000 128 128
3704 00004000 128 128
3708 00000000 128 128
3740 00004000 128 128
3744 00000000 128 128
3776 00004000 128 128
3780 00000000 128 128
3812 00004000 128 128
3816 00000000 128 128
3848 00004000 128 128
3852 00000000 128 128
3884 00004000 128 128
3888 00000000 128 128
3920 00004000 128 128
3924 00000000 128 128
3956 00004000 128 128
3960 00000000 128 128
3992 00004000 128 128
3996 00000000 128 128
4028 00004000 128 128
4032 00000000 128 128
4064 00004000 128 128
4068 00000000 128 128
4100 00004000 128 128
4104 00000000 128 128
4136 00004000 128 128
4140 00000000 128 128
4172 00004000 128 128
4176 00000000 128 128
4208 00004000 128 128
4212 00000000 128 128
4244 00004000 128 128
4248 00000000 128 128
4280 00004000 128 128
4284 00000000 128 128
4316 00004000 128 128
4320 00000000 128 128
4352 00004000 128 128
4356 00000000 128 128
4388 00004000 128 128
4392 00000000 128 128
4424 00004000 128 128
4428 00000000 128 128
4460 00004000 128 128
4464 00000000 128 128
4496 00004000 128 128
4500 00000000 128 128
4532 00004000 128 128
4536 00000000 128 128
4568 00004000 128 128
4572 00000000 128 128
4604 00004000 128 128
4608 00000000 128 128
4640 00004000 128 128
4644 00000000 128 128
4676 00004000 128 128
4680 00000000 128 128
4712 00004000 128 128
4716 00000000 128 128
4748 00004000 128 128
4752 00000000 128 128
4784 00004000 128 128
4788 00000000 128 128
4820 00004000 128 128
4824 00000000 128 128
4856 00004000 128 128
4860 00000000 128 128
5012 00000010 128 128
5020 00000000 128 128
5022 00000080 128 128
5038 00000000 128 128
5040 00000010 128 128
5940 00000000 128 128
6002 00004000 128 128
6006 00000000 128 128
6038 00004000 128 128
6042 00000000 128 128
6074 00004000 128 128
6078 00000000 128 128
6110 00004000 128 128
6114 00000000 128 128
6146 00004000 128 128
6150 00000000 128 128
6182 00004000 128 128
6186 00000000 128 128
6218 00004000 128 128
6222 00000000 128 128
6254 00004000 128 128
6258 00000000 128 128
6290 00004000 128 128
6294 00000000 128 128
6326 00004000 128 128
6330 00000000 128 128
6362 00004000 128 128
6366 00000000 128 128
6398 00004000 128 128
6402 00000000 128 128
6434 00004000 128 128
6438 00000000 128 128
6470 00004000 128 128
6474 00000000 128 128
6506 00004000 128 128
6510 00000000 128 128
6542 00004000 128 128
6546 00000000 128 128
6578 00004000 128 128
6582 00000000 128 128
6614 00004000 128 128
6618 00000000 128 128
6650 00004000 128 128
6654 00000000 128 128
6686 00004000 128 128
6690 00000000 128 128
6782 00000020 128 128
6790 00000000 128 128
6792 00000040 128 128
6808 00000000 128 128
6810 00000020 128 128
6826 00000000 128 128
6828 00000040 128 128
6844 00000000 128 128
6846 00000020 128 128
6918 00000000 128 128
6920 00000010 128 128
6984 00000000 128 128
6986 00000080 128 128
7178 00000000 128 128
7180 00000040 128 128
7204 00000000 128 128
7206 00000080 128 128
7302 00000000 128 128
7304 00000010 128 128
7320 00000000 128 128
7382 00000080 128 128
8282 00000000 128 128
8344 00000000 128 128
