0 00000000 128 128
150 00000008 128 128
152 00000000 128 128
300 00000008 128 128
302 00000000 128 128
450 00002000 128 128
452 00000000 128 128
760 00000020 128 128
808 00000000 128 128
830 00000080 128 128
870 00000000 128 128
892 00000020 128 128
940 00000000 128 128
1862 00004000 128 128
1866 00000000 128 128
1898 00004000 128 128
1902 00000000 128 128
1934 00004000 128 128
1938 00000000 128 128
1970 00004000 128 128
1974 00000000 128 128
2006 00004000 128 128
2010 00000000 128 128
2042 00004000 128 128
2046 00000000 128 128
2078 00004000 128 128
2082 00000000 128 128
2114 00004000 128 128
2118 00000000 128 128
2150 00004000 128 128
2154 00000000 128 128
2186 00004000 128 128
2190 00000000 128 128
2222 00004000 128 128
2226 00000000 128 128
2258 00004000 128 128
2262 00000000 128 128
2594 00000040 128 128
2600 00000000 128 128
2642 00000080 128 128
2648 00000000 128 128
2690 00002000 128 128
2694 00000000 128 128
3006 00000020 128 128
3012 00000000 128 128
3054 00002000 128 128
3058 00000000 128 128
3370 00002000 128 128
3374 00000000 128 128
3686 00002000 128 128
3690 00000000 128 128
5202 00004000 128 128
5206 00000000 128 128
5238 00004000 128 128
5242 00000000 128 128
5274 00004000 128 128
5278 00000000 128 128
5310 00004000 128 128
5314 00000000 128 128
5346 00004000 128 128
5350 00000000 128 128
5382 00004000 128 128
5386 00000000 128 128
5418 00004000 128 128
5422 00000000 128 128
5454 00004000 128 128
5458 00000000 128 128
5490 00004000 128 128
5494 00000000 128 128
5526 00004000 128 128
5530 00000000 128 128
5562 00004000 128 128
5566 00000000 128 128
5598 00004000 128 128
5602 00000000 128 128
5634 00004000 128 128
5638 00000000 128 128
5670 00004000 128 128
5674 00000000 128 128
5706 00004000 128 128
5710 00000000 128 128
5742 00004000 128 128
5746 00000000 128 128
5778 00004000 128 128
5782 00000000 128 128
5814 00004000 128 128
5818 00000000 128 128
5850 00004000 128 128
5854 00000000 128 128
5886 00004000 128 128
5890 00000000 128 128
6522 00004000 128 128
6526 00000000 128 128
6558 00004000 128 128
6562 00000000 128 128
6594 00004000 128 128
6598 00000000 128 128
6630 00004000 128 128
6634 00000000 128 128
6666 00004000 128 128
6670 00000000 128 128
6702 00004000 128 128
6706 00000000 128 128
6738 00004000 128 128
6742 00000000 128 128
6774 00004000 128 128
6778 00000000 128 128
6810 00004000 128 128
6814 00000000 128 128
6846 00004000 128 128
6850 00000000 128 128
6882 00004000 128 128
6886 00000000 128 128
6918 00004000 128 128
6922 00000000 128 128
6954 00004000 128 128
6958 00000000 128 128
6990 00004000 128 128
6994 00000000 128 128
7026 00004000 128 128
7030 00000000 128 128
7062 00004000 128 128
7066 00000000 128 128
7098 00004000 128 128
7102 00000000 128 128
7134 00004000 128 128
7138 00000000 128 128
7170 00004000 128 128
7174 00000000 128 128
7206 00004000 128 128
7210 00000000 128 128
7842 00001000 128 128
7846 00000000 128 128
7948 00000010 128 128
7954 00000000 128 128
7976 00000010 128 128
7982 00000000 128 128
8004 00000010 128 128
8010 00000000 128 128
8032 00000020 128 128
8038 00000000 128 128
8070 00002000 128 128
8074 00000000 128 128
8486 00002000 128 128
8490 00000000 128 128
8702 00002000 128 128
8706 00000000 128 128
8918 00002000 128 128
8922 00000000 128 128
9134 00002000 128 128
9138 00000000 128 128
9350 00002000 128 128
9354 00000000 128 128
9626 00000000 128 128
