0 00000000 128 128
150 00000008 128 128
152 00000000 128 128
300 00000008 128 128
302 00000000 128 128
450 00002000 128 128
452 00000000 128 128
700 00000020 128 128
708 00000000 128 128
710 00000010 128 128
766 00000000 128 128
768 00000020 128 128
904 00000000 128 128
906 00000010 128 128
914 00000000 128 128
1096 00001000 128 128
1100 00000000 128 128
1202 00000010 128 128
1208 00000000 128 128
1230 00000010 128 128
1236 00000000 128 128
1258 00000010 128 128
1264 00000000 128 128
1286 00000020 128 128
1292 00000000 128 128
1324 00002000 128 128
1328 00000000 128 128
1740 00002000 128 128
1744 00000000 128 128
1956 00002000 128 128
1960 00000000 128 128
2172 00002000 128 128
2176 00000000 128 128
2388 00002000 128 128
2392 00000000 128 128
2604 00002000 128 128
2608 00000000 128 128
2880 00000000 128 128
