0 00000000 128 128
150 00000008 128 128
152 00000000 128 128
300 00000008 128 128
302 00000000 128 128
450 00002000 128 128
452 00000000 128 128
900 00004000 128 128
904 00000000 128 128
936 00004000 128 128
940 00000000 128 128
972 00004000 128 128
976 00000000 128 128
1008 00004000 128 128
1012 00000000 128 128
1144 00001000 128 128
1148 00000000 128 128
1310 00000020 128 128
1316 00000000 128 128
1378 00000040 128 128
1384 00000000 128 128
1446 00000040 128 128
1452 00000000 128 128
1514 00002000 128 128
1518 00000000 128 128
2430 00000200 128 128
2434 00000000 128 128
2506 00004000 128 128
2510 00000000 128 128
3222 00004000 128 128
3226 00000000 128 128
3938 00000000 128 128
