0 00000000 128 128
150 00000008 128 128
152 00000000 128 128
300 00000008 128 128
302 00000000 128 128
450 00002000 128 128
452 00000000 128 128
700 00000040 128 128
708 00000000 128 128
710 00000020 128 128
726 00000000 128 128
728 00000040 128 128
808 00000000 128 128
810 00000020 128 128
818 00000000 128 128
820 00000040 128 128
868 00000000 128 128
870 00000020 128 128
878 00000000 128 128
880 00000040 128 128
888 00000000 128 128
1010 00000080 128 128
1018 00000000 128 128
1020 00000040 128 128
1036 00000000 128 128
1038 00000080 128 128
1102 00000000 128 128
1104 00000010 128 128
1192 00000000 128 128
1194 00000010 128 128
1202 00000000 128 128
1324 00000020 128 128
1332 00000000 128 128
1334 00000010 128 128
1390 00000000 128 128
1392 00000020 128 128
1528 00000000 128 128
1530 00000010 128 128
1538 00000000 128 128
1660 00000080 128 128
1668 00000000 128 128
1670 00000040 128 128
1694 00000000 128 128
1696 00000080 128 128
1712 00000000 128 128
1714 00000040 128 128
1722 00000000 128 128
1724 00000080 128 128
1748 00000000 128 128
1750 00000010 128 128
1758 00000000 128 128
1760 00000080 128 128
1816 00000000 128 128
1818 00000040 128 128
1834 00000000 128 128
1836 00000010 128 128
1844 00000000 128 128
1966 00000020 128 128
1990 00000000 128 128
1992 00000040 128 128
2024 00000000 128 128
2026 00000020 128 128
2034 00000000 128 128
2036 00000040 128 128
2044 00000000 128 128
2046 00000020 128 128
2054 00000000 128 128
2056 00000040 128 128
2104 00000000 128 128
2106 00000040 128 128
2114 00000000 128 128
2236 00000080 128 128
2244 00000000 128 128
2246 00000040 128 128
2262 00000000 128 128
2264 00000080 128 128
2272 00000000 128 128
2274 00000040 128 128
2290 00000000 128 128
2292 00000080 128 128
2308 00000000 128 128
2310 00000040 128 128
2510 00000000 128 128
2512 00000080 128 128
2544 00000000 128 128
2546 00000010 128 128
2562 00000000 128 128
2684 00000010 128 128
2884 00000000 128 128
2946 00004000 128 128
2950 00000000 128 128
2982 00004000 128 128
2986 00000000 128 128
3018 00004000 128 128
3022 00000000 128 128
3054 00004000 128 128
3058 00000000 128 128
3090 00004000 128 128
3094 00000000 128 128
3126 00004000 128 128
3130 00000000 128 128
3162 00004000 128 128
3166 00000000 128 128
3198 00004000 128 128
3202 00000000 128 128
3234 00004000 128 128
3238 00000000 128 128
3270 00004000 128 128
3274 00000000 128 128
3306 00004000 128 128
3310 00000000 128 128
3342 00004000 128 128
3346 00000000 128 128
3378 00004000 128 128
3382 00000000 128 128
3414 00004000 128 128
3418 00000000 128 128
3450 00004000 128 128
3454 00000000 128 128
3486 00004000 128 128
3490 00000000 128 128
3522 00004000 128 128
3526 00000000 128 128
3558 00004000 128 128
3562 00000000 128 128
3594 00004000 128 128
3598 00000000 128 128
3630 00004000 128 128
3634 00000000 128 128
3726 00001000 128 128
3730 00000000 128 128
3832 00000010 128 128
3838 00000000 128 128
3860 00000010 128 128
3866 00000000 128 128
3888 00000010 128 128
3894 00000000 128 128
3916 00000020 128 128
3922 00000000 128 128
3954 00002000 128 128
3958 00000000 128 128
4370 00002000 128 128
4374 00000000 128 128
4586 00002000 128 128
4590 00000000 128 128
4802 00002000 128 128
4806 00000000 128 128
5018 00002000 128 128
5022 00000000 128 128
5234 00002000 128 128
5238 00000000 128 128
5510 00000000 128 128
