0 00000000 128 128
150 00000008 128 128
152 00000000 128 128
300 00000008 128 128
302 00000000 128 128
450 00002000 128 128
452 00000000 128 128
1200 00000010 128 128
1230 00000000 128 128
1246 00000010 128 128
1296 00000000 128 128
1312 00000040 128 128
1362 00000000 128 128
1378 00000020 128 128
1394 00000000 128 128
1410 00000010 128 128
1460 00000000 128 128
1476 00000040 128 128
1526 00000000 128 128
1542 00000020 128 128
1558 00000000 128 128
1574 00000010 128 128
1624 00000000 128 128
1640 00000040 128 128
1690 00000000 128 128
1706 00000020 128 128
1722 00000000 128 128
1738 00000010 128 128
1788 00000000 128 128
1804 00000040 128 128
1854 00000000 128 128
1870 00000020 128 128
1886 00000000 128 128
1902 00000010 128 128
1952 00000000 128 128
1968 00000040 128 128
2018 00000000 128 128
2034 00000020 128 128
2050 00000000 128 128
2066 00000010 128 128
2116 00000000 128 128
2132 00000040 128 128
2182 00000000 128 128
2198 00000020 128 128
2214 00000000 128 128
2230 00000010 128 128
2280 00000000 128 128
2296 00000040 128 128
2346 00000000 128 128
2362 00000020 128 128
2378 00000000 128 128
2394 00000010 128 128
2444 00000000 128 128
2460 00000040 128 128
2510 00000000 128 128
2526 00000020 128 128
2542 00000000 128 128
2558 00000010 128 128
2608 00000000 128 128
2624 00000040 128 128
2674 00000000 128 128
2690 00000020 128 128
2706 00000000 128 128
2722 00000010 128 128
2772 00000000 128 128
2788 00000040 128 128
2838 00000000 128 128
2854 00000020 128 128
2870 00000000 128 128
2886 00000010 128 128
2936 00000000 128 128
2952 00000040 128 128
3002 00000000 128 128
3018 00000020 128 128
3034 00000000 128 128
3050 00000010 128 128
3100 00000000 128 128
3116 00000040 128 128
3166 00000000 128 128
3182 00000020 128 128
3198 00000000 128 128
3414 00000000 128 128
