0 00000000 128 128
150 00000008 128 128
152 00000000 128 128
300 00000008 128 128
302 00000000 128 128
450 00002000 128 128
452 00000000 128 128
2200 00004000 128 128
2204 00000000 128 128
2236 00004000 128 128
2240 00000000 128 128
2272 00004000 128 128
2276 00000000 128 128
2308 00004000 128 128
2312 00000000 128 128
2344 00004000 128 128
2348 00000000 128 128
2380 00004000 128 128
2384 00000000 128 128
2616 00000040 128 128
2624 00000000 128 128
2686 00000010 128 128
2694 00000000 128 128
2756 00000010 128 128
2764 00000000 128 128
2826 00000010 128 128
2834 00000000 128 128
3236 00002000 128 128
3240 00000000 128 128
3952 00002000 128 128
3956 00000000 128 128
4218 00002000 128 128
4222 00000000 128 128
4484 00002000 128 128
4488 00000000 128 128
4750 00002000 128 128
4754 00000000 128 128
5016 00002000 128 128
5020 00000000 128 128
5282 00002000 128 128
5286 00000000 128 128
5548 00002000 128 128
5552 00000000 128 128
5814 00002000 128 128
5818 00000000 128 128
6080 00002000 128 128
6084 00000000 128 128
6346 00002000 128 128
6350 00000000 128 128
6612 00002000 128 128
6616 00000000 128 128
6878 00002000 128 128
6882 00000000 128 128
7144 00002000 128 128
7148 00000000 128 128
7410 00002000 128 128
7414 00000000 128 128
7676 00002000 128 128
7680 00000000 128 128
7942 00002000 128 128
7946 00000000 128 128
8208 00002000 128 128
8212 00000000 128 128
8474 00002000 128 128
8478 00000000 128 128
8740 00002000 128 128
8744 00000000 128 128
9006 00002000 128 128
9010 00000000 128 128
10172 00000000 128 128
