0 00000000 128 128
150 00000008 128 128
152 00000000 128 128
300 00000008 128 128
302 00000000 128 128
450 00002000 128 128
452 00000000 128 128
700 00000010 128 128
708 00000000 128 128
710 00000080 128 128
718 00000000 128 128
720 00000010 128 128
744 00000000 128 128
746 00000010 128 128
754 00000000 128 128
1056 00004000 128 128
1060 00000000 128 128
1092 00004000 128 128
1096 00000000 128 128
1128 00004000 128 128
1132 00000000 128 128
1164 00004000 128 128
1168 00000000 128 128
1200 00004000 128 128
1204 00000000 128 128
1236 00004000 128 128
1240 00000000 128 128
1272 00004000 128 128
1276 00000000 128 128
1308 00004000 128 128
1312 00000000 128 128
1344 00004000 128 128
1348 00000000 128 128
1380 00004000 128 128
1384 00000000 128 128
1416 00004000 128 128
1420 00000000 128 128
1452 00004000 128 128
1456 00000000 128 128
1488 00004000 128 128
1492 00000000 128 128
1524 00004000 128 128
1528 00000000 128 128
1560 00004000 128 128
1564 00000000 128 128
1596 00004000 128 128
1600 00000000 128 128
1632 00004000 128 128
1636 00000000 128 128
1668 00004000 128 128
1672 00000000 128 128
1704 00004000 128 128
1708 00000000 128 128
1740 00004000 128 128
1744 00000000 128 128
1776 00004000 128 128
1780 00000000 128 128
1812 00004000 128 128
1816 00000000 128 128
1848 00004000 128 128
1852 00000000 128 128
1884 00004000 128 128
1888 00000000 128 128
1920 00004000 128 128
1924 00000000 128 128
1956 00004000 128 128
1960 00000000 128 128
1992 00004000 128 128
1996 00000000 128 128
2028 00004000 128 128
2032 00000000 128 128
2064 00004000 128 128
2068 00000000 128 128
2100 00004000 128 128
2104 00000000 128 128
2136 00004000 128 128
2140 00000000 128 128
2172 00004000 128 128
2176 00000000 128 128
2208 00004000 128 128
2212 00000000 128 128
2244 00004000 128 128
2248 00000000 128 128
2280 00004000 128 128
2284 00000000 128 128
2316 00004000 128 128
2320 00000000 128 128
2352 00004000 128 128
2356 00000000 128 128
2388 00004000 128 128
2392 00000000 128 128
2424 00004000 128 128
2428 00000000 128 128
2460 00004000 128 128
2464 00000000 128 128
2496 00004000 128 128
2500 00000000 128 128
2532 00004000 128 128
2536 00000000 128 128
2568 00004000 128 128
2572 00000000 128 128
2604 00004000 128 128
2608 00000000 128 128
2640 00004000 128 128
2644 00000000 128 128
2676 00004000 128 128
2680 00000000 128 128
2712 00004000 128 128
2716 00000000 128 128
2748 00004000 128 128
2752 00000000 128 128
2784 00004000 128 128
2788 00000000 128 128
2820 00004000 128 128
2824 00000000 128 128
2856 00004000 128 128
2860 00000000 128 128
2892 00004000 128 128
2896 00000000 128 128
2928 00004000 128 128
2932 00000000 128 128
2964 00004000 128 128
2968 00000000 128 128
3000 00004000 128 128
3004 00000000 128 128
3036 00004000 128 128
3040 00000000 128 128
3072 00004000 128 128
3076 00000000 128 128
3108 00004000 128 128
3112 00000000 128 128
3144 00004000 128 128
3148 00000000 128 128
3180 00004000 128 128
3184 00000000 128 128
3216 00004000 128 128
3220 00000000 128 128
3252 00004000 128 128
3256 00000000 128 128
3288 00004000 128 128
3292 00000000 128 128
3324 00004000 128 128
3328 00000000 128 128
3360 00004000 128 128
3364 00000000 128 128
3396 00004000 128 128
3400 00000000 128 128
3432 00004000 128 128
3436 00000000 128 128
3468 00004000 128 128
3472 00000000 128 128
3504 00004000 128 128
3508 00000000 128 128
3540 00004000 128 128
3544 00000000 128 128
3576 00004000 128 128
3580 00000000 128 128
3612 00004000 128 128
3616 00000000 128 128
3648 00004000 128 128
3652 00000000 128 128
3684 00004000 128 128
3688 00000000 128 128
3720 00004000 128 128
3724 00000000 128 128
3756 00004000 128 128
3760 00000000 128 128
3792 00004000 128 128
3796 00000000 128 128
3828 00004000 128 128
3832 00000000 128 128
3864 00004000 128 128
3868 00000000 128 128
3900 00004000 128 128
3904 00000000 128 128
3936 00004000 128 128
3940 00000000 128 128
3972 00004000 128 128
3976 00000000 128 128
4008 00004000 128 128
4012 00000000 128 128
4044 00004000 128 128
4048 00000000 128 128
4080 00004000 128 128
4084 00000000 128 128
4116 00004000 128 128
4120 00000000 128 128
4152 00004000 128 128
4156 00000000 128 128
4188 00004000 128 128
4192 00000000 128 128
4224 00004000 128 128
4228 00000000 128 128
4260 00004000 128 128
4264 00000000 128 128
4296 00004000 128 128
4300 00000000 128 128
4332 00004000 128 128
4336 00000000 128 128
4368 00004000 128 128
4372 00000000 128 128
4404 00004000 128 128
4408 00000000 128 128
4440 00004000 128 128
4444 00000000 128 128
4476 00004000 128 128
4480 00000000 128 128
4512 00004000 128 128
4516 00000000 128 128
4548 00004000 128 128
4552 00000000 128 128
4584 00004000 128 128
4588 00000000 128 128
4620 00004000 128 128
4624 00000000 128 128
4776 00000010 128 128
4808 00000000 128 128
4810 00000080 128 128
4818 00000000 128 128
4820 00000010 128 128
4844 00000000 128 128
4906 00002000 128 128
4910 00000000 128 128
5012 00004000 128 128
5016 00000000 128 128
5048 00004000 128 128
5052 00000000 128 128
5084 00004000 128 128
5088 00000000 128 128
5120 00004000 128 128
5124 00000000 128 128
5156 00004000 128 128
5160 00000000 128 128
5192 00004000 128 128
5196 00000000 128 128
5228 00004000 128 128
5232 00000000 128 128
5264 00004000 128 128
5268 00000000 128 128
5300 00004000 128 128
5304 00000000 128 128
5336 00004000 128 128
5340 00000000 128 128
5372 00004000 128 128
5376 00000000 128 128
5408 00004000 128 128
5412 00000000 128 128
5444 00004000 128 128
5448 00000000 128 128
5480 00004000 128 128
5484 00000000 128 128
5516 00004000 128 128
5520 00000000 128 128
5552 00004000 128 128
5556 00000000 128 128
5588 00004000 128 128
5592 00000000 128 128
5624 00004000 128 128
5628 00000000 128 128
5660 00004000 128 128
5664 00000000 128 128
5696 00004000 128 128
5700 00000000 128 128
5732 00004000 128 128
5736 00000000 128 128
5768 00004000 128 128
5772 00000000 128 128
5804 00004000 128 128
5808 00000000 128 128
5840 00004000 128 128
5844 00000000 128 128
5876 00004000 128 128
5880 00000000 128 128
5912 00004000 128 128
5916 00000000 128 128
5948 00004000 128 128
5952 00000000 128 128
5984 00004000 128 128
5988 00000000 128 128
6020 00004000 128 128
6024 00000000 128 128
6056 00004000 128 128
6060 00000000 128 128
6092 00004000 128 128
6096 00000000 128 128
6128 00004000 128 128
6132 00000000 128 128
6164 00004000 128 128
6168 00000000 128 128
6200 00004000 128 128
6204 00000000 128 128
6236 00004000 128 128
6240 00000000 128 128
6272 00004000 128 128
6276 00000000 128 128
6308 00004000 128 128
6312 00000000 128 128
6344 00004000 128 128
6348 00000000 128 128
6380 00004000 128 128
6384 00000000 128 128
6416 00004000 128 128
6420 00000000 128 128
6452 00004000 128 128
6456 00000000 128 128
6488 00004000 128 128
6492 00000000 128 128
6524 00004000 128 128
6528 00000000 128 128
6560 00004000 128 128
6564 00000000 128 128
6596 00004000 128 128
6600 00000000 128 128
6632 00004000 128 128
6636 00000000 128 128
6668 00004000 128 128
6672 00000000 128 128
6704 00004000 128 128
6708 00000000 128 128
6740 00004000 128 128
6744 00000000 128 128
6776 00004000 128 128
6780 00000000 128 128
6812 00004000 128 128
6816 00000000 128 128
6848 00004000 128 128
6852 00000000 128 128
6884 00004000 128 128
6888 00000000 128 128
6920 00004000 128 128
6924 00000000 128 128
6956 00004000 128 128
6960 00000000 128 128
6992 00004000 128 128
6996 00000000 128 128
7028 00004000 128 128
7032 00000000 128 128
7064 00004000 128 128
7068 00000000 128 128
7100 00004000 128 128
7104 00000000 128 128
7136 00004000 128 128
7140 00000000 128 128
7172 00004000 128 128
7176 00000000 128 128
7208 00004000 128 128
7212 00000000 128 128
7244 00004000 128 128
7248 00000000 128 128
7280 00004000 128 128
7284 00000000 128 128
7316 00004000 128 128
7320 00000000 128 128
7352 00004000 128 128
7356 00000000 128 128
7388 00004000 128 128
7392 00000000 128 128
7424 00004000 128 128
7428 00000000 128 128
7460 00004000 128 128
7464 00000000 128 128
7496 00004000 128 128
7500 00000000 128 128
7532 00004000 128 128
7536 00000000 128 128
7568 00004000 128 128
7572 00000000 128 128
7604 00004000 128 128
7608 00000000 128 128
7640 00004000 128 128
7644 00000000 128 128
7676 00004000 128 128
7680 00000000 128 128
7712 00004000 128 128
7716 00000000 128 128
7748 00004000 128 128
7752 00000000 128 128
7784 00004000 128 128
7788 00000000 128 128
7820 00004000 128 128
7824 00000000 128 128
7856 00004000 128 128
7860 00000000 128 128
7892 00004000 128 128
7896 00000000 128 128
7928 00004000 128 128
7932 00000000 128 128
7964 00004000 128 128
7968 00000000 128 128
8000 00004000 128 128
8004 00000000 128 128
8036 00004000 128 128
8040 00000000 128 128
8072 00004000 128 128
8076 00000000 128 128
8108 00004000 128 128
8112 00000000 128 128
8144 00004000 128 128
8148 00000000 128 128
8180 00004000 128 128
8184 00000000 128 128
8216 00004000 128 128
8220 00000000 128 128
8252 00004000 128 128
8256 00000000 128 128
8288 00004000 128 128
8292 00000000 128 128
8324 00004000 128 128
8328 00000000 128 128
8360 00004000 128 128
8364 00000000 128 128
8396 00004000 128 128
8400 00000000 128 128
8432 00004000 128 128
8436 00000000 128 128
8468 00004000 128 128
8472 00000000 128 128
8504 00004000 128 128
8508 00000000 128 128
8540 00004000 128 128
8544 00000000 128 128
8576 00004000 128 128
8580 00000000 128 128
8912 00002000 128 128
8916 00000000 128 128
9048 00000040 128 128
9054 00000000 128 128
9116 00002000 128 128
9120 00000000 128 128
9192 00004000 128 128
9196 00000000 128 128
9228 00004000 128 128
9232 00000000 128 128
9264 00004000 128 128
9268 00000000 128 128
9300 00004000 128 128
9304 00000000 128 128
9336 00004000 128 128
9340 00000000 128 128
9372 00004000 128 128
9376 00000000 128 128
9408 00004000 128 128
9412 00000000 128 128
9444 00004000 128 128
9448 00000000 128 128
9480 00004000 128 128
9484 00000000 128 128
9516 00004000 128 128
9520 00000000 128 128
9552 00004000 128 128
9556 00000000 128 128
9588 00004000 128 128
9592 00000000 128 128
9624 00004000 128 128
9628 00000000 128 128
9660 00004000 128 128
9664 00000000 128 128
9696 00004000 128 128
9700 00000000 128 128
9732 00004000 128 128
9736 00000000 128 128
9828 00002000 128 128
9832 00000000 128 128
9964 00000040 128 128
9970 00000000 128 128
10032 00002000 128 128
10036 00000000 128 128
10108 00004000 128 128
10112 00000000 128 128
10144 00004000 128 128
10148 00000000 128 128
10180 00004000 128 128
10184 00000000 128 128
10216 00004000 128 128
10220 00000000 128 128
10252 00004000 128 128
10256 00000000 128 128
10288 00004000 128 128
10292 00000000 128 128
10324 00004000 128 128
10328 00000000 128 128
10360 00004000 128 128
10364 00000000 128 128
10396 00004000 128 128
10400 00000000 128 128
10432 00004000 128 128
10436 00000000 128 128
10468 00004000 128 128
10472 00000000 128 128
10504 00004000 128 128
10508 00000000 128 128
10540 00004000 128 128
10544 00000000 128 128
10576 00004000 128 128
10580 00000000 128 128
10612 00004000 128 128
10616 00000000 128 128
10648 00004000 128 128
10652 00000000 128 128
10744 00002000 128 128
10748 00000000 128 128
10880 00000040 128 128
10886 00000000 128 128
10948 00002000 128 128
10952 00000000 128 128
11024 00004000 128 128
11028 00000000 128 128
11060 00004000 128 128
11064 00000000 128 128
11096 00004000 128 128
11100 00000000 128 128
11132 00004000 128 128
11136 00000000 128 128
11168 00004000 128 128
11172 00000000 128 128
11204 00004000 128 128
11208 00000000 128 128
11240 00004000 128 128
11244 00000000 128 128
11276 00004000 128 128
11280 00000000 128 128
11312 00004000 128 128
11316 00000000 128 128
11348 00004000 128 128
11352 00000000 128 128
11384 00004000 128 128
11388 00000000 128 128
11420 00004000 128 128
11424 00000000 128 128
11456 00004000 128 128
11460 00000000 128 128
11492 00004000 128 128
11496 00000000 128 128
11528 00004000 128 128
11532 00000000 128 128
11564 00004000 128 128
11568 00000000 128 128
11660 00002000 128 128
11664 00000000 128 128
11796 00000040 128 128
11802 00000000 128 128
11864 00002000 128 128
11868 00000000 128 128
11940 00004000 128 128
11944 00000000 128 128
11976 00004000 128 128
11980 00000000 128 128
12012 00004000 128 128
12016 00000000 128 128
12048 00004000 128 128
12052 00000000 128 128
12084 00004000 128 128
12088 00000000 128 128
12120 00004000 128 128
12124 00000000 128 128
12156 00004000 128 128
12160 00000000 128 128
12192 00004000 128 128
12196 00000000 128 128
12228 00004000 128 128
12232 00000000 128 128
12264 00004000 128 128
12268 00000000 128 128
12300 00004000 128 128
12304 00000000 128 128
12336 00004000 128 128
12340 00000000 128 128
12372 00004000 128 128
12376 00000000 128 128
12408 00004000 128 128
12412 00000000 128 128
12444 00004000 128 128
12448 00000000 128 128
12480 00004000 128 128
12484 00000000 128 128
12576 00002000 128 128
12580 00000000 128 128
12712 00000040 128 128
12718 00000000 128 128
12780 00002000 128 128
12784 00000000 128 128
12856 00004000 128 128
12860 00000000 128 128
12892 00004000 128 128
12896 00000000 128 128
12928 00004000 128 128
12932 00000000 128 128
12964 00004000 128 128
12968 00000000 128 128
13000 00004000 128 128
13004 00000000 128 128
13036 00004000 128 128
13040 00000000 128 128
13072 00004000 128 128
13076 00000000 128 128
13108 00004000 128 128
13112 00000000 128 128
13144 00004000 128 128
13148 00000000 128 128
13180 00004000 128 128
13184 00000000 128 128
13216 00004000 128 128
13220 00000000 128 128
13252 00004000 128 128
13256 00000000 128 128
13288 00004000 128 128
13292 00000000 128 128
13324 00004000 128 128
13328 00000000 128 128
13360 00004000 128 128
13364 00000000 128 128
13396 00004000 128 128
13400 00000000 128 128
13492 00002000 128 128
13496 00000000 128 128
13628 00000040 128 128
13634 00000000 128 128
13696 00002000 128 128
13700 00000000 128 128
13772 00004000 128 128
13776 00000000 128 128
13808 00004000 128 128
13812 00000000 128 128
13844 00004000 128 128
13848 00000000 128 128
13880 00004000 128 128
13884 00000000 128 128
13916 00004000 128 128
13920 00000000 128 128
13952 00004000 128 128
13956 00000000 128 128
13988 00004000 128 128
13992 00000000 128 128
14024 00004000 128 128
14028 00000000 128 128
14060 00004000 128 128
14064 00000000 128 128
14096 00004000 128 128
14100 00000000 128 128
14132 00004000 128 128
14136 00000000 128 128
14168 00004000 128 128
14172 00000000 128 128
14204 00004000 128 128
14208 00000000 128 128
14240 00004000 128 128
14244 00000000 128 128
14276 00004000 128 128
14280 00000000 128 128
14312 00004000 128 128
14316 00000000 128 128
14408 00002000 128 128
14412 00000000 128 128
14544 00000040 128 128
14550 00000000 128 128
14612 00002000 128 128
14616 00000000 128 128
14688 00004000 128 128
14692 00000000 128 128
14724 00004000 128 128
14728 00000000 128 128
14760 00004000 128 128
14764 00000000 128 128
14796 00004000 128 128
14800 00000000 128 128
14832 00004000 128 128
14836 00000000 128 128
14868 00004000 128 128
14872 00000000 128 128
14904 00004000 128 128
14908 00000000 128 128
14940 00004000 128 128
14944 00000000 128 128
14976 00004000 128 128
14980 00000000 128 128
15012 00004000 128 128
15016 00000000 128 128
15048 00004000 128 128
15052 00000000 128 128
15084 00004000 128 128
15088 00000000 128 128
15120 00004000 128 128
15124 00000000 128 128
15156 00004000 128 128
15160 00000000 128 128
15192 00004000 128 128
15196 00000000 128 128
15228 00004000 128 128
15232 00000000 128 128
15324 00002000 128 128
15328 00000000 128 128
15460 00000040 128 128
15466 00000000 128 128
15528 00002000 128 128
15532 00000000 128 128
15604 00004000 128 128
15608 00000000 128 128
15640 00004000 128 128
15644 00000000 128 128
15676 00004000 128 128
15680 00000000 128 128
15712 00004000 128 128
15716 00000000 128 128
15748 00004000 128 128
15752 00000000 128 128
15784 00004000 128 128
15788 00000000 128 128
15820 00004000 128 128
15824 00000000 128 128
15856 00004000 128 128
15860 00000000 128 128
15892 00004000 128 128
15896 00000000 128 128
15928 00004000 128 128
15932 00000000 128 128
15964 00004000 128 128
15968 00000000 128 128
16000 00004000 128 128
16004 00000000 128 128
16036 00004000 128 128
16040 00000000 128 128
16072 00004000 128 128
16076 00000000 128 128
16108 00004000 128 128
16112 00000000 128 128
16144 00004000 128 128
16148 00000000 128 128
16240 00002000 128 128
16244 00000000 128 128
16376 00000040 128 128
16382 00000000 128 128
16444 00002000 128 128
16448 00000000 128 128
16520 00004000 128 128
16524 00000000 128 128
16556 00004000 128 128
16560 00000000 128 128
16592 00004000 128 128
16596 00000000 128 128
16628 00004000 128 128
16632 00000000 128 128
16664 00004000 128 128
16668 00000000 128 128
16700 00004000 128 128
16704 00000000 128 128
16736 00004000 128 128
16740 00000000 128 128
16772 00004000 128 128
16776 00000000 128 128
16808 00004000 128 128
16812 00000000 128 128
16844 00004000 128 128
16848 00000000 128 128
16880 00004000 128 128
16884 00000000 128 128
16916 00004000 128 128
16920 00000000 128 128
16952 00004000 128 128
16956 00000000 128 128
16988 00004000 128 128
16992 00000000 128 128
17024 00004000 128 128
17028 00000000 128 128
17060 00004000 128 128
17064 00000000 128 128
17156 00002000 128 128
17160 00000000 128 128
17292 00000040 128 128
17298 00000000 128 128
17360 00002000 128 128
17364 00000000 128 128
17436 00004000 128 128
17440 00000000 128 128
17472 00004000 128 128
17476 00000000 128 128
17508 00004000 128 128
17512 00000000 128 128
17544 00004000 128 128
17548 00000000 128 128
17580 00004000 128 128
17584 00000000 128 128
17616 00004000 128 128
17620 00000000 128 128
17652 00004000 128 128
17656 00000000 128 128
17688 00004000 128 128
17692 00000000 128 128
17724 00004000 128 128
17728 00000000 128 128
17760 00004000 128 128
17764 00000000 128 128
17796 00004000 128 128
17800 00000000 128 128
17832 00004000 128 128
17836 00000000 128 128
17868 00004000 128 128
17872 00000000 128 128
17904 00004000 128 128
17908 00000000 128 128
17940 00004000 128 128
17944 00000000 128 128
17976 00004000 128 128
17980 00000000 128 128
18072 00002000 128 128
18076 00000000 128 128
18208 00000040 128 128
18214 00000000 128 128
18276 00002000 128 128
18280 00000000 128 128
18352 00004000 128 128
18356 00000000 128 128
18388 00004000 128 128
18392 00000000 128 128
18424 00004000 128 128
18428 00000000 128 128
18460 00004000 128 128
18464 00000000 128 128
18496 00004000 128 128
18500 00000000 128 128
18532 00004000 128 128
18536 00000000 128 128
18568 00004000 128 128
18572 00000000 128 128
18604 00004000 128 128
18608 00000000 128 128
18640 00004000 128 128
18644 00000000 128 128
18676 00004000 128 128
18680 00000000 128 128
18712 00004000 128 128
18716 00000000 128 128
18748 00004000 128 128
18752 00000000 128 128
18784 00004000 128 128
18788 00000000 128 128
18820 00004000 128 128
18824 00000000 128 128
18856 00004000 128 128
18860 00000000 128 128
18892 00004000 128 128
18896 00000000 128 128
18988 00002000 128 128
18992 00000000 128 128
19124 00000040 128 128
19130 00000000 128 128
19192 00002000 128 128
19196 00000000 128 128
19268 00004000 128 128
19272 00000000 128 128
19304 00004000 128 128
19308 00000000 128 128
19340 00004000 128 128
19344 00000000 128 128
19376 00004000 128 128
19380 00000000 128 128
19412 00004000 128 128
19416 00000000 128 128
19448 00004000 128 128
19452 00000000 128 128
19484 00004000 128 128
19488 00000000 128 128
19520 00004000 128 128
19524 00000000 128 128
19556 00004000 128 128
19560 00000000 128 128
19592 00004000 128 128
19596 00000000 128 128
19628 00004000 128 128
19632 00000000 128 128
19664 00004000 128 128
19668 00000000 128 128
19700 00004000 128 128
19704 00000000 128 128
19736 00004000 128 128
19740 00000000 128 128
19772 00004000 128 128
19776 00000000 128 128
19808 00004000 128 128
19812 00000000 128 128
19904 00002000 128 128
19908 00000000 128 128
20040 00000040 128 128
20046 00000000 128 128
20108 00002000 128 128
20112 00000000 128 128
20184 00004000 128 128
20188 00000000 128 128
20220 00004000 128 128
20224 00000000 128 128
20256 00004000 128 128
20260 00000000 128 128
20292 00004000 128 128
20296 00000000 128 128
20328 00004000 128 128
20332 00000000 128 128
20364 00004000 128 128
20368 00000000 128 128
20400 00004000 128 128
20404 00000000 128 128
20436 00004000 128 128
20440 00000000 128 128
20472 00004000 128 128
20476 00000000 128 128
20508 00004000 128 128
20512 00000000 128 128
20544 00004000 128 128
20548 00000000 128 128
20580 00004000 128 128
20584 00000000 128 128
20616 00004000 128 128
20620 00000000 128 128
20652 00004000 128 128
20656 00000000 128 128
20688 00004000 128 128
20692 00000000 128 128
20724 00004000 128 128
20728 00000000 128 128
20820 00002000 128 128
20824 00000000 128 128
20956 00000040 128 128
20962 00000000 128 128
21024 00002000 128 128
21028 00000000 128 128
21100 00004000 128 128
21104 00000000 128 128
21136 00004000 128 128
21140 00000000 128 128
21172 00004000 128 128
21176 00000000 128 128
21208 00004000 128 128
21212 00000000 128 128
21244 00004000 128 128
21248 00000000 128 128
21280 00004000 128 128
21284 00000000 128 128
21316 00004000 128 128
21320 00000000 128 128
21352 00004000 128 128
21356 00000000 128 128
21388 00004000 128 128
21392 00000000 128 128
21424 00004000 128 128
21428 00000000 128 128
21460 00004000 128 128
21464 00000000 128 128
21496 00004000 128 128
21500 00000000 128 128
21532 00004000 128 128
21536 00000000 128 128
21568 00004000 128 128
21572 00000000 128 128
21604 00004000 128 128
21608 00000000 128 128
21640 00004000 128 128
21644 00000000 128 128
21736 00002000 128 128
21740 00000000 128 128
21872 00000040 128 128
21878 00000000 128 128
21940 00002000 128 128
21944 00000000 128 128
22016 00004000 128 128
22020 00000000 128 128
22052 00004000 128 128
22056 00000000 128 128
22088 00004000 128 128
22092 00000000 128 128
22124 00004000 128 128
22128 00000000 128 128
22160 00004000 128 128
22164 00000000 128 128
22196 00004000 128 128
22200 00000000 128 128
22232 00004000 128 128
22236 00000000 128 128
22268 00004000 128 128
22272 00000000 128 128
22304 00004000 128 128
22308 00000000 128 128
22340 00004000 128 128
22344 00000000 128 128
22376 00004000 128 128
22380 00000000 128 128
22412 00004000 128 128
22416 00000000 128 128
22448 00004000 128 128
22452 00000000 128 128
22484 00004000 128 128
22488 00000000 128 128
22520 00004000 128 128
22524 00000000 128 128
22556 00004000 128 128
22560 00000000 128 128
22652 00002000 128 128
22656 00000000 128 128
22788 00000040 128 128
22794 00000000 128 128
22856 00002000 128 128
22860 00000000 128 128
22932 00004000 128 128
22936 00000000 128 128
22968 00004000 128 128
22972 00000000 128 128
23004 00004000 128 128
23008 00000000 128 128
23040 00004000 128 128
23044 00000000 128 128
23076 00004000 128 128
23080 00000000 128 128
23112 00004000 128 128
23116 00000000 128 128
23148 00004000 128 128
23152 00000000 128 128
23184 00004000 128 128
23188 00000000 128 128
23220 00004000 128 128
23224 00000000 128 128
23256 00004000 128 128
23260 00000000 128 128
23292 00004000 128 128
23296 00000000 128 128
23328 00004000 128 128
23332 00000000 128 128
23364 00004000 128 128
23368 00000000 128 128
23400 00004000 128 128
23404 00000000 128 128
23436 00004000 128 128
23440 00000000 128 128
23472 00004000 128 128
23476 00000000 128 128
23568 00002000 128 128
23572 00000000 128 128
23704 00000040 128 128
23710 00000000 128 128
23772 00002000 128 128
23776 00000000 128 128
23848 00004000 128 128
23852 00000000 128 128
23884 00004000 128 128
23888 00000000 128 128
23920 00004000 128 128
23924 00000000 128 128
23956 00004000 128 128
23960 00000000 128 128
23992 00004000 128 128
23996 00000000 128 128
24028 00004000 128 128
24032 00000000 128 128
24064 00004000 128 128
24068 00000000 128 128
24100 00004000 128 128
24104 00000000 128 128
24136 00004000 128 128
24140 00000000 128 128
24172 00004000 128 128
24176 00000000 128 128
24208 00004000 128 128
24212 00000000 128 128
24244 00004000 128 128
24248 00000000 128 128
24280 00004000 128 128
24284 00000000 128 128
24316 00004000 128 128
24320 00000000 128 128
24352 00004000 128 128
24356 00000000 128 128
24388 00004000 128 128
24392 00000000 128 128
24484 00002000 128 128
24488 00000000 128 128
24620 00000040 128 128
24626 00000000 128 128
24688 00002000 128 128
24692 00000000 128 128
24764 00004000 128 128
24768 00000000 128 128
24800 00004000 128 128
24804 00000000 128 128
24836 00004000 128 128
24840 00000000 128 128
24872 00004000 128 128
24876 00000000 128 128
24908 00004000 128 128
24912 00000000 128 128
24944 00004000 128 128
24948 00000000 128 128
24980 00004000 128 128
24984 00000000 128 128
25016 00004000 128 128
25020 00000000 128 128
25052 00004000 128 128
25056 00000000 128 128
25088 00004000 128 128
25092 00000000 128 128
25124 00004000 128 128
25128 00000000 128 128
25160 00004000 128 128
25164 00000000 128 128
25196 00004000 128 128
25200 00000000 128 128
25232 00004000 128 128
25236 00000000 128 128
25268 00004000 128 128
25272 00000000 128 128
25304 00004000 128 128
25308 00000000 128 128
25400 00002000 128 128
25404 00000000 128 128
25536 00000040 128 128
25542 00000000 128 128
25604 00002000 128 128
25608 00000000 128 128
25680 00004000 128 128
25684 00000000 128 128
25716 00004000 128 128
25720 00000000 128 128
25752 00004000 128 128
25756 00000000 128 128
25788 00004000 128 128
25792 00000000 128 128
25824 00004000 128 128
25828 00000000 128 128
25860 00004000 128 128
25864 00000000 128 128
25896 00004000 128 128
25900 00000000 128 128
25932 00004000 128 128
25936 00000000 128 128
25968 00004000 128 128
25972 00000000 128 128
26004 00004000 128 128
26008 00000000 128 128
26040 00004000 128 128
26044 00000000 128 128
26076 00004000 128 128
26080 00000000 128 128
26112 00004000 128 128
26116 00000000 128 128
26148 00004000 128 128
26152 00000000 128 128
26184 00004000 128 128
26188 00000000 128 128
26220 00004000 128 128
26224 00000000 128 128
26316 00002000 128 128
26320 00000000 128 128
26452 00000040 128 128
26458 00000000 128 128
26520 00002000 128 128
26524 00000000 128 128
26596 00004000 128 128
26600 00000000 128 128
26632 00004000 128 128
26636 00000000 128 128
26668 00004000 128 128
26672 00000000 128 128
26704 00004000 128 128
26708 00000000 128 128
26740 00004000 128 128
26744 00000000 128 128
26776 00004000 128 128
26780 00000000 128 128
26812 00004000 128 128
26816 00000000 128 128
26848 00004000 128 128
26852 00000000 128 128
26884 00004000 128 128
26888 00000000 128 128
26920 00004000 128 128
26924 00000000 128 128
26956 00004000 128 128
26960 00000000 128 128
26992 00004000 128 128
26996 00000000 128 128
27028 00004000 128 128
27032 00000000 128 128
27064 00004000 128 128
27068 00000000 128 128
27100 00004000 128 128
27104 00000000 128 128
27136 00004000 128 128
27140 00000000 128 128
27232 00002000 128 128
27236 00000000 128 128
27368 00000040 128 128
27374 00000000 128 128
27436 00002000 128 128
27440 00000000 128 128
27512 00004000 128 128
27516 00000000 128 128
27548 00004000 128 128
27552 00000000 128 128
27584 00004000 128 128
27588 00000000 128 128
27620 00004000 128 128
27624 00000000 128 128
27656 00004000 128 128
27660 00000000 128 128
27692 00004000 128 128
27696 00000000 128 128
27728 00004000 128 128
27732 00000000 128 128
27764 00004000 128 128
27768 00000000 128 128
27800 00004000 128 128
27804 00000000 128 128
27836 00004000 128 128
27840 00000000 128 128
27872 00004000 128 128
27876 00000000 128 128
27908 00004000 128 128
27912 00000000 128 128
27944 00004000 128 128
27948 00000000 128 128
27980 00004000 128 128
27984 00000000 128 128
28016 00004000 128 128
28020 00000000 128 128
28052 00004000 128 128
28056 00000000 128 128
28148 00002000 128 128
28152 00000000 128 128
28284 00000040 128 128
28290 00000000 128 128
28352 00002000 128 128
28356 00000000 128 128
28428 00004000 128 128
28432 00000000 128 128
28464 00004000 128 128
28468 00000000 128 128
28500 00004000 128 128
28504 00000000 128 128
28536 00004000 128 128
28540 00000000 128 128
28572 00004000 128 128
28576 00000000 128 128
28608 00004000 128 128
28612 00000000 128 128
28644 00004000 128 128
28648 00000000 128 128
28680 00004000 128 128
28684 00000000 128 128
28716 00004000 128 128
28720 00000000 128 128
28752 00004000 128 128
28756 00000000 128 128
28788 00004000 128 128
28792 00000000 128 128
28824 00004000 128 128
28828 00000000 128 128
28860 00004000 128 128
28864 00000000 128 128
28896 00004000 128 128
28900 00000000 128 128
28932 00004000 128 128
28936 00000000 128 128
28968 00004000 128 128
28972 00000000 128 128
29064 00002000 128 128
29068 00000000 128 128
29200 00000040 128 128
29206 00000000 128 128
29268 00002000 128 128
29272 00000000 128 128
29344 00004000 128 128
29348 00000000 128 128
29380 00004000 128 128
29384 00000000 128 128
29416 00004000 128 128
29420 00000000 128 128
29452 00004000 128 128
29456 00000000 128 128
29488 00004000 128 128
29492 00000000 128 128
29524 00004000 128 128
29528 00000000 128 128
29560 00004000 128 128
29564 00000000 128 128
29596 00004000 128 128
29600 00000000 128 128
29632 00004000 128 128
29636 00000000 128 128
29668 00004000 128 128
29672 00000000 128 128
29704 00004000 128 128
29708 00000000 128 128
29740 00004000 128 128
29744 00000000 128 128
29776 00004000 128 128
29780 00000000 128 128
29812 00004000 128 128
29816 00000000 128 128
29848 00004000 128 128
29852 00000000 128 128
29884 00004000 128 128
29888 00000000 128 128
29980 00002000 128 128
29984 00000000 128 128
30116 00000040 128 128
30122 00000000 128 128
30184 00002000 128 128
30188 00000000 128 128
30260 00004000 128 128
30264 00000000 128 128
30296 00004000 128 128
30300 00000000 128 128
30332 00004000 128 128
30336 00000000 128 128
30368 00004000 128 128
30372 00000000 128 128
30404 00004000 128 128
30408 00000000 128 128
30440 00004000 128 128
30444 00000000 128 128
30476 00004000 128 128
30480 00000000 128 128
30512 00004000 128 128
30516 00000000 128 128
30548 00004000 128 128
30552 00000000 128 128
30584 00004000 128 128
30588 00000000 128 128
30620 00004000 128 128
30624 00000000 128 128
30656 00004000 128 128
30660 00000000 128 128
30692 00004000 128 128
30696 00000000 128 128
30728 00004000 128 128
30732 00000000 128 128
30764 00004000 128 128
30768 00000000 128 128
30800 00004000 128 128
30804 00000000 128 128
31016 00004000 128 128
31020 00000000 128 128
31052 00004000 128 128
31056 00000000 128 128
31088 00004000 128 128
31092 00000000 128 128
31124 00004000 128 128
31128 00000000 128 128
31160 00004000 128 128
31164 00000000 128 128
31196 00004000 128 128
31200 00000000 128 128
31232 00004000 128 128
31236 00000000 128 128
31268 00004000 128 128
31272 00000000 128 128
31304 00004000 128 128
31308 00000000 128 128
31340 00004000 128 128
31344 00000000 128 128
31376 00004000 128 128
31380 00000000 128 128
31412 00004000 128 128
31416 00000000 128 128
31448 00004000 128 128
31452 00000000 128 128
31484 00004000 128 128
31488 00000000 128 128
31520 00004000 128 128
31524 00000000 128 128
31556 00004000 128 128
31560 00000000 128 128
31592 00004000 128 128
31596 00000000 128 128
31628 00004000 128 128
31632 00000000 128 128
31664 00004000 128 128
31668 00000000 128 128
31700 00004000 128 128
31704 00000000 128 128
31736 00004000 128 128
31740 00000000 128 128
31772 00004000 128 128
31776 00000000 128 128
31808 00004000 128 128
31812 00000000 128 128
31844 00004000 128 128
31848 00000000 128 128
31880 00004000 128 128
31884 00000000 128 128
31916 00004000 128 128
31920 00000000 128 128
31952 00004000 128 128
31956 00000000 128 128
31988 00004000 128 128
31992 00000000 128 128
32024 00004000 128 128
32028 00000000 128 128
32060 00004000 128 128
32064 00000000 128 128
32096 00004000 128 128
32100 00000000 128 128
32132 00004000 128 128
32136 00000000 128 128
32168 00004000 128 128
32172 00000000 128 128
32204 00004000 128 128
32208 00000000 128 128
32240 00004000 128 128
32244 00000000 128 128
32276 00004000 128 128
32280 00000000 128 128
32312 00004000 128 128
32316 00000000 128 128
32348 00004000 128 128
32352 00000000 128 128
32384 00004000 128 128
32388 00000000 128 128
32420 00004000 128 128
32424 00000000 128 128
32456 00004000 128 128
32460 00000000 128 128
32492 00004000 128 128
32496 00000000 128 128
32528 00004000 128 128
32532 00000000 128 128
32564 00004000 128 128
32568 00000000 128 128
32600 00004000 128 128
32604 00000000 128 128
32636 00004000 128 128
32640 00000000 128 128
32672 00004000 128 128
32676 00000000 128 128
32708 00004000 128 128
32712 00000000 128 128
32744 00004000 128 128
32748 00000000 128 128
32780 00004000 128 128
32784 00000000 128 128
32816 00004000 128 128
32820 00000000 128 128
32852 00004000 128 128
32856 00000000 128 128
32888 00004000 128 128
32892 00000000 128 128
32924 00004000 128 128
32928 00000000 128 128
32960 00004000 128 128
32964 00000000 128 128
32996 00004000 128 128
33000 00000000 128 128
33032 00004000 128 128
33036 00000000 128 128
33068 00004000 128 128
33072 00000000 128 128
33104 00004000 128 128
33108 00000000 128 128
33140 00004000 128 128
33144 00000000 128 128
33236 00001000 128 128
33240 00000000 128 128
33342 00000010 128 128
33348 00000000 128 128
33370 00000010 128 128
33376 00000000 128 128
33398 00000010 128 128
33404 00000000 128 128
33426 00000020 128 128
33432 00000000 128 128
33464 00002000 128 128
33468 00000000 128 128
33880 00002000 128 128
33884 00000000 128 128
34096 00002000 128 128
34100 00000000 128 128
34312 00002000 128 128
34316 00000000 128 128
34528 00002000 128 128
34532 00000000 128 128
34744 00002000 128 128
34748 00000000 128 128
35020 00000000 128 128
