0 00000000 128 128
150 00000008 128 128
152 00000000 128 128
300 00000008 128 128
302 00000000 128 128
450 00002000 128 128
452 00000000 128 128
2200 00002000 128 128
2204 00000000 128 128
2336 00002000 128 128
2340 00000000 128 128
2472 00002000 128 128
2476 00000000 128 128
2608 00002000 128 128
2612 00000000 128 128
2744 00002000 128 128
2748 00000000 128 128
2880 00002000 128 128
2884 00000000 128 128
3016 00002000 128 128
3020 00000000 128 128
3152 00002000 128 128
3156 00000000 128 128
3288 00002000 128 128
3292 00000000 128 128
3424 00002000 128 128
3428 00000000 128 128
3560 00002000 128 128
3564 00000000 128 128
3696 00002000 128 128
3700 00000000 128 128
3832 00002000 128 128
3836 00000000 128 128
3968 00002000 128 128
3972 00000000 128 128
4104 00002000 128 128
4108 00000000 128 128
4240 00002000 128 128
4244 00000000 128 128
4376 00002000 128 128
4380 00000000 128 128
4512 00002000 128 128
4516 00000000 128 128
4648 00002000 128 128
4652 00000000 128 128
4784 00002000 128 128
4788 00000000 128 128
4920 00002000 128 128
4924 00000000 128 128
5056 00002000 128 128
5060 00000000 128 128
5192 00002000 128 128
5196 00000000 128 128
5328 00002000 128 128
5332 00000000 128 128
5464 00002000 128 128
5468 00000000 128 128
5600 00002000 128 128
5604 00000000 128 128
5736 00002000 128 128
5740 00000000 128 128
5872 00002000 128 128
5876 00000000 128 128
6008 00002000 128 128
6012 00000000 128 128
6144 00002000 128 128
6148 00000000 128 128
6880 00000000 128 128
