0 00000000 128 128
150 00000008 128 128
152 00000000 128 128
300 00000008 128 128
302 00000000 128 128
450 00002000 128 128
452 00000000 128 128
700 00000020 128 128
724 00000000 128 128
726 00000040 128 128
758 00000000 128 128
760 00000020 128 128
768 00000000 128 128
770 00000040 128 128
778 00000000 128 128
780 00000020 128 128
788 00000000 128 128
790 00000040 128 128
838 00000000 128 128
840 00000040 128 128
856 00000000 128 128
1068 00004000 128 128
1072 00000000 128 128
1104 00004000 128 128
1108 00000000 128 128
1140 00004000 128 128
1144 00000000 128 128
1176 00004000 128 128
1180 00000000 128 128
1212 00004000 128 128
1216 00000000 128 128
1248 00004000 128 128
1252 00000000 128 128
1284 00004000 128 128
1288 00000000 128 128
1320 00004000 128 128
1324 00000000 128 128
1356 00004000 128 128
1360 00000000 128 128
1392 00004000 128 128
1396 00000000 128 128
1428 00004000 128 128
1432 00000000 128 128
1464 00004000 128 128
1468 00000000 128 128
1500 00004000 128 128
1504 00000000 128 128
1536 00004000 128 128
1540 00000000 128 128
1572 00004000 128 128
1576 00000000 128 128
1608 00004000 128 128
1612 00000000 128 128
1644 00004000 128 128
1648 00000000 128 128
1680 00004000 128 128
1684 00000000 128 128
1716 00004000 128 128
1720 00000000 128 128
1752 00004000 128 128
1756 00000000 128 128
1848 00000080 128 128
1856 00000000 128 128
1858 00000040 128 128
1874 00000000 128 128
1876 00000080 128 128
1884 00000000 128 128
1886 00000040 128 128
1902 00000000 128 128
1904 00000080 128 128
1920 00000000 128 128
1922 00000040 128 128
2122 00000000 128 128
2124 00000080 128 128
2156 00000000 128 128
2158 00000010 128 128
2174 00000000 128 128
2326 00000010 128 128
2366 00000000 128 128
2428 00004000 128 128
2432 00000000 128 128
2464 00004000 128 128
2468 00000000 128 128
2500 00004000 128 128
2504 00000000 128 128
2536 00004000 128 128
2540 00000000 128 128
2572 00004000 128 128
2576 00000000 128 128
2608 00004000 128 128
2612 00000000 128 128
2644 00004000 128 128
2648 00000000 128 128
2680 00004000 128 128
2684 00000000 128 128
2716 00004000 128 128
2720 00000000 128 128
2752 00004000 128 128
2756 00000000 128 128
2788 00004000 128 128
2792 00000000 128 128
2824 00004000 128 128
2828 00000000 128 128
2860 00004000 128 128
2864 00000000 128 128
2896 00004000 128 128
2900 00000000 128 128
2932 00004000 128 128
2936 00000000 128 128
2968 00004000 128 128
2972 00000000 128 128
3004 00004000 128 128
3008 00000000 128 128
3040 00004000 128 128
3044 00000000 128 128
3076 00004000 128 128
3080 00000000 128 128
3112 00004000 128 128
3116 00000000 128 128
3208 00001000 128 128
3212 00000000 128 128
3314 00000010 128 128
3320 00000000 128 128
3342 00000010 128 128
3348 00000000 128 128
3370 00000010 128 128
3376 00000000 128 128
3398 00000020 128 128
3404 00000000 128 128
3436 00002000 128 128
3440 00000000 128 128
3852 00002000 128 128
3856 00000000 128 128
4068 00002000 128 128
4072 00000000 128 128
4284 00002000 128 128
4288 00000000 128 128
4500 00002000 128 128
4504 00000000 128 128
4716 00002000 128 128
4720 00000000 128 128
4992 00000000 128 128
