0 00000000 128 128
150 00000008 128 128
152 00000000 128 128
300 00000008 128 128
302 00000000 128 128
450 00002000 128 128
452 00000000 128 128
700 00000080 128 128
708 00000000 128 128
710 00000040 128 128
742 00000000 128 128
744 00000080 128 128
864 00000000 128 128
866 00000010 128 128
938 00000000 128 128
970 00004000 128 128
974 00000000 128 128
1006 00004000 128 128
1010 00000000 128 128
1042 00004000 128 128
1046 00000000 128 128
1078 00004000 128 128
1082 00000000 128 128
1114 00004000 128 128
1118 00000000 128 128
1150 00004000 128 128
1154 00000000 128 128
1186 00004000 128 128
1190 00000000 128 128
1222 00004000 128 128
1226 00000000 128 128
1258 00004000 128 128
1262 00000000 128 128
1294 00004000 128 128
1298 00000000 128 128
1360 00000080 128 128
1432 00000000 128 128
1434 00000010 128 128
1482 00000000 128 128
1484 00000010 128 128
1508 00000000 128 128
1630 00000010 128 128
1830 00000000 128 128
1892 00004000 128 128
1896 00000000 128 128
1928 00004000 128 128
1932 00000000 128 128
1964 00004000 128 128
1968 00000000 128 128
2000 00004000 128 128
2004 00000000 128 128
2036 00004000 128 128
2040 00000000 128 128
2072 00004000 128 128
2076 00000000 128 128
2108 00004000 128 128
2112 00000000 128 128
2144 00004000 128 128
2148 00000000 128 128
2180 00004000 128 128
2184 00000000 128 128
2216 00004000 128 128
2220 00000000 128 128
2252 00004000 128 128
2256 00000000 128 128
2288 00004000 128 128
2292 00000000 128 128
2324 00004000 128 128
2328 00000000 128 128
2360 00004000 128 128
2364 00000000 128 128
2396 00004000 128 128
2400 00000000 128 128
2432 00004000 128 128
2436 00000000 128 128
2468 00004000 128 128
2472 00000000 128 128
2504 00004000 128 128
2508 00000000 128 128
2540 00004000 128 128
2544 00000000 128 128
2576 00004000 128 128
2580 00000000 128 128
2672 00000010 128 128
2688 00000000 128 128
3090 00004000 128 128
3094 00000000 128 128
3126 00004000 128 128
3130 00000000 128 128
3162 00004000 128 128
3166 00000000 128 128
3198 00004000 128 128
3202 00000000 128 128
3234 00004000 128 128
3238 00000000 128 128
3270 00004000 128 128
3274 00000000 128 128
3306 00004000 128 128
3310 00000000 128 128
3342 00004000 128 128
3346 00000000 128 128
3378 00004000 128 128
3382 00000000 128 128
3414 00004000 128 128
3418 00000000 128 128
3450 00004000 128 128
3454 00000000 128 128
3486 00004000 128 128
3490 00000000 128 128
3522 00004000 128 128
3526 00000000 128 128
3558 00004000 128 128
3562 00000000 128 128
3594 00004000 128 128
3598 00000000 128 128
3630 00004000 128 128
3634 00000000 128 128
3666 00004000 128 128
3670 00000000 128 128
3702 00004000 128 128
3706 00000000 128 128
3738 00004000 128 128
3742 00000000 128 128
3774 00004000 128 128
3778 00000000 128 128
3810 00004000 128 128
3814 00000000 128 128
3846 00004000 128 128
3850 00000000 128 128
3882 00004000 128 128
3886 00000000 128 128
3918 00004000 128 128
3922 00000000 128 128
3954 00004000 128 128
3958 00000000 128 128
3990 00004000 128 128
3994 00000000 128 128
4026 00004000 128 128
4030 00000000 128 128
4062 00004000 128 128
4066 00000000 128 128
4098 00004000 128 128
4102 00000000 128 128
4134 00004000 128 128
4138 00000000 128 128
4170 00004000 128 128
4174 00000000 128 128
4206 00004000 128 128
4210 00000000 128 128
4242 00004000 128 128
4246 00000000 128 128
4278 00004000 128 128
4282 00000000 128 128
4314 00004000 128 128
4318 00000000 128 128
4350 00004000 128 128
4354 00000000 128 128
4386 00004000 128 128
4390 00000000 128 128
4422 00004000 128 128
4426 00000000 128 128
4458 00004000 128 128
4462 00000000 128 128
4494 00004000 128 128
4498 00000000 128 128
4650 00000010 128 128
5550 00000000 128 128
5852 00002000 128 128
5856 00000000 128 128
5888 00002000 128 128
5892 00000000 128 128
5924 00002000 128 128
5928 00000000 128 128
5960 00002000 128 128
5964 00000000 128 128
5996 00002000 128 128
6000 00000000 128 128
6032 00002000 128 128
6036 00000000 128 128
6068 00002000 128 128
6072 00000000 128 128
6104 00002000 128 128
6108 00000000 128 128
6140 00002000 128 128
6144 00000000 128 128
6176 00002000 128 128
6180 00000000 128 128
6212 00002000 128 128
6216 00000000 128 128
6248 00002000 128 128
6252 00000000 128 128
6284 00002000 128 128
6288 00000000 128 128
6320 00002000 128 128
6324 00000000 128 128
6356 00002000 128 128
6360 00000000 128 128
6392 00002000 128 128
6396 00000000 128 128
6428 00002000 128 128
6432 00000000 128 128
6464 00002000 128 128
6468 00000000 128 128
6500 00002000 128 128
6504 00000000 128 128
6536 00002000 128 128
6540 00000000 128 128
6572 00002000 128 128
6576 00000000 128 128
6608 00002000 128 128
6612 00000000 128 128
6644 00002000 128 128
6648 00000000 128 128
6680 00002000 128 128
6684 00000000 128 128
6716 00002000 128 128
6720 00000000 128 128
6752 00002000 128 128
6756 00000000 128 128
6788 00002000 128 128
6792 00000000 128 128
6824 00002000 128 128
6828 00000000 128 128
6860 00002000 128 128
6864 00000000 128 128
6896 00002000 128 128
6900 00000000 128 128
6932 00002000 128 128
6936 00000000 128 128
6968 00002000 128 128
6972 00000000 128 128
7004 00002000 128 128
7008 00000000 128 128
7040 00002000 128 128
7044 00000000 128 128
7076 00002000 128 128
7080 00000000 128 128
7112 00002000 128 128
7116 00000000 128 128
7148 00002000 128 128
7152 00000000 128 128
7184 00002000 128 128
7188 00000000 128 128
7220 00002000 128 128
7224 00000000 128 128
7256 00002000 128 128
7260 00000000 128 128
7292 00002000 128 128
7296 00000000 128 128
7328 00002000 128 128
7332 00000000 128 128
7364 00002000 128 128
7368 00000000 128 128
7400 00002000 128 128
7404 00000000 128 128
7436 00002000 128 128
7440 00000000 128 128
7472 00002000 128 128
7476 00000000 128 128
7508 00002000 128 128
7512 00000000 128 128
7544 00002000 128 128
7548 00000000 128 128
7580 00002000 128 128
7584 00000000 128 128
7616 00002000 128 128
7620 00000000 128 128
7652 00002000 128 128
7656 00000000 128 128
7688 00002000 128 128
7692 00000000 128 128
7724 00002000 128 128
7728 00000000 128 128
7760 00002000 128 128
7764 00000000 128 128
7796 00002000 128 128
7800 00000000 128 128
7832 00002000 128 128
7836 00000000 128 128
7868 00002000 128 128
7872 00000000 128 128
7904 00002000 128 128
7908 00000000 128 128
7940 00002000 128 128
7944 00000000 128 128
7976 00002000 128 128
7980 00000000 128 128
8012 00002000 128 128
8016 00000000 128 128
8048 00002000 128 128
8052 00000000 128 128
8084 00002000 128 128
8088 00000000 128 128
8120 00002000 128 128
8124 00000000 128 128
8156 00002000 128 128
8160 00000000 128 128
8192 00002000 128 128
8196 00000000 128 128
8228 00002000 128 128
8232 00000000 128 128
8264 00002000 128 128
8268 00000000 128 128
8300 00002000 128 128
8304 00000000 128 128
8336 00002000 128 128
8340 00000000 128 128
8372 00002000 128 128
8376 00000000 128 128
8408 00002000 128 128
8412 00000000 128 128
8444 00002000 128 128
8448 00000000 128 128
8480 00002000 128 128
8484 00000000 128 128
8516 00002000 128 128
8520 00000000 128 128
8552 00002000 128 128
8556 00000000 128 128
8588 00002000 128 128
8592 00000000 128 128
8624 00002000 128 128
8628 00000000 128 128
8660 00002000 128 128
8664 00000000 128 128
8696 00002000 128 128
8700 00000000 128 128
8732 00002000 128 128
8736 00000000 128 128
8768 00002000 128 128
8772 00000000 128 128
8804 00002000 128 128
8808 00000000 128 128
8840 00002000 128 128
8844 00000000 128 128
8876 00002000 128 128
8880 00000000 128 128
8912 00002000 128 128
8916 00000000 128 128
8948 00002000 128 128
8952 00000000 128 128
8984 00002000 128 128
8988 00000000 128 128
9020 00002000 128 128
9024 00000000 128 128
9056 00002000 128 128
9060 00000000 128 128
9092 00002000 128 128
9096 00000000 128 128
9128 00002000 128 128
9132 00000000 128 128
9164 00002000 128 128
9168 00000000 128 128
9200 00002000 128 128
9204 00000000 128 128
9236 00002000 128 128
9240 00000000 128 128
9272 00002000 128 128
9276 00000000 128 128
9308 00002000 128 128
9312 00000000 128 128
9344 00002000 128 128
9348 00000000 128 128
9380 00002000 128 128
9384 00000000 128 128
9416 00002000 128 128
9420 00000000 128 128
9452 00002000 128 128
9456 00000000 128 128
9488 00002000 128 128
9492 00000000 128 128
9524 00002000 128 128
9528 00000000 128 128
9560 00002000 128 128
9564 00000000 128 128
9596 00002000 128 128
9600 00000000 128 128
9632 00002000 128 128
9636 00000000 128 128
9668 00002000 128 128
9672 00000000 128 128
9704 00002000 128 128
9708 00000000 128 128
9740 00002000 128 128
9744 00000000 128 128
9776 00002000 128 128
9780 00000000 128 128
9812 00002000 128 128
9816 00000000 128 128
9848 00002000 128 128
9852 00000000 128 128
9884 00002000 128 128
9888 00000000 128 128
9920 00002000 128 128
9924 00000000 128 128
9956 00002000 128 128
9960 00000000 128 128
9992 00002000 128 128
9996 00000000 128 128
10028 00002000 128 128
10032 00000000 128 128
10064 00002000 128 128
10068 00000000 128 128
10100 00002000 128 128
10104 00000000 128 128
10136 00002000 128 128
10140 00000000 128 128
10172 00002000 128 128
10176 00000000 128 128
10208 00002000 128 128
10212 00000000 128 128
10244 00002000 128 128
10248 00000000 128 128
10280 00002000 128 128
10284 00000000 128 128
10316 00002000 128 128
10320 00000000 128 128
10352 00002000 128 128
10356 00000000 128 128
10388 00002000 128 128
10392 00000000 128 128
10424 00002000 128 128
10428 00000000 128 128
10460 00002000 128 128
10464 00000000 128 128
10496 00002000 128 128
10500 00000000 128 128
10532 00002000 128 128
10536 00000000 128 128
10568 00002000 128 128
10572 00000000 128 128
10604 00002000 128 128
10608 00000000 128 128
10640 00002000 128 128
10644 00000000 128 128
10676 00002000 128 128
10680 00000000 128 128
10712 00002000 128 128
10716 00000000 128 128
10748 00002000 128 128
10752 00000000 128 128
10784 00002000 128 128
10788 00000000 128 128
10820 00002000 128 128
10824 00000000 128 128
10856 00002000 128 128
10860 00000000 128 128
10892 00002000 128 128
10896 00000000 128 128
10928 00002000 128 128
10932 00000000 128 128
10964 00002000 128 128
10968 00000000 128 128
11000 00002000 128 128
11004 00000000 128 128
11036 00002000 128 128
11040 00000000 128 128
11072 00002000 128 128
11076 00000000 128 128
11108 00002000 128 128
11112 00000000 128 128
11144 00002000 128 128
11148 00000000 128 128
11180 00002000 128 128
11184 00000000 128 128
11216 00002000 128 128
11220 00000000 128 128
11252 00002000 128 128
11256 00000000 128 128
11288 00002000 128 128
11292 00000000 128 128
11324 00002000 128 128
11328 00000000 128 128
11360 00002000 128 128
11364 00000000 128 128
11396 00002000 128 128
11400 00000000 128 128
11432 00002000 128 128
11436 00000000 128 128
11468 00002000 128 128
11472 00000000 128 128
11504 00002000 128 128
11508 00000000 128 128
11540 00002000 128 128
11544 00000000 128 128
11576 00002000 128 128
11580 00000000 128 128
11612 00002000 128 128
11616 00000000 128 128
11648 00002000 128 128
11652 00000000 128 128
11684 00002000 128 128
11688 00000000 128 128
11720 00002000 128 128
11724 00000000 128 128
11756 00002000 128 128
11760 00000000 128 128
11792 00002000 128 128
11796 00000000 128 128
11828 00002000 128 128
11832 00000000 128 128
11864 00002000 128 128
11868 00000000 128 128
11900 00002000 128 128
11904 00000000 128 128
11936 00002000 128 128
11940 00000000 128 128
11972 00002000 128 128
11976 00000000 128 128
12008 00002000 128 128
12012 00000000 128 128
12044 00002000 128 128
12048 00000000 128 128
12080 00002000 128 128
12084 00000000 128 128
12116 00002000 128 128
12120 00000000 128 128
12152 00002000 128 128
12156 00000000 128 128
12188 00002000 128 128
12192 00000000 128 128
12224 00002000 128 128
12228 00000000 128 128
12260 00002000 128 128
12264 00000000 128 128
12296 00002000 128 128
12300 00000000 128 128
12332 00002000 128 128
12336 00000000 128 128
12368 00002000 128 128
12372 00000000 128 128
12404 00002000 128 128
12408 00000000 128 128
12440 00002000 128 128
12444 00000000 128 128
12476 00002000 128 128
12480 00000000 128 128
12512 00002000 128 128
12516 00000000 128 128
12548 00002000 128 128
12552 00000000 128 128
12584 00002000 128 128
12588 00000000 128 128
12620 00002000 128 128
12624 00000000 128 128
12656 00002000 128 128
12660 00000000 128 128
12692 00002000 128 128
12696 00000000 128 128
12728 00002000 128 128
12732 00000000 128 128
12764 00002000 128 128
12768 00000000 128 128
12800 00002000 128 128
12804 00000000 128 128
12836 00002000 128 128
12840 00000000 128 128
12872 00002000 128 128
12876 00000000 128 128
12908 00002000 128 128
12912 00000000 128 128
12944 00002000 128 128
12948 00000000 128 128
12980 00002000 128 128
12984 00000000 128 128
13016 00002000 128 128
13020 00000000 128 128
13052 00002000 128 128
13056 00000000 128 128
13088 00002000 128 128
13092 00000000 128 128
13124 00002000 128 128
13128 00000000 128 128
13160 00002000 128 128
13164 00000000 128 128
13196 00002000 128 128
13200 00000000 128 128
13232 00002000 128 128
13236 00000000 128 128
13268 00002000 128 128
13272 00000000 128 128
13304 00002000 128 128
13308 00000000 128 128
13340 00002000 128 128
13344 00000000 128 128
13376 00002000 128 128
13380 00000000 128 128
13412 00002000 128 128
13416 00000000 128 128
13448 00002000 128 128
13452 00000000 128 128
13484 00002000 128 128
13488 00000000 128 128
13520 00002000 128 128
13524 00000000 128 128
13556 00002000 128 128
13560 00000000 128 128
13592 00002000 128 128
13596 00000000 128 128
13628 00002000 128 128
13632 00000000 128 128
13664 00002000 128 128
13668 00000000 128 128
13700 00002000 128 128
13704 00000000 128 128
13736 00002000 128 128
13740 00000000 128 128
13772 00002000 128 128
13776 00000000 128 128
13808 00002000 128 128
13812 00000000 128 128
13844 00002000 128 128
13848 00000000 128 128
13880 00002000 128 128
13884 00000000 128 128
13916 00002000 128 128
13920 00000000 128 128
13952 00002000 128 128
13956 00000000 128 128
13988 00002000 128 128
13992 00000000 128 128
14024 00002000 128 128
14028 00000000 128 128
14060 00002000 128 128
14064 00000000 128 128
14096 00002000 128 128
14100 00000000 128 128
14132 00002000 128 128
14136 00000000 128 128
14168 00002000 128 128
14172 00000000 128 128
14204 00002000 128 128
14208 00000000 128 128
14240 00002000 128 128
14244 00000000 128 128
14276 00002000 128 128
14280 00000000 128 128
14312 00002000 128 128
14316 00000000 128 128
14348 00002000 128 128
14352 00000000 128 128
14384 00002000 128 128
14388 00000000 128 128
14420 00002000 128 128
14424 00000000 128 128
14456 00002000 128 128
14460 00000000 128 128
14492 00002000 128 128
14496 00000000 128 128
14528 00002000 128 128
14532 00000000 128 128
14564 00002000 128 128
14568 00000000 128 128
14600 00002000 128 128
14604 00000000 128 128
14636 00002000 128 128
14640 00000000 128 128
14672 00002000 128 128
14676 00000000 128 128
14708 00002000 128 128
14712 00000000 128 128
14744 00002000 128 128
14748 00000000 128 128
14780 00002000 128 128
14784 00000000 128 128
14816 00002000 128 128
14820 00000000 128 128
14852 00002000 128 128
14856 00000000 128 128
14888 00002000 128 128
14892 00000000 128 128
14924 00002000 128 128
14928 00000000 128 128
14960 00002000 128 128
14964 00000000 128 128
14996 00002000 128 128
15000 00000000 128 128
15032 00002000 128 128
15036 00000000 128 128
15068 00002000 128 128
15072 00000000 128 128
15104 00002000 128 128
15108 00000000 128 128
15140 00002000 128 128
15144 00000000 128 128
15176 00002000 128 128
15180 00000000 128 128
15212 00002000 128 128
15216 00000000 128 128
15248 00002000 128 128
15252 00000000 128 128
15284 00002000 128 128
15288 00000000 128 128
15320 00002000 128 128
15324 00000000 128 128
15356 00002000 128 128
15360 00000000 128 128
15392 00002000 128 128
15396 00000000 128 128
15428 00002000 128 128
15432 00000000 128 128
15464 00002000 128 128
15468 00000000 128 128
15500 00002000 128 128
15504 00000000 128 128
15536 00002000 128 128
15540 00000000 128 128
15572 00002000 128 128
15576 00000000 128 128
15608 00002000 128 128
15612 00000000 128 128
15644 00002000 128 128
15648 00000000 128 128
15680 00002000 128 128
15684 00000000 128 128
15716 00002000 128 128
15720 00000000 128 128
15752 00002000 128 128
15756 00000000 128 128
15788 00002000 128 128
15792 00000000 128 128
15824 00002000 128 128
15828 00000000 128 128
15860 00002000 128 128
15864 00000000 128 128
15896 00002000 128 128
15900 00000000 128 128
15932 00002000 128 128
15936 00000000 128 128
15968 00002000 128 128
15972 00000000 128 128
16004 00002000 128 128
16008 00000000 128 128
16040 00002000 128 128
16044 00000000 128 128
16076 00002000 128 128
16080 00000000 128 128
16112 00002000 128 128
16116 00000000 128 128
16148 00002000 128 128
16152 00000000 128 128
16184 00002000 128 128
16188 00000000 128 128
16220 00002000 128 128
16224 00000000 128 128
16256 00002000 128 128
16260 00000000 128 128
16292 00002000 128 128
16296 00000000 128 128
16328 00002000 128 128
16332 00000000 128 128
16364 00002000 128 128
16368 00000000 128 128
16400 00002000 128 128
16404 00000000 128 128
16436 00002000 128 128
16440 00000000 128 128
16472 00002000 128 128
16476 00000000 128 128
16508 00002000 128 128
16512 00000000 128 128
16544 00002000 128 128
16548 00000000 128 128
16580 00002000 128 128
16584 00000000 128 128
16616 00002000 128 128
16620 00000000 128 128
16772 00004000 128 128
16776 00000000 128 128
16808 00004000 128 128
16812 00000000 128 128
16844 00004000 128 128
16848 00000000 128 128
16880 00004000 128 128
16884 00000000 128 128
16916 00004000 128 128
16920 00000000 128 128
16952 00004000 128 128
16956 00000000 128 128
16988 00004000 128 128
16992 00000000 128 128
17024 00004000 128 128
17028 00000000 128 128
17060 00004000 128 128
17064 00000000 128 128
17096 00004000 128 128
17100 00000000 128 128
17132 00004000 128 128
17136 00000000 128 128
17168 00004000 128 128
17172 00000000 128 128
17204 00004000 128 128
17208 00000000 128 128
17240 00004000 128 128
17244 00000000 128 128
17276 00004000 128 128
17280 00000000 128 128
17312 00004000 128 128
17316 00000000 128 128
17348 00004000 128 128
17352 00000000 128 128
17384 00004000 128 128
17388 00000000 128 128
17420 00004000 128 128
17424 00000000 128 128
17456 00004000 128 128
17460 00000000 128 128
17552 00000010 128 128
18452 00000000 128 128
18754 00002000 128 128
18758 00000000 128 128
18790 00002000 128 128
18794 00000000 128 128
18826 00002000 128 128
18830 00000000 128 128
18862 00002000 128 128
18866 00000000 128 128
18898 00002000 128 128
18902 00000000 128 128
18934 00002000 128 128
18938 00000000 128 128
18970 00002000 128 128
18974 00000000 128 128
19006 00002000 128 128
19010 00000000 128 128
19042 00002000 128 128
19046 00000000 128 128
19078 00002000 128 128
19082 00000000 128 128
19114 00002000 128 128
19118 00000000 128 128
19150 00002000 128 128
19154 00000000 128 128
19186 00002000 128 128
19190 00000000 128 128
19222 00002000 128 128
19226 00000000 128 128
19258 00002000 128 128
19262 00000000 128 128
19294 00002000 128 128
19298 00000000 128 128
19330 00002000 128 128
19334 00000000 128 128
19366 00002000 128 128
19370 00000000 128 128
19402 00002000 128 128
19406 00000000 128 128
19438 00002000 128 128
19442 00000000 128 128
19474 00002000 128 128
19478 00000000 128 128
19510 00002000 128 128
19514 00000000 128 128
19546 00002000 128 128
19550 00000000 128 128
19582 00002000 128 128
19586 00000000 128 128
19618 00002000 128 128
19622 00000000 128 128
19654 00002000 128 128
19658 00000000 128 128
19690 00002000 128 128
19694 00000000 128 128
19726 00002000 128 128
19730 00000000 128 128
19762 00002000 128 128
19766 00000000 128 128
19798 00002000 128 128
19802 00000000 128 128
19834 00002000 128 128
19838 00000000 128 128
19870 00002000 128 128
19874 00000000 128 128
19906 00002000 128 128
19910 00000000 128 128
19942 00002000 128 128
19946 00000000 128 128
19978 00002000 128 128
19982 00000000 128 128
20014 00002000 128 128
20018 00000000 128 128
20050 00002000 128 128
20054 00000000 128 128
20086 00002000 128 128
20090 00000000 128 128
20122 00002000 128 128
20126 00000000 128 128
20158 00002000 128 128
20162 00000000 128 128
20194 00002000 128 128
20198 00000000 128 128
20230 00002000 128 128
20234 00000000 128 128
20266 00002000 128 128
20270 00000000 128 128
20302 00002000 128 128
20306 00000000 128 128
20338 00002000 128 128
20342 00000000 128 128
20374 00002000 128 128
20378 00000000 128 128
20410 00002000 128 128
20414 00000000 128 128
20446 00002000 128 128
20450 00000000 128 128
20482 00002000 128 128
20486 00000000 128 128
20518 00002000 128 128
20522 00000000 128 128
20554 00002000 128 128
20558 00000000 128 128
20590 00002000 128 128
20594 00000000 128 128
20626 00002000 128 128
20630 00000000 128 128
20662 00002000 128 128
20666 00000000 128 128
20698 00002000 128 128
20702 00000000 128 128
20734 00002000 128 128
20738 00000000 128 128
20770 00002000 128 128
20774 00000000 128 128
20806 00002000 128 128
20810 00000000 128 128
20842 00002000 128 128
20846 00000000 128 128
20878 00002000 128 128
20882 00000000 128 128
20914 00002000 128 128
20918 00000000 128 128
20950 00002000 128 128
20954 00000000 128 128
20986 00002000 128 128
20990 00000000 128 128
21022 00002000 128 128
21026 00000000 128 128
21058 00002000 128 128
21062 00000000 128 128
21094 00002000 128 128
21098 00000000 128 128
21130 00002000 128 128
21134 00000000 128 128
21166 00002000 128 128
21170 00000000 128 128
21202 00002000 128 128
21206 00000000 128 128
21238 00002000 128 128
21242 00000000 128 128
21274 00002000 128 128
21278 00000000 128 128
21310 00002000 128 128
21314 00000000 128 128
21346 00002000 128 128
21350 00000000 128 128
21382 00002000 128 128
21386 00000000 128 128
21418 00002000 128 128
21422 00000000 128 128
21454 00002000 128 128
21458 00000000 128 128
21490 00002000 128 128
21494 00000000 128 128
21526 00002000 128 128
21530 00000000 128 128
21562 00002000 128 128
21566 00000000 128 128
21598 00002000 128 128
21602 00000000 128 128
21634 00002000 128 128
21638 00000000 128 128
21670 00002000 128 128
21674 00000000 128 128
21706 00002000 128 128
21710 00000000 128 128
21742 00002000 128 128
21746 00000000 128 128
21778 00002000 128 128
21782 00000000 128 128
21814 00002000 128 128
21818 00000000 128 128
21850 00002000 128 128
21854 00000000 128 128
21886 00002000 128 128
21890 00000000 128 128
21922 00002000 128 128
21926 00000000 128 128
21958 00002000 128 128
21962 00000000 128 128
21994 00002000 128 128
21998 00000000 128 128
22030 00002000 128 128
22034 00000000 128 128
22066 00002000 128 128
22070 00000000 128 128
22102 00002000 128 128
22106 00000000 128 128
22138 00002000 128 128
22142 00000000 128 128
22174 00002000 128 128
22178 00000000 128 128
22210 00002000 128 128
22214 00000000 128 128
22246 00002000 128 128
22250 00000000 128 128
22282 00002000 128 128
22286 00000000 128 128
22318 00002000 128 128
22322 00000000 128 128
22354 00002000 128 128
22358 00000000 128 128
22390 00002000 128 128
22394 00000000 128 128
22426 00002000 128 128
22430 00000000 128 128
22462 00002000 128 128
22466 00000000 128 128
22498 00002000 128 128
22502 00000000 128 128
22534 00002000 128 128
22538 00000000 128 128
22570 00002000 128 128
22574 00000000 128 128
22606 00002000 128 128
22610 00000000 128 128
22642 00002000 128 128
22646 00000000 128 128
22678 00002000 128 128
22682 00000000 128 128
22714 00002000 128 128
22718 00000000 128 128
22750 00002000 128 128
22754 00000000 128 128
22786 00002000 128 128
22790 00000000 128 128
22822 00002000 128 128
22826 00000000 128 128
22858 00002000 128 128
22862 00000000 128 128
22894 00002000 128 128
22898 00000000 128 128
22930 00002000 128 128
22934 00000000 128 128
22966 00002000 128 128
22970 00000000 128 128
23002 00002000 128 128
23006 00000000 128 128
23038 00002000 128 128
23042 00000000 128 128
23074 00002000 128 128
23078 00000000 128 128
23110 00002000 128 128
23114 00000000 128 128
23146 00002000 128 128
23150 00000000 128 128
23182 00002000 128 128
23186 00000000 128 128
23218 00002000 128 128
23222 00000000 128 128
23254 00002000 128 128
23258 00000000 128 128
23290 00002000 128 128
23294 00000000 128 128
23326 00002000 128 128
23330 00000000 128 128
23362 00002000 128 128
23366 00000000 128 128
23398 00002000 128 128
23402 00000000 128 128
23434 00002000 128 128
23438 00000000 128 128
23470 00002000 128 128
23474 00000000 128 128
23506 00002000 128 128
23510 00000000 128 128
23542 00002000 128 128
23546 00000000 128 128
23578 00002000 128 128
23582 00000000 128 128
23614 00002000 128 128
23618 00000000 128 128
23650 00002000 128 128
23654 00000000 128 128
23686 00002000 128 128
23690 00000000 128 128
23722 00002000 128 128
23726 00000000 128 128
23758 00002000 128 128
23762 00000000 128 128
23794 00002000 128 128
23798 00000000 128 128
23830 00002000 128 128
23834 00000000 128 128
23866 00002000 128 128
23870 00000000 128 128
23902 00002000 128 128
23906 00000000 128 128
23938 00002000 128 128
23942 00000000 128 128
23974 00002000 128 128
23978 00000000 128 128
24010 00002000 128 128
24014 00000000 128 128
24046 00002000 128 128
24050 00000000 128 128
24082 00002000 128 128
24086 00000000 128 128
24118 00002000 128 128
24122 00000000 128 128
24154 00002000 128 128
24158 00000000 128 128
24190 00002000 128 128
24194 00000000 128 128
24226 00002000 128 128
24230 00000000 128 128
24262 00002000 128 128
24266 00000000 128 128
24298 00002000 128 128
24302 00000000 128 128
24334 00002000 128 128
24338 00000000 128 128
24370 00002000 128 128
24374 00000000 128 128
24406 00002000 128 128
24410 00000000 128 128
24442 00002000 128 128
24446 00000000 128 128
24478 00002000 128 128
24482 00000000 128 128
24514 00002000 128 128
24518 00000000 128 128
24550 00002000 128 128
24554 00000000 128 128
24586 00002000 128 128
24590 00000000 128 128
24622 00002000 128 128
24626 00000000 128 128
24658 00002000 128 128
24662 00000000 128 128
24694 00002000 128 128
24698 00000000 128 128
24730 00002000 128 128
24734 00000000 128 128
24766 00002000 128 128
24770 00000000 128 128
24802 00002000 128 128
24806 00000000 128 128
24838 00002000 128 128
24842 00000000 128 128
24874 00002000 128 128
24878 00000000 128 128
24910 00002000 128 128
24914 00000000 128 128
24946 00002000 128 128
24950 00000000 128 128
24982 00002000 128 128
24986 00000000 128 128
25018 00002000 128 128
25022 00000000 128 128
25054 00002000 128 128
25058 00000000 128 128
25090 00002000 128 128
25094 00000000 128 128
25126 00002000 128 128
25130 00000000 128 128
25162 00002000 128 128
25166 00000000 128 128
25198 00002000 128 128
25202 00000000 128 128
25234 00002000 128 128
25238 00000000 128 128
25270 00002000 128 128
25274 00000000 128 128
25306 00002000 128 128
25310 00000000 128 128
25342 00002000 128 128
25346 00000000 128 128
25378 00002000 128 128
25382 00000000 128 128
25414 00002000 128 128
25418 00000000 128 128
25450 00002000 128 128
25454 00000000 128 128
25486 00002000 128 128
25490 00000000 128 128
25522 00002000 128 128
25526 00000000 128 128
25558 00002000 128 128
25562 00000000 128 128
25594 00002000 128 128
25598 00000000 128 128
25630 00002000 128 128
25634 00000000 128 128
25666 00002000 128 128
25670 00000000 128 128
25702 00002000 128 128
25706 00000000 128 128
25738 00002000 128 128
25742 00000000 128 128
25774 00002000 128 128
25778 00000000 128 128
25810 00002000 128 128
25814 00000000 128 128
25846 00002000 128 128
25850 00000000 128 128
25882 00002000 128 128
25886 00000000 128 128
25918 00002000 128 128
25922 00000000 128 128
25954 00002000 128 128
25958 00000000 128 128
25990 00002000 128 128
25994 00000000 128 128
26026 00002000 128 128
26030 00000000 128 128
26062 00002000 128 128
26066 00000000 128 128
26098 00002000 128 128
26102 00000000 128 128
26134 00002000 128 128
26138 00000000 128 128
26170 00002000 128 128
26174 00000000 128 128
26206 00002000 128 128
26210 00000000 128 128
26242 00002000 128 128
26246 00000000 128 128
26278 00002000 128 128
26282 00000000 128 128
26314 00002000 128 128
26318 00000000 128 128
26350 00002000 128 128
26354 00000000 128 128
26386 00002000 128 128
26390 00000000 128 128
26422 00002000 128 128
26426 00000000 128 128
26458 00002000 128 128
26462 00000000 128 128
26494 00002000 128 128
26498 00000000 128 128
26530 00002000 128 128
26534 00000000 128 128
26566 00002000 128 128
26570 00000000 128 128
26602 00002000 128 128
26606 00000000 128 128
26638 00002000 128 128
26642 00000000 128 128
26674 00002000 128 128
26678 00000000 128 128
26710 00002000 128 128
26714 00000000 128 128
26746 00002000 128 128
26750 00000000 128 128
26782 00002000 128 128
26786 00000000 128 128
26818 00002000 128 128
26822 00000000 128 128
26854 00002000 128 128
26858 00000000 128 128
26890 00002000 128 128
26894 00000000 128 128
26926 00002000 128 128
26930 00000000 128 128
26962 00002000 128 128
26966 00000000 128 128
26998 00002000 128 128
27002 00000000 128 128
27034 00002000 128 128
27038 00000000 128 128
27070 00002000 128 128
27074 00000000 128 128
27106 00002000 128 128
27110 00000000 128 128
27142 00002000 128 128
27146 00000000 128 128
27178 00002000 128 128
27182 00000000 128 128
27214 00002000 128 128
27218 00000000 128 128
27250 00002000 128 128
27254 00000000 128 128
27286 00002000 128 128
27290 00000000 128 128
27322 00002000 128 128
27326 00000000 128 128
27358 00002000 128 128
27362 00000000 128 128
27394 00002000 128 128
27398 00000000 128 128
27430 00002000 128 128
27434 00000000 128 128
27466 00002000 128 128
27470 00000000 128 128
27502 00002000 128 128
27506 00000000 128 128
27538 00002000 128 128
27542 00000000 128 128
27574 00002000 128 128
27578 00000000 128 128
27610 00002000 128 128
27614 00000000 128 128
27646 00002000 128 128
27650 00000000 128 128
27682 00002000 128 128
27686 00000000 128 128
27718 00002000 128 128
27722 00000000 128 128
27754 00002000 128 128
27758 00000000 128 128
27790 00002000 128 128
27794 00000000 128 128
27826 00002000 128 128
27830 00000000 128 128
27862 00002000 128 128
27866 00000000 128 128
27898 00002000 128 128
27902 00000000 128 128
27934 00002000 128 128
27938 00000000 128 128
27970 00002000 128 128
27974 00000000 128 128
28006 00002000 128 128
28010 00000000 128 128
28042 00002000 128 128
28046 00000000 128 128
28078 00002000 128 128
28082 00000000 128 128
28114 00002000 128 128
28118 00000000 128 128
28150 00002000 128 128
28154 00000000 128 128
28186 00002000 128 128
28190 00000000 128 128
28222 00002000 128 128
28226 00000000 128 128
28258 00002000 128 128
28262 00000000 128 128
28294 00002000 128 128
28298 00000000 128 128
28330 00002000 128 128
28334 00000000 128 128
28366 00002000 128 128
28370 00000000 128 128
28402 00002000 128 128
28406 00000000 128 128
28438 00002000 128 128
28442 00000000 128 128
28474 00002000 128 128
28478 00000000 128 128
28510 00002000 128 128
28514 00000000 128 128
28546 00002000 128 128
28550 00000000 128 128
28582 00002000 128 128
28586 00000000 128 128
28618 00002000 128 128
28622 00000000 128 128
28654 00002000 128 128
28658 00000000 128 128
28690 00002000 128 128
28694 00000000 128 128
28726 00002000 128 128
28730 00000000 128 128
28762 00002000 128 128
28766 00000000 128 128
28798 00002000 128 128
28802 00000000 128 128
28834 00002000 128 128
28838 00000000 128 128
28870 00002000 128 128
28874 00000000 128 128
28906 00002000 128 128
28910 00000000 128 128
28942 00002000 128 128
28946 00000000 128 128
28978 00002000 128 128
28982 00000000 128 128
29014 00002000 128 128
29018 00000000 128 128
29050 00002000 128 128
29054 00000000 128 128
29086 00002000 128 128
29090 00000000 128 128
29122 00002000 128 128
29126 00000000 128 128
29158 00002000 128 128
29162 00000000 128 128
29194 00002000 128 128
29198 00000000 128 128
29230 00002000 128 128
29234 00000000 128 128
29266 00002000 128 128
29270 00000000 128 128
29302 00002000 128 128
29306 00000000 128 128
29338 00002000 128 128
29342 00000000 128 128
29374 00002000 128 128
29378 00000000 128 128
29410 00002000 128 128
29414 00000000 128 128
29446 00002000 128 128
29450 00000000 128 128
29482 00002000 128 128
29486 00000000 128 128
29518 00002000 128 128
29522 00000000 128 128
29674 00004000 128 128
29678 00000000 128 128
29710 00004000 128 128
29714 00000000 128 128
29746 00004000 128 128
29750 00000000 128 128
29782 00004000 128 128
29786 00000000 128 128
29818 00004000 128 128
29822 00000000 128 128
29854 00004000 128 128
29858 00000000 128 128
29890 00004000 128 128
29894 00000000 128 128
29926 00004000 128 128
29930 00000000 128 128
29962 00004000 128 128
29966 00000000 128 128
29998 00004000 128 128
30002 00000000 128 128
30034 00004000 128 128
30038 00000000 128 128
30070 00004000 128 128
30074 00000000 128 128
30106 00004000 128 128
30110 00000000 128 128
30142 00004000 128 128
30146 00000000 128 128
30178 00004000 128 128
30182 00000000 128 128
30214 00004000 128 128
30218 00000000 128 128
30250 00004000 128 128
30254 00000000 128 128
30286 00004000 128 128
30290 00000000 128 128
30322 00004000 128 128
30326 00000000 128 128
30358 00004000 128 128
30362 00000000 128 128
30454 00000010 128 128
31354 00000000 128 128
31656 00002000 128 128
31660 00000000 128 128
31692 00002000 128 128
31696 00000000 128 128
31728 00002000 128 128
31732 00000000 128 128
31764 00002000 128 128
31768 00000000 128 128
31800 00002000 128 128
31804 00000000 128 128
31836 00002000 128 128
31840 00000000 128 128
31872 00002000 128 128
31876 00000000 128 128
31908 00002000 128 128
31912 00000000 128 128
31944 00002000 128 128
31948 00000000 128 128
31980 00002000 128 128
31984 00000000 128 128
32016 00002000 128 128
32020 00000000 128 128
32052 00002000 128 128
32056 00000000 128 128
32088 00002000 128 128
32092 00000000 128 128
32124 00002000 128 128
32128 00000000 128 128
32160 00002000 128 128
32164 00000000 128 128
32196 00002000 128 128
32200 00000000 128 128
32232 00002000 128 128
32236 00000000 128 128
32268 00002000 128 128
32272 00000000 128 128
32304 00002000 128 128
32308 00000000 128 128
32340 00002000 128 128
32344 00000000 128 128
32376 00002000 128 128
32380 00000000 128 128
32412 00002000 128 128
32416 00000000 128 128
32448 00002000 128 128
32452 00000000 128 128
32484 00002000 128 128
32488 00000000 128 128
32520 00002000 128 128
32524 00000000 128 128
32556 00002000 128 128
32560 00000000 128 128
32592 00002000 128 128
32596 00000000 128 128
32628 00002000 128 128
32632 00000000 128 128
32664 00002000 128 128
32668 00000000 128 128
32700 00002000 128 128
32704 00000000 128 128
32736 00002000 128 128
32740 00000000 128 128
32772 00002000 128 128
32776 00000000 128 128
32808 00002000 128 128
32812 00000000 128 128
32844 00002000 128 128
32848 00000000 128 128
32880 00002000 128 128
32884 00000000 128 128
32916 00002000 128 128
32920 00000000 128 128
32952 00002000 128 128
32956 00000000 128 128
32988 00002000 128 128
32992 00000000 128 128
33024 00002000 128 128
33028 00000000 128 128
33060 00002000 128 128
33064 00000000 128 128
33096 00002000 128 128
33100 00000000 128 128
33132 00002000 128 128
33136 00000000 128 128
33168 00002000 128 128
33172 00000000 128 128
33204 00002000 128 128
33208 00000000 128 128
33240 00002000 128 128
33244 00000000 128 128
33276 00002000 128 128
33280 00000000 128 128
33312 00002000 128 128
33316 00000000 128 128
33348 00002000 128 128
33352 00000000 128 128
33384 00002000 128 128
33388 00000000 128 128
33420 00002000 128 128
33424 00000000 128 128
33456 00002000 128 128
33460 00000000 128 128
33492 00002000 128 128
33496 00000000 128 128
33528 00002000 128 128
33532 00000000 128 128
33564 00002000 128 128
33568 00000000 128 128
33600 00002000 128 128
33604 00000000 128 128
33636 00002000 128 128
33640 00000000 128 128
33672 00002000 128 128
33676 00000000 128 128
33708 00002000 128 128
33712 00000000 128 128
33744 00002000 128 128
33748 00000000 128 128
33780 00002000 128 128
33784 00000000 128 128
33816 00002000 128 128
33820 00000000 128 128
33852 00002000 128 128
33856 00000000 128 128
33888 00002000 128 128
33892 00000000 128 128
33924 00002000 128 128
33928 00000000 128 128
33960 00002000 128 128
33964 00000000 128 128
33996 00002000 128 128
34000 00000000 128 128
34032 00002000 128 128
34036 00000000 128 128
34068 00002000 128 128
34072 00000000 128 128
34104 00002000 128 128
34108 00000000 128 128
34140 00002000 128 128
34144 00000000 128 128
34176 00002000 128 128
34180 00000000 128 128
34212 00002000 128 128
34216 00000000 128 128
34248 00002000 128 128
34252 00000000 128 128
34284 00002000 128 128
34288 00000000 128 128
34320 00002000 128 128
34324 00000000 128 128
34356 00002000 128 128
34360 00000000 128 128
34392 00002000 128 128
34396 00000000 128 128
34428 00002000 128 128
34432 00000000 128 128
34464 00002000 128 128
34468 00000000 128 128
34500 00002000 128 128
34504 00000000 128 128
34536 00002000 128 128
34540 00000000 128 128
34572 00002000 128 128
34576 00000000 128 128
34608 00002000 128 128
34612 00000000 128 128
34644 00002000 128 128
34648 00000000 128 128
34680 00002000 128 128
34684 00000000 128 128
34716 00002000 128 128
34720 00000000 128 128
34752 00002000 128 128
34756 00000000 128 128
34788 00002000 128 128
34792 00000000 128 128
34824 00002000 128 128
34828 00000000 128 128
34860 00002000 128 128
34864 00000000 128 128
34896 00002000 128 128
34900 00000000 128 128
34932 00002000 128 128
34936 00000000 128 128
34968 00002000 128 128
34972 00000000 128 128
35004 00002000 128 128
35008 00000000 128 128
35040 00002000 128 128
35044 00000000 128 128
35076 00002000 128 128
35080 00000000 128 128
35112 00002000 128 128
35116 00000000 128 128
35148 00002000 128 128
35152 00000000 128 128
35184 00002000 128 128
35188 00000000 128 128
35220 00002000 128 128
35224 00000000 128 128
35256 00002000 128 128
35260 00000000 128 128
35292 00002000 128 128
35296 00000000 128 128
35328 00002000 128 128
35332 00000000 128 128
35364 00002000 128 128
35368 00000000 128 128
35400 00002000 128 128
35404 00000000 128 128
35436 00002000 128 128
35440 00000000 128 128
35472 00002000 128 128
35476 00000000 128 128
35508 00002000 128 128
35512 00000000 128 128
35544 00002000 128 128
35548 00000000 128 128
35580 00002000 128 128
35584 00000000 128 128
35616 00002000 128 128
35620 00000000 128 128
35652 00002000 128 128
35656 00000000 128 128
35688 00002000 128 128
35692 00000000 128 128
35724 00002000 128 128
35728 00000000 128 128
35760 00002000 128 128
35764 00000000 128 128
35796 00002000 128 128
35800 00000000 128 128
35832 00002000 128 128
35836 00000000 128 128
35868 00002000 128 128
35872 00000000 128 128
35904 00002000 128 128
35908 00000000 128 128
35940 00002000 128 128
35944 00000000 128 128
35976 00002000 128 128
35980 00000000 128 128
36012 00002000 128 128
36016 00000000 128 128
36048 00002000 128 128
36052 00000000 128 128
36084 00002000 128 128
36088 00000000 128 128
36120 00002000 128 128
36124 00000000 128 128
36156 00002000 128 128
36160 00000000 128 128
36192 00002000 128 128
36196 00000000 128 128
36228 00002000 128 128
36232 00000000 128 128
36264 00002000 128 128
36268 00000000 128 128
36300 00002000 128 128
36304 00000000 128 128
36336 00002000 128 128
36340 00000000 128 128
36372 00002000 128 128
36376 00000000 128 128
36408 00002000 128 128
36412 00000000 128 128
36444 00002000 128 128
36448 00000000 128 128
36480 00002000 128 128
36484 00000000 128 128
36516 00002000 128 128
36520 00000000 128 128
36552 00002000 128 128
36556 00000000 128 128
36588 00002000 128 128
36592 00000000 128 128
36624 00002000 128 128
36628 00000000 128 128
36660 00002000 128 128
36664 00000000 128 128
36696 00002000 128 128
36700 00000000 128 128
36732 00002000 128 128
36736 00000000 128 128
36768 00002000 128 128
36772 00000000 128 128
36804 00002000 128 128
36808 00000000 128 128
36840 00002000 128 128
36844 00000000 128 128
36876 00002000 128 128
36880 00000000 128 128
36912 00002000 128 128
36916 00000000 128 128
36948 00002000 128 128
36952 00000000 128 128
36984 00002000 128 128
36988 00000000 128 128
37020 00002000 128 128
37024 00000000 128 128
37056 00002000 128 128
37060 00000000 128 128
37092 00002000 128 128
37096 00000000 128 128
37128 00002000 128 128
37132 00000000 128 128
37164 00002000 128 128
37168 00000000 128 128
37200 00002000 128 128
37204 00000000 128 128
37236 00002000 128 128
37240 00000000 128 128
37272 00002000 128 128
37276 00000000 128 128
37308 00002000 128 128
37312 00000000 128 128
37344 00002000 128 128
37348 00000000 128 128
37380 00002000 128 128
37384 00000000 128 128
37416 00002000 128 128
37420 00000000 128 128
37452 00002000 128 128
37456 00000000 128 128
37488 00002000 128 128
37492 00000000 128 128
37524 00002000 128 128
37528 00000000 128 128
37560 00002000 128 128
37564 00000000 128 128
37596 00002000 128 128
37600 00000000 128 128
37632 00002000 128 128
37636 00000000 128 128
37668 00002000 128 128
37672 00000000 128 128
37704 00002000 128 128
37708 00000000 128 128
37740 00002000 128 128
37744 00000000 128 128
37776 00002000 128 128
37780 00000000 128 128
37812 00002000 128 128
37816 00000000 128 128
37848 00002000 128 128
37852 00000000 128 128
37884 00002000 128 128
37888 00000000 128 128
37920 00002000 128 128
37924 00000000 128 128
37956 00002000 128 128
37960 00000000 128 128
37992 00002000 128 128
37996 00000000 128 128
38028 00002000 128 128
38032 00000000 128 128
38064 00002000 128 128
38068 00000000 128 128
38100 00002000 128 128
38104 00000000 128 128
38136 00002000 128 128
38140 00000000 128 128
38172 00002000 128 128
38176 00000000 128 128
38208 00002000 128 128
38212 00000000 128 128
38244 00002000 128 128
38248 00000000 128 128
38280 00002000 128 128
38284 00000000 128 128
38316 00002000 128 128
38320 00000000 128 128
38352 00002000 128 128
38356 00000000 128 128
38388 00002000 128 128
38392 00000000 128 128
38424 00002000 128 128
38428 00000000 128 128
38460 00002000 128 128
38464 00000000 128 128
38496 00002000 128 128
38500 00000000 128 128
38532 00002000 128 128
38536 00000000 128 128
38568 00002000 128 128
38572 00000000 128 128
38604 00002000 128 128
38608 00000000 128 128
38640 00002000 128 128
38644 00000000 128 128
38676 00002000 128 128
38680 00000000 128 128
38712 00002000 128 128
38716 00000000 128 128
38748 00002000 128 128
38752 00000000 128 128
38784 00002000 128 128
38788 00000000 128 128
38820 00002000 128 128
38824 00000000 128 128
38856 00002000 128 128
38860 00000000 128 128
38892 00002000 128 128
38896 00000000 128 128
38928 00002000 128 128
38932 00000000 128 128
38964 00002000 128 128
38968 00000000 128 128
39000 00002000 128 128
39004 00000000 128 128
39036 00002000 128 128
39040 00000000 128 128
39072 00002000 128 128
39076 00000000 128 128
39108 00002000 128 128
39112 00000000 128 128
39144 00002000 128 128
39148 00000000 128 128
39180 00002000 128 128
39184 00000000 128 128
39216 00002000 128 128
39220 00000000 128 128
39252 00002000 128 128
39256 00000000 128 128
39288 00002000 128 128
39292 00000000 128 128
39324 00002000 128 128
39328 00000000 128 128
39360 00002000 128 128
39364 00000000 128 128
39396 00002000 128 128
39400 00000000 128 128
39432 00002000 128 128
39436 00000000 128 128
39468 00002000 128 128
39472 00000000 128 128
39504 00002000 128 128
39508 00000000 128 128
39540 00002000 128 128
39544 00000000 128 128
39576 00002000 128 128
39580 00000000 128 128
39612 00002000 128 128
39616 00000000 128 128
39648 00002000 128 128
39652 00000000 128 128
39684 00002000 128 128
39688 00000000 128 128
39720 00002000 128 128
39724 00000000 128 128
39756 00002000 128 128
39760 00000000 128 128
39792 00002000 128 128
39796 00000000 128 128
39828 00002000 128 128
39832 00000000 128 128
39864 00002000 128 128
39868 00000000 128 128
39900 00002000 128 128
39904 00000000 128 128
39936 00002000 128 128
39940 00000000 128 128
39972 00002000 128 128
39976 00000000 128 128
40008 00002000 128 128
40012 00000000 128 128
40044 00002000 128 128
40048 00000000 128 128
40080 00002000 128 128
40084 00000000 128 128
40116 00002000 128 128
40120 00000000 128 128
40152 00002000 128 128
40156 00000000 128 128
40188 00002000 128 128
40192 00000000 128 128
40224 00002000 128 128
40228 00000000 128 128
40260 00002000 128 128
40264 00000000 128 128
40296 00002000 128 128
40300 00000000 128 128
40332 00002000 128 128
40336 00000000 128 128
40368 00002000 128 128
40372 00000000 128 128
40404 00002000 128 128
40408 00000000 128 128
40440 00002000 128 128
40444 00000000 128 128
40476 00002000 128 128
40480 00000000 128 128
40512 00002000 128 128
40516 00000000 128 128
40548 00002000 128 128
40552 00000000 128 128
40584 00002000 128 128
40588 00000000 128 128
40620 00002000 128 128
40624 00000000 128 128
40656 00002000 128 128
40660 00000000 128 128
40692 00002000 128 128
40696 00000000 128 128
40728 00002000 128 128
40732 00000000 128 128
40764 00002000 128 128
40768 00000000 128 128
40800 00002000 128 128
40804 00000000 128 128
40836 00002000 128 128
40840 00000000 128 128
40872 00002000 128 128
40876 00000000 128 128
40908 00002000 128 128
40912 00000000 128 128
40944 00002000 128 128
40948 00000000 128 128
40980 00002000 128 128
40984 00000000 128 128
41016 00002000 128 128
41020 00000000 128 128
41052 00002000 128 128
41056 00000000 128 128
41088 00002000 128 128
41092 00000000 128 128
41124 00002000 128 128
41128 00000000 128 128
41160 00002000 128 128
41164 00000000 128 128
41196 00002000 128 128
41200 00000000 128 128
41232 00002000 128 128
41236 00000000 128 128
41268 00002000 128 128
41272 00000000 128 128
41304 00002000 128 128
41308 00000000 128 128
41340 00002000 128 128
41344 00000000 128 128
41376 00002000 128 128
41380 00000000 128 128
41412 00002000 128 128
41416 00000000 128 128
41448 00002000 128 128
41452 00000000 128 128
41484 00002000 128 128
41488 00000000 128 128
41520 00002000 128 128
41524 00000000 128 128
41556 00002000 128 128
41560 00000000 128 128
41592 00002000 128 128
41596 00000000 128 128
41628 00002000 128 128
41632 00000000 128 128
41664 00002000 128 128
41668 00000000 128 128
41700 00002000 128 128
41704 00000000 128 128
41736 00002000 128 128
41740 00000000 128 128
41772 00002000 128 128
41776 00000000 128 128
41808 00002000 128 128
41812 00000000 128 128
41844 00002000 128 128
41848 00000000 128 128
41880 00002000 128 128
41884 00000000 128 128
41916 00002000 128 128
41920 00000000 128 128
41952 00002000 128 128
41956 00000000 128 128
41988 00002000 128 128
41992 00000000 128 128
42024 00002000 128 128
42028 00000000 128 128
42060 00002000 128 128
42064 00000000 128 128
42096 00002000 128 128
42100 00000000 128 128
42132 00002000 128 128
42136 00000000 128 128
42168 00002000 128 128
42172 00000000 128 128
42204 00002000 128 128
42208 00000000 128 128
42240 00002000 128 128
42244 00000000 128 128
42276 00002000 128 128
42280 00000000 128 128
42312 00002000 128 128
42316 00000000 128 128
42348 00002000 128 128
42352 00000000 128 128
42384 00002000 128 128
42388 00000000 128 128
42420 00002000 128 128
42424 00000000 128 128
42456 00002000 128 128
42460 00000000 128 128
42492 00002000 128 128
42496 00000000 128 128
42528 00002000 128 128
42532 00000000 128 128
42564 00002000 128 128
42568 00000000 128 128
42600 00002000 128 128
42604 00000000 128 128
42636 00002000 128 128
42640 00000000 128 128
42672 00002000 128 128
42676 00000000 128 128
42708 00002000 128 128
42712 00000000 128 128
42744 00002000 128 128
42748 00000000 128 128
42780 00002000 128 128
42784 00000000 128 128
42816 00002000 128 128
42820 00000000 128 128
42852 00002000 128 128
42856 00000000 128 128
42888 00002000 128 128
42892 00000000 128 128
42924 00002000 128 128
42928 00000000 128 128
42960 00002000 128 128
42964 00000000 128 128
42996 00002000 128 128
43000 00000000 128 128
43032 00002000 128 128
43036 00000000 128 128
43068 00002000 128 128
43072 00000000 128 128
43104 00002000 128 128
43108 00000000 128 128
43140 00002000 128 128
43144 00000000 128 128
43176 00002000 128 128
43180 00000000 128 128
43212 00002000 128 128
43216 00000000 128 128
43248 00002000 128 128
43252 00000000 128 128
43284 00002000 128 128
43288 00000000 128 128
43320 00002000 128 128
43324 00000000 128 128
43356 00002000 128 128
43360 00000000 128 128
43392 00002000 128 128
43396 00000000 128 128
43428 00002000 128 128
43432 00000000 128 128
43464 00002000 128 128
43468 00000000 128 128
43500 00002000 128 128
43504 00000000 128 128
43536 00002000 128 128
43540 00000000 128 128
43572 00002000 128 128
43576 00000000 128 128
43608 00002000 128 128
43612 00000000 128 128
43644 00002000 128 128
43648 00000000 128 128
43680 00002000 128 128
43684 00000000 128 128
43716 00002000 128 128
43720 00000000 128 128
43752 00002000 128 128
43756 00000000 128 128
43788 00002000 128 128
43792 00000000 128 128
43824 00002000 128 128
43828 00000000 128 128
43860 00002000 128 128
43864 00000000 128 128
43896 00002000 128 128
43900 00000000 128 128
43932 00002000 128 128
43936 00000000 128 128
43968 00002000 128 128
43972 00000000 128 128
44004 00002000 128 128
44008 00000000 128 128
44040 00002000 128 128
44044 00000000 128 128
44076 00002000 128 128
44080 00000000 128 128
44112 00002000 128 128
44116 00000000 128 128
44148 00002000 128 128
44152 00000000 128 128
44184 00002000 128 128
44188 00000000 128 128
44220 00002000 128 128
44224 00000000 128 128
44256 00002000 128 128
44260 00000000 128 128
44292 00002000 128 128
44296 00000000 128 128
44328 00002000 128 128
44332 00000000 128 128
44364 00002000 128 128
44368 00000000 128 128
44400 00002000 128 128
44404 00000000 128 128
44436 00002000 128 128
44440 00000000 128 128
44472 00002000 128 128
44476 00000000 128 128
44508 00002000 128 128
44512 00000000 128 128
44544 00002000 128 128
44548 00000000 128 128
44580 00002000 128 128
44584 00000000 128 128
44616 00002000 128 128
44620 00000000 128 128
44652 00002000 128 128
44656 00000000 128 128
44688 00002000 128 128
44692 00000000 128 128
44724 00002000 128 128
44728 00000000 128 128
44760 00002000 128 128
44764 00000000 128 128
44796 00002000 128 128
44800 00000000 128 128
44832 00002000 128 128
44836 00000000 128 128
44868 00002000 128 128
44872 00000000 128 128
44904 00002000 128 128
44908 00000000 128 128
44940 00002000 128 128
44944 00000000 128 128
44976 00002000 128 128
44980 00000000 128 128
45012 00002000 128 128
45016 00000000 128 128
45048 00002000 128 128
45052 00000000 128 128
45084 00002000 128 128
45088 00000000 128 128
45120 00002000 128 128
45124 00000000 128 128
45156 00002000 128 128
45160 00000000 128 128
45192 00002000 128 128
45196 00000000 128 128
45228 00002000 128 128
45232 00000000 128 128
45264 00002000 128 128
45268 00000000 128 128
45300 00002000 128 128
45304 00000000 128 128
45336 00002000 128 128
45340 00000000 128 128
45372 00002000 128 128
45376 00000000 128 128
45408 00002000 128 128
45412 00000000 128 128
45444 00002000 128 128
45448 00000000 128 128
45480 00002000 128 128
45484 00000000 128 128
45516 00002000 128 128
45520 00000000 128 128
45552 00002000 128 128
45556 00000000 128 128
45588 00002000 128 128
45592 00000000 128 128
45624 00002000 128 128
45628 00000000 128 128
45660 00002000 128 128
45664 00000000 128 128
45696 00002000 128 128
45700 00000000 128 128
45732 00002000 128 128
45736 00000000 128 128
45768 00002000 128 128
45772 00000000 128 128
45804 00002000 128 128
45808 00000000 128 128
45840 00002000 128 128
45844 00000000 128 128
45876 00002000 128 128
45880 00000000 128 128
45912 00002000 128 128
45916 00000000 128 128
45948 00002000 128 128
45952 00000000 128 128
45984 00002000 128 128
45988 00000000 128 128
46020 00002000 128 128
46024 00000000 128 128
46176 00004000 128 128
46180 00000000 128 128
46212 00004000 128 128
46216 00000000 128 128
46248 00004000 128 128
46252 00000000 128 128
46284 00004000 128 128
46288 00000000 128 128
46320 00004000 128 128
46324 00000000 128 128
46356 00004000 128 128
46360 00000000 128 128
46392 00004000 128 128
46396 00000000 128 128
46428 00004000 128 128
46432 00000000 128 128
46464 00004000 128 128
46468 00000000 128 128
46500 00004000 128 128
46504 00000000 128 128
46536 00004000 128 128
46540 00000000 128 128
46572 00004000 128 128
46576 00000000 128 128
46608 00004000 128 128
46612 00000000 128 128
46644 00004000 128 128
46648 00000000 128 128
46680 00004000 128 128
46684 00000000 128 128
46716 00004000 128 128
46720 00000000 128 128
46752 00004000 128 128
46756 00000000 128 128
46788 00004000 128 128
46792 00000000 128 128
46824 00004000 128 128
46828 00000000 128 128
46860 00004000 128 128
46864 00000000 128 128
46956 00000000 128 128
