0 00000000 128 128
150 00000008 128 128
152 00000000 128 128
300 00000008 128 128
302 00000000 128 128
450 00002000 128 128
452 00000000 128 128
700 00000020 128 128
780 00000000 128 128
782 00000040 128 128
790 00000000 128 128
1092 00002000 128 128
1096 00000000 128 128
1128 00002000 128 128
1132 00000000 128 128
1164 00002000 128 128
1168 00000000 128 128
1200 00002000 128 128
1204 00000000 128 128
1236 00002000 128 128
1240 00000000 128 128
1272 00002000 128 128
1276 00000000 128 128
1308 00002000 128 128
1312 00000000 128 128
1344 00002000 128 128
1348 00000000 128 128
1380 00002000 128 128
1384 00000000 128 128
1416 00002000 128 128
1420 00000000 128 128
1452 00002000 128 128
1456 00000000 128 128
1488 00002000 128 128
1492 00000000 128 128
1524 00002000 128 128
1528 00000000 128 128
1560 00002000 128 128
1564 00000000 128 128
1596 00002000 128 128
1600 00000000 128 128
1632 00002000 128 128
1636 00000000 128 128
1668 00002000 128 128
1672 00000000 128 128
1704 00002000 128 128
1708 00000000 128 128
1740 00002000 128 128
1744 00000000 128 128
1776 00002000 128 128
1780 00000000 128 128
1812 00002000 128 128
1816 00000000 128 128
1848 00002000 128 128
1852 00000000 128 128
1884 00002000 128 128
1888 00000000 128 128
1920 00002000 128 128
1924 00000000 128 128
1956 00002000 128 128
1960 00000000 128 128
1992 00002000 128 128
1996 00000000 128 128
2028 00002000 128 128
2032 00000000 128 128
2064 00002000 128 128
2068 00000000 128 128
2100 00002000 128 128
2104 00000000 128 128
2136 00002000 128 128
2140 00000000 128 128
2172 00002000 128 128
2176 00000000 128 128
2208 00002000 128 128
2212 00000000 128 128
2244 00002000 128 128
2248 00000000 128 128
2280 00002000 128 128
2284 00000000 128 128
2316 00002000 128 128
2320 00000000 128 128
2352 00002000 128 128
2356 00000000 128 128
2388 00002000 128 128
2392 00000000 128 128
2424 00002000 128 128
2428 00000000 128 128
2460 00002000 128 128
2464 00000000 128 128
2496 00002000 128 128
2500 00000000 128 128
2532 00002000 128 128
2536 00000000 128 128
2568 00002000 128 128
2572 00000000 128 128
2604 00002000 128 128
2608 00000000 128 128
2640 00002000 128 128
2644 00000000 128 128
2676 00002000 128 128
2680 00000000 128 128
2712 00002000 128 128
2716 00000000 128 128
2748 00002000 128 128
2752 00000000 128 128
2784 00002000 128 128
2788 00000000 128 128
2820 00002000 128 128
2824 00000000 128 128
2856 00002000 128 128
2860 00000000 128 128
2892 00002000 128 128
2896 00000000 128 128
2928 00002000 128 128
2932 00000000 128 128
2964 00002000 128 128
2968 00000000 128 128
3000 00002000 128 128
3004 00000000 128 128
3036 00002000 128 128
3040 00000000 128 128
3072 00002000 128 128
3076 00000000 128 128
3108 00002000 128 128
3112 00000000 128 128
3144 00002000 128 128
3148 00000000 128 128
3180 00002000 128 128
3184 00000000 128 128
3216 00002000 128 128
3220 00000000 128 128
3252 00002000 128 128
3256 00000000 128 128
3288 00002000 128 128
3292 00000000 128 128
3324 00002000 128 128
3328 00000000 128 128
3360 00002000 128 128
3364 00000000 128 128
3396 00002000 128 128
3400 00000000 128 128
3432 00002000 128 128
3436 00000000 128 128
3468 00002000 128 128
3472 00000000 128 128
3504 00002000 128 128
3508 00000000 128 128
3540 00002000 128 128
3544 00000000 128 128
3576 00002000 128 128
3580 00000000 128 128
3612 00002000 128 128
3616 00000000 128 128
3648 00002000 128 128
3652 00000000 128 128
3684 00002000 128 128
3688 00000000 128 128
3720 00002000 128 128
3724 00000000 128 128
3756 00002000 128 128
3760 00000000 128 128
3792 00002000 128 128
3796 00000000 128 128
3828 00002000 128 128
3832 00000000 128 128
3864 00002000 128 128
3868 00000000 128 128
3900 00002000 128 128
3904 00000000 128 128
3936 00002000 128 128
3940 00000000 128 128
3972 00002000 128 128
3976 00000000 128 128
4008 00002000 128 128
4012 00000000 128 128
4044 00002000 128 128
4048 00000000 128 128
4080 00002000 128 128
4084 00000000 128 128
4116 00002000 128 128
4120 00000000 128 128
4152 00002000 128 128
4156 00000000 128 128
4188 00002000 128 128
4192 00000000 128 128
4224 00002000 128 128
4228 00000000 128 128
4260 00002000 128 128
4264 00000000 128 128
4296 00002000 128 128
4300 00000000 128 128
4332 00002000 128 128
4336 00000000 128 128
4368 00002000 128 128
4372 00000000 128 128
4404 00002000 128 128
4408 00000000 128 128
4440 00002000 128 128
4444 00000000 128 128
4476 00002000 128 128
4480 00000000 128 128
4512 00002000 128 128
4516 00000000 128 128
4548 00002000 128 128
4552 00000000 128 128
4584 00002000 128 128
4588 00000000 128 128
4620 00002000 128 128
4624 00000000 128 128
4656 00002000 128 128
4660 00000000 128 128
4692 00002000 128 128
4696 00000000 128 128
4728 00002000 128 128
4732 00000000 128 128
4764 00002000 128 128
4768 00000000 128 128
4800 00002000 128 128
4804 00000000 128 128
4836 00002000 128 128
4840 00000000 128 128
4872 00002000 128 128
4876 00000000 128 128
4908 00002000 128 128
4912 00000000 128 128
4944 00002000 128 128
4948 00000000 128 128
4980 00002000 128 128
4984 00000000 128 128
5016 00002000 128 128
5020 00000000 128 128
5052 00002000 128 128
5056 00000000 128 128
5088 00002000 128 128
5092 00000000 128 128
5124 00002000 128 128
5128 00000000 128 128
5160 00002000 128 128
5164 00000000 128 128
5196 00002000 128 128
5200 00000000 128 128
5232 00002000 128 128
5236 00000000 128 128
5268 00002000 128 128
5272 00000000 128 128
5304 00002000 128 128
5308 00000000 128 128
5340 00002000 128 128
5344 00000000 128 128
5376 00002000 128 128
5380 00000000 128 128
5412 00002000 128 128
5416 00000000 128 128
5448 00002000 128 128
5452 00000000 128 128
5484 00002000 128 128
5488 00000000 128 128
5520 00002000 128 128
5524 00000000 128 128
5556 00002000 128 128
5560 00000000 128 128
5592 00002000 128 128
5596 00000000 128 128
5628 00002000 128 128
5632 00000000 128 128
5664 00002000 128 128
5668 00000000 128 128
5700 00002000 128 128
5704 00000000 128 128
5736 00002000 128 128
5740 00000000 128 128
5772 00002000 128 128
5776 00000000 128 128
5808 00002000 128 128
5812 00000000 128 128
5844 00002000 128 128
5848 00000000 128 128
5880 00002000 128 128
5884 00000000 128 128
5916 00002000 128 128
5920 00000000 128 128
5952 00002000 128 128
5956 00000000 128 128
5988 00002000 128 128
5992 00000000 128 128
6024 00002000 128 128
6028 00000000 128 128
6060 00002000 128 128
6064 00000000 128 128
6096 00002000 128 128
6100 00000000 128 128
6132 00002000 128 128
6136 00000000 128 128
6168 00002000 128 128
6172 00000000 128 128
6204 00002000 128 128
6208 00000000 128 128
6240 00002000 128 128
6244 00000000 128 128
6276 00002000 128 128
6280 00000000 128 128
6312 00002000 128 128
6316 00000000 128 128
6348 00002000 128 128
6352 00000000 128 128
6384 00002000 128 128
6388 00000000 128 128
6420 00002000 128 128
6424 00000000 128 128
6456 00002000 128 128
6460 00000000 128 128
6492 00002000 128 128
6496 00000000 128 128
6528 00002000 128 128
6532 00000000 128 128
6564 00002000 128 128
6568 00000000 128 128
6600 00002000 128 128
6604 00000000 128 128
6636 00002000 128 128
6640 00000000 128 128
6672 00002000 128 128
6676 00000000 128 128
6708 00002000 128 128
6712 00000000 128 128
6744 00002000 128 128
6748 00000000 128 128
6780 00002000 128 128
6784 00000000 128 128
6816 00002000 128 128
6820 00000000 128 128
6852 00002000 128 128
6856 00000000 128 128
6888 00002000 128 128
6892 00000000 128 128
6924 00002000 128 128
6928 00000000 128 128
6960 00002000 128 128
6964 00000000 128 128
6996 00002000 128 128
7000 00000000 128 128
7032 00002000 128 128
7036 00000000 128 128
7068 00002000 128 128
7072 00000000 128 128
7104 00002000 128 128
7108 00000000 128 128
7140 00002000 128 128
7144 00000000 128 128
7176 00002000 128 128
7180 00000000 128 128
7212 00002000 128 128
7216 00000000 128 128
7248 00002000 128 128
7252 00000000 128 128
7284 00002000 128 128
7288 00000000 128 128
7320 00002000 128 128
7324 00000000 128 128
7356 00002000 128 128
7360 00000000 128 128
7392 00002000 128 128
7396 00000000 128 128
7428 00002000 128 128
7432 00000000 128 128
7464 00002000 128 128
7468 00000000 128 128
7500 00002000 128 128
7504 00000000 128 128
7536 00002000 128 128
7540 00000000 128 128
7572 00002000 128 128
7576 00000000 128 128
7608 00002000 128 128
7612 00000000 128 128
7644 00002000 128 128
7648 00000000 128 128
7680 00002000 128 128
7684 00000000 128 128
7716 00002000 128 128
7720 00000000 128 128
7752 00002000 128 128
7756 00000000 128 128
7788 00002000 128 128
7792 00000000 128 128
7824 00002000 128 128
7828 00000000 128 128
7860 00002000 128 128
7864 00000000 128 128
7896 00002000 128 128
7900 00000000 128 128
7932 00002000 128 128
7936 00000000 128 128
7968 00002000 128 128
7972 00000000 128 128
8004 00002000 128 128
8008 00000000 128 128
8040 00002000 128 128
8044 00000000 128 128
8076 00002000 128 128
8080 00000000 128 128
8112 00002000 128 128
8116 00000000 128 128
8148 00002000 128 128
8152 00000000 128 128
8184 00002000 128 128
8188 00000000 128 128
8220 00002000 128 128
8224 00000000 128 128
8256 00002000 128 128
8260 00000000 128 128
8292 00002000 128 128
8296 00000000 128 128
8328 00002000 128 128
8332 00000000 128 128
8364 00002000 128 128
8368 00000000 128 128
8400 00002000 128 128
8404 00000000 128 128
8436 00002000 128 128
8440 00000000 128 128
8472 00002000 128 128
8476 00000000 128 128
8508 00002000 128 128
8512 00000000 128 128
8544 00002000 128 128
8548 00000000 128 128
8580 00002000 128 128
8584 00000000 128 128
8616 00002000 128 128
8620 00000000 128 128
8652 00002000 128 128
8656 00000000 128 128
8688 00002000 128 128
8692 00000000 128 128
8724 00002000 128 128
8728 00000000 128 128
8760 00002000 128 128
8764 00000000 128 128
8796 00002000 128 128
8800 00000000 128 128
8832 00002000 128 128
8836 00000000 128 128
8868 00002000 128 128
8872 00000000 128 128
8904 00002000 128 128
8908 00000000 128 128
8940 00002000 128 128
8944 00000000 128 128
8976 00002000 128 128
8980 00000000 128 128
9012 00002000 128 128
9016 00000000 128 128
9048 00002000 128 128
9052 00000000 128 128
9084 00002000 128 128
9088 00000000 128 128
9120 00002000 128 128
9124 00000000 128 128
9156 00002000 128 128
9160 00000000 128 128
9192 00002000 128 128
9196 00000000 128 128
9228 00002000 128 128
9232 00000000 128 128
9264 00002000 128 128
9268 00000000 128 128
9300 00002000 128 128
9304 00000000 128 128
9336 00002000 128 128
9340 00000000 128 128
9372 00002000 128 128
9376 00000000 128 128
9408 00002000 128 128
9412 00000000 128 128
9444 00002000 128 128
9448 00000000 128 128
9480 00002000 128 128
9484 00000000 128 128
9516 00002000 128 128
9520 00000000 128 128
9552 00002000 128 128
9556 00000000 128 128
9588 00002000 128 128
9592 00000000 128 128
9624 00002000 128 128
9628 00000000 128 128
9660 00002000 128 128
9664 00000000 128 128
9696 00002000 128 128
9700 00000000 128 128
9732 00002000 128 128
9736 00000000 128 128
9768 00002000 128 128
9772 00000000 128 128
9804 00002000 128 128
9808 00000000 128 128
9840 00002000 128 128
9844 00000000 128 128
9876 00002000 128 128
9880 00000000 128 128
9912 00002000 128 128
9916 00000000 128 128
9948 00002000 128 128
9952 00000000 128 128
9984 00002000 128 128
9988 00000000 128 128
10020 00002000 128 128
10024 00000000 128 128
10056 00002000 128 128
10060 00000000 128 128
10092 00002000 128 128
10096 00000000 128 128
10128 00002000 128 128
10132 00000000 128 128
10164 00002000 128 128
10168 00000000 128 128
10200 00002000 128 128
10204 00000000 128 128
10236 00002000 128 128
10240 00000000 128 128
10272 00002000 128 128
10276 00000000 128 128
10308 00002000 128 128
10312 00000000 128 128
10344 00002000 128 128
10348 00000000 128 128
10380 00002000 128 128
10384 00000000 128 128
10416 00002000 128 128
10420 00000000 128 128
10452 00002000 128 128
10456 00000000 128 128
10488 00002000 128 128
10492 00000000 128 128
10524 00002000 128 128
10528 00000000 128 128
10560 00002000 128 128
10564 00000000 128 128
10596 00002000 128 128
10600 00000000 128 128
10632 00002000 128 128
10636 00000000 128 128
10668 00002000 128 128
10672 00000000 128 128
10704 00002000 128 128
10708 00000000 128 128
10740 00002000 128 128
10744 00000000 128 128
10776 00002000 128 128
10780 00000000 128 128
10812 00002000 128 128
10816 00000000 128 128
10848 00002000 128 128
10852 00000000 128 128
10884 00002000 128 128
10888 00000000 128 128
10920 00002000 128 128
10924 00000000 128 128
10956 00002000 128 128
10960 00000000 128 128
10992 00002000 128 128
10996 00000000 128 128
11028 00002000 128 128
11032 00000000 128 128
11064 00002000 128 128
11068 00000000 128 128
11100 00002000 128 128
11104 00000000 128 128
11136 00002000 128 128
11140 00000000 128 128
11172 00002000 128 128
11176 00000000 128 128
11208 00002000 128 128
11212 00000000 128 128
11244 00002000 128 128
11248 00000000 128 128
11280 00002000 128 128
11284 00000000 128 128
11316 00002000 128 128
11320 00000000 128 128
11352 00002000 128 128
11356 00000000 128 128
11388 00002000 128 128
11392 00000000 128 128
11424 00002000 128 128
11428 00000000 128 128
11460 00002000 128 128
11464 00000000 128 128
11496 00002000 128 128
11500 00000000 128 128
11532 00002000 128 128
11536 00000000 128 128
11568 00002000 128 128
11572 00000000 128 128
11604 00002000 128 128
11608 00000000 128 128
11640 00002000 128 128
11644 00000000 128 128
11676 00002000 128 128
11680 00000000 128 128
11712 00002000 128 128
11716 00000000 128 128
11748 00002000 128 128
11752 00000000 128 128
11784 00002000 128 128
11788 00000000 128 128
11820 00002000 128 128
11824 00000000 128 128
11856 00002000 128 128
11860 00000000 128 128
12012 00004000 128 128
12016 00000000 128 128
12048 00004000 128 128
12052 00000000 128 128
12084 00004000 128 128
12088 00000000 128 128
12120 00004000 128 128
12124 00000000 128 128
12156 00004000 128 128
12160 00000000 128 128
12192 00004000 128 128
12196 00000000 128 128
12228 00004000 128 128
12232 00000000 128 128
12264 00004000 128 128
12268 00000000 128 128
12300 00004000 128 128
12304 00000000 128 128
12336 00004000 128 128
12340 00000000 128 128
12372 00004000 128 128
12376 00000000 128 128
12408 00004000 128 128
12412 00000000 128 128
12444 00004000 128 128
12448 00000000 128 128
12480 00004000 128 128
12484 00000000 128 128
12516 00004000 128 128
12520 00000000 128 128
12552 00004000 128 128
12556 00000000 128 128
12588 00004000 128 128
12592 00000000 128 128
12624 00004000 128 128
12628 00000000 128 128
12660 00004000 128 128
12664 00000000 128 128
12696 00004000 128 128
12700 00000000 128 128
12792 00000020 128 128
12824 00000000 128 128
12826 00000010 128 128
12858 00000000 128 128
12860 00000010 128 128
12876 00000000 128 128
13058 00000000 128 128
