0 00000000 128 128
150 00000008 128 128
152 00000000 128 128
300 00000008 128 128
302 00000000 128 128
450 00002000 128 128
452 00000000 128 128
700 00000010 128 128
708 00000000 128 128
740 00000040 128 128
772 00000000 128 128
804 00000040 128 128
812 00000000 128 128
1414 00000040 128 128
1478 00000000 128 128
1690 00004000 128 128
1694 00000000 128 128
1726 00004000 128 128
1730 00000000 128 128
1762 00004000 128 128
1766 00000000 128 128
1798 00004000 128 128
1802 00000000 128 128
1834 00004000 128 128
1838 00000000 128 128
1870 00004000 128 128
1874 00000000 128 128
1906 00004000 128 128
1910 00000000 128 128
1942 00004000 128 128
1946 00000000 128 128
1978 00004000 128 128
1982 00000000 128 128
2014 00004000 128 128
2018 00000000 128 128
2080 00000040 128 128
2128 00000000 128 128
2160 00004000 128 128
2164 00000000 128 128
2196 00004000 128 128
2200 00000000 128 128
2232 00004000 128 128
2236 00000000 128 128
2268 00004000 128 128
2272 00000000 128 128
2304 00004000 128 128
2308 00000000 128 128
2340 00004000 128 128
2344 00000000 128 128
2376 00004000 128 128
2380 00000000 128 128
2412 00004000 128 128
2416 00000000 128 128
2448 00004000 128 128
2452 00000000 128 128
2484 00004000 128 128
2488 00000000 128 128
2550 00000020 128 128
2622 00000000 128 128
2654 00004000 128 128
2658 00000000 128 128
2690 00004000 128 128
2694 00000000 128 128
2726 00004000 128 128
2730 00000000 128 128
2762 00004000 128 128
2766 00000000 128 128
2798 00004000 128 128
2802 00000000 128 128
2834 00004000 128 128
2838 00000000 128 128
2870 00004000 128 128
2874 00000000 128 128
2906 00004000 128 128
2910 00000000 128 128
2942 00004000 128 128
2946 00000000 128 128
2978 00004000 128 128
2982 00000000 128 128
3044 00000040 128 128
3116 00000000 128 128
3148 00004000 128 128
3152 00000000 128 128
3184 00004000 128 128
3188 00000000 128 128
3220 00004000 128 128
3224 00000000 128 128
3256 00004000 128 128
3260 00000000 128 128
3292 00004000 128 128
3296 00000000 128 128
3328 00004000 128 128
3332 00000000 128 128
3364 00004000 128 128
3368 00000000 128 128
3400 00004000 128 128
3404 00000000 128 128
3436 00004000 128 128
3440 00000000 128 128
3472 00004000 128 128
3476 00000000 128 128
3538 00000020 128 128
3610 00000000 128 128
3642 00004000 128 128
3646 00000000 128 128
3678 00004000 128 128
3682 00000000 128 128
3714 00004000 128 128
3718 00000000 128 128
3750 00004000 128 128
3754 00000000 128 128
3786 00004000 128 128
3790 00000000 128 128
3822 00004000 128 128
3826 00000000 128 128
3858 00004000 128 128
3862 00000000 128 128
3894 00004000 128 128
3898 00000000 128 128
3930 00004000 128 128
3934 00000000 128 128
3966 00004000 128 128
3970 00000000 128 128
4032 00000010 128 128
4040 00000000 128 128
4072 00000010 128 128
4088 00000000 128 128
4240 00000010 128 128
4288 00000000 128 128
4350 00002000 128 128
4354 00000000 128 128
4486 00004000 128 128
4490 00000000 128 128
4522 00004000 128 128
4526 00000000 128 128
4558 00004000 128 128
4562 00000000 128 128
4594 00004000 128 128
4598 00000000 128 128
4630 00004000 128 128
4634 00000000 128 128
4666 00004000 128 128
4670 00000000 128 128
4702 00004000 128 128
4706 00000000 128 128
4738 00004000 128 128
4742 00000000 128 128
4774 00004000 128 128
4778 00000000 128 128
4810 00004000 128 128
4814 00000000 128 128
4846 00004000 128 128
4850 00000000 128 128
4882 00004000 128 128
4886 00000000 128 128
4918 00004000 128 128
4922 00000000 128 128
4954 00004000 128 128
4958 00000000 128 128
4990 00004000 128 128
4994 00000000 128 128
5026 00004000 128 128
5030 00000000 128 128
5062 00004000 128 128
5066 00000000 128 128
5098 00004000 128 128
5102 00000000 128 128
5134 00004000 128 128
5138 00000000 128 128
5170 00004000 128 128
5174 00000000 128 128
5266 00002000 128 128
5270 00000000 128 128
5402 00002000 128 128
5406 00000000 128 128
5818 00004000 128 128
5822 00000000 128 128
5854 00004000 128 128
5858 00000000 128 128
5890 00004000 128 128
5894 00000000 128 128
5926 00004000 128 128
5930 00000000 128 128
5962 00004000 128 128
5966 00000000 128 128
5998 00004000 128 128
6002 00000000 128 128
6034 00004000 128 128
6038 00000000 128 128
6070 00004000 128 128
6074 00000000 128 128
6106 00004000 128 128
6110 00000000 128 128
6142 00004000 128 128
6146 00000000 128 128
6178 00004000 128 128
6182 00000000 128 128
6214 00004000 128 128
6218 00000000 128 128
6250 00004000 128 128
6254 00000000 128 128
6286 00004000 128 128
6290 00000000 128 128
6322 00004000 128 128
6326 00000000 128 128
6358 00004000 128 128
6362 00000000 128 128
6394 00004000 128 128
6398 00000000 128 128
6430 00004000 128 128
6434 00000000 128 128
6466 00004000 128 128
6470 00000000 128 128
6502 00004000 128 128
6506 00000000 128 128
6538 00004000 128 128
6542 00000000 128 128
6574 00004000 128 128
6578 00000000 128 128
6610 00004000 128 128
6614 00000000 128 128
6646 00004000 128 128
6650 00000000 128 128
6682 00004000 128 128
6686 00000000 128 128
6718 00004000 128 128
6722 00000000 128 128
6754 00004000 128 128
6758 00000000 128 128
6790 00004000 128 128
6794 00000000 128 128
6826 00004000 128 128
6830 00000000 128 128
6862 00004000 128 128
6866 00000000 128 128
6898 00004000 128 128
6902 00000000 128 128
6934 00004000 128 128
6938 00000000 128 128
6970 00004000 128 128
6974 00000000 128 128
7006 00004000 128 128
7010 00000000 128 128
7042 00004000 128 128
7046 00000000 128 128
7078 00004000 128 128
7082 00000000 128 128
7114 00004000 128 128
7118 00000000 128 128
7150 00004000 128 128
7154 00000000 128 128
7186 00004000 128 128
7190 00000000 128 128
7222 00004000 128 128
7226 00000000 128 128
7258 00004000 128 128
7262 00000000 128 128
7294 00004000 128 128
7298 00000000 128 128
7330 00004000 128 128
7334 00000000 128 128
7366 00004000 128 128
7370 00000000 128 128
7402 00004000 128 128
7406 00000000 128 128
7438 00004000 128 128
7442 00000000 128 128
7474 00004000 128 128
7478 00000000 128 128
7510 00004000 128 128
7514 00000000 128 128
7546 00004000 128 128
7550 00000000 128 128
7582 00004000 128 128
7586 00000000 128 128
7618 00004000 128 128
7622 00000000 128 128
7654 00004000 128 128
7658 00000000 128 128
7690 00004000 128 128
7694 00000000 128 128
7726 00004000 128 128
7730 00000000 128 128
7762 00004000 128 128
7766 00000000 128 128
7798 00004000 128 128
7802 00000000 128 128
7834 00004000 128 128
7838 00000000 128 128
7870 00004000 128 128
7874 00000000 128 128
7906 00004000 128 128
7910 00000000 128 128
7942 00004000 128 128
7946 00000000 128 128
8098 00001000 128 128
8102 00000000 128 128
8204 00000010 128 128
8210 00000000 128 128
8232 00000010 128 128
8238 00000000 128 128
8260 00000010 128 128
8266 00000000 128 128
8288 00000020 128 128
8294 00000000 128 128
8326 00002000 128 128
8330 00000000 128 128
8742 00002000 128 128
8746 00000000 128 128
8958 00002000 128 128
8962 00000000 128 128
9174 00002000 128 128
9178 00000000 128 128
9390 00002000 128 128
9394 00000000 128 128
9606 00002000 128 128
9610 00000000 128 128
9882 00000000 128 128
