0 00000000 128 128
150 00000008 128 128
152 00000000 128 128
300 00000008 128 128
302 00000000 128 128
450 00002000 128 128
452 00000000 128 128
700 00000080 128 128
708 00000000 128 128
710 00000040 128 128
742 00000000 128 128
744 00000080 128 128
864 00000000 128 128
866 00000010 128 128
938 00000000 128 128
970 00004000 128 128
974 00000000 128 128
1006 00004000 128 128
1010 00000000 128 128
1042 00004000 128 128
1046 00000000 128 128
1078 00004000 128 128
1082 00000000 128 128
1114 00004000 128 128
1118 00000000 128 128
1150 00004000 128 128
1154 00000000 128 128
1186 00004000 128 128
1190 00000000 128 128
1222 00004000 128 128
1226 00000000 128 128
1258 00004000 128 128
1262 00000000 128 128
1294 00004000 128 128
1298 00000000 128 128
1360 00000080 128 128
1432 00000000 128 128
1434 00000010 128 128
1482 00000000 128 128
1484 00000010 128 128
1508 00000000 128 128
1630 00000010 128 128
1830 00000000 128 128
1892 00004000 128 128
1896 00000000 128 128
1928 00004000 128 128
1932 00000000 128 128
1964 00004000 128 128
1968 00000000 128 128
2000 00004000 128 128
2004 00000000 128 128
2036 00004000 128 128
2040 00000000 128 128
2072 00004000 128 128
2076 00000000 128 128
2108 00004000 128 128
2112 00000000 128 128
2144 00004000 128 128
2148 00000000 128 128
2180 00004000 128 128
2184 00000000 128 128
2216 00004000 128 128
2220 00000000 128 128
2252 00004000 128 128
2256 00000000 128 128
2288 00004000 128 128
2292 00000000 128 128
2324 00004000 128 128
2328 00000000 128 128
2360 00004000 128 128
2364 00000000 128 128
2396 00004000 128 128
2400 00000000 128 128
2432 00004000 128 128
2436 00000000 128 128
2468 00004000 128 128
2472 00000000 128 128
2504 00004000 128 128
2508 00000000 128 128
2540 00004000 128 128
2544 00000000 128 128
2576 00004000 128 128
2580 00000000 128 128
2672 00000010 128 128
2688 00000000 128 128
3090 00004000 128 128
3094 00000000 128 128
3126 00004000 128 128
3130 00000000 128 128
3162 00004000 128 128
3166 00000000 128 128
3198 00004000 128 128
3202 00000000 128 128
3234 00004000 128 128
3238 00000000 128 128
3270 00004000 128 128
3274 00000000 128 128
3306 00004000 128 128
3310 00000000 128 128
3342 00004000 128 128
3346 00000000 128 128
3378 00004000 128 128
3382 00000000 128 128
3414 00004000 128 128
3418 00000000 128 128
3450 00004000 128 128
3454 00000000 128 128
3486 00004000 128 128
3490 00000000 128 128
3522 00004000 128 128
3526 00000000 128 128
3558 00004000 128 128
3562 00000000 128 128
3594 00004000 128 128
3598 00000000 128 128
3630 00004000 128 128
3634 00000000 128 128
3666 00004000 128 128
3670 00000000 128 128
3702 00004000 128 128
3706 00000000 128 128
3738 00004000 128 128
3742 00000000 128 128
3774 00004000 128 128
3778 00000000 128 128
3810 00004000 128 128
3814 00000000 128 128
3846 00004000 128 128
3850 00000000 128 128
3882 00004000 128 128
3886 00000000 128 128
3918 00004000 128 128
3922 00000000 128 128
3954 00004000 128 128
3958 00000000 128 128
3990 00004000 128 128
3994 00000000 128 128
4026 00004000 128 128
4030 00000000 128 128
4062 00004000 128 128
4066 00000000 128 128
4098 00004000 128 128
4102 00000000 128 128
4134 00004000 128 128
4138 00000000 128 128
4170 00004000 128 128
4174 00000000 128 128
4206 00004000 128 128
4210 00000000 128 128
4242 00004000 128 128
4246 00000000 128 128
4278 00004000 128 128
4282 00000000 128 128
4314 00004000 128 128
4318 00000000 128 128
4350 00004000 128 128
4354 00000000 128 128
4386 00004000 128 128
4390 00000000 128 128
4422 00004000 128 128
4426 00000000 128 128
4458 00004000 128 128
4462 00000000 128 128
4494 00004000 128 128
4498 00000000 128 128
4650 00000010 128 128
5550 00000000 128 128
5852 00002000 128 128
5856 00000000 128 128
5888 00002000 128 128
5892 00000000 128 128
5924 00002000 128 128
5928 00000000 128 128
5960 00002000 128 128
5964 00000000 128 128
5996 00002000 128 128
6000 00000000 128 128
6032 00002000 128 128
6036 00000000 128 128
6068 00002000 128 128
6072 00000000 128 128
6104 00002000 128 128
6108 00000000 128 128
6140 00002000 128 128
6144 00000000 128 128
6176 00002000 128 128
6180 00000000 128 128
6212 00002000 128 128
6216 00000000 128 128
6248 00002000 128 128
6252 00000000 128 128
6284 00002000 128 128
6288 00000000 128 128
6320 00002000 128 128
6324 00000000 128 128
6356 00002000 128 128
6360 00000000 128 128
6392 00002000 128 128
6396 00000000 128 128
6428 00002000 128 128
6432 00000000 128 128
6464 00002000 128 128
6468 00000000 128 128
6500 00002000 128 128
6504 00000000 128 128
6536 00002000 128 128
6540 00000000 128 128
6572 00002000 128 128
6576 00000000 128 128
6608 00002000 128 128
6612 00000000 128 128
6644 00002000 128 128
6648 00000000 128 128
6680 00002000 128 128
6684 00000000 128 128
6716 00002000 128 128
6720 00000000 128 128
6752 00002000 128 128
6756 00000000 128 128
6788 00002000 128 128
6792 00000000 128 128
6824 00002000 128 128
6828 00000000 128 128
6860 00002000 128 128
6864 00000000 128 128
6896 00002000 128 128
6900 00000000 128 128
6932 00002000 128 128
6936 00000000 128 128
6968 00002000 128 128
6972 00000000 128 128
7004 00002000 128 128
7008 00000000 128 128
7040 00002000 128 128
7044 00000000 128 128
7076 00002000 128 128
7080 00000000 128 128
7112 00002000 128 128
7116 00000000 128 128
7148 00002000 128 128
7152 00000000 128 128
7184 00002000 128 128
7188 00000000 128 128
7220 00002000 128 128
7224 00000000 128 128
7256 00002000 128 128
7260 00000000 128 128
7292 00002000 128 128
7296 00000000 128 128
7328 00002000 128 128
7332 00000000 128 128
7364 00002000 128 128
7368 00000000 128 128
7400 00002000 128 128
7404 00000000 128 128
7436 00002000 128 128
7440 00000000 128 128
7472 00002000 128 128
7476 00000000 128 128
7508 00002000 128 128
7512 00000000 128 128
7544 00002000 128 128
7548 00000000 128 128
7580 00002000 128 128
7584 00000000 128 128
7616 00002000 128 128
7620 00000000 128 128
7652 00002000 128 128
7656 00000000 128 128
7688 00002000 128 128
7692 00000000 128 128
7724 00002000 128 128
7728 00000000 128 128
7760 00002000 128 128
7764 00000000 128 128
7796 00002000 128 128
7800 00000000 128 128
7832 00002000 128 128
7836 00000000 128 128
7868 00002000 128 128
7872 00000000 128 128
7904 00002000 128 128
7908 00000000 128 128
7940 00002000 128 128
7944 00000000 128 128
7976 00002000 128 128
7980 00000000 128 128
8012 00002000 128 128
8016 00000000 128 128
8048 00002000 128 128
8052 00000000 128 128
8084 00002000 128 128
8088 00000000 128 128
8120 00002000 128 128
8124 00000000 128 128
8156 00002000 128 128
8160 00000000 128 128
8192 00002000 128 128
8196 00000000 128 128
8228 00002000 128 128
8232 00000000 128 128
8264 00002000 128 128
8268 00000000 128 128
8300 00002000 128 128
8304 00000000 128 128
8336 00002000 128 128
8340 00000000 128 128
8372 00002000 128 128
8376 00000000 128 128
8408 00002000 128 128
8412 00000000 128 128
8444 00002000 128 128
8448 00000000 128 128
8480 00002000 128 128
8484 00000000 128 128
8516 00002000 128 128
8520 00000000 128 128
8552 00002000 128 128
8556 00000000 128 128
8588 00002000 128 128
8592 00000000 128 128
8624 00002000 128 128
8628 00000000 128 128
8660 00002000 128 128
8664 00000000 128 128
8696 00002000 128 128
8700 00000000 128 128
8732 00002000 128 128
8736 00000000 128 128
8768 00002000 128 128
8772 00000000 128 128
8804 00002000 128 128
8808 00000000 128 128
8840 00002000 128 128
8844 00000000 128 128
8876 00002000 128 128
8880 00000000 128 128
8912 00002000 128 128
8916 00000000 128 128
8948 00002000 128 128
8952 00000000 128 128
8984 00002000 128 128
8988 00000000 128 128
9020 00002000 128 128
9024 00000000 128 128
9056 00002000 128 128
9060 00000000 128 128
9092 00002000 128 128
9096 00000000 128 128
9128 00002000 128 128
9132 00000000 128 128
9164 00002000 128 128
9168 00000000 128 128
9200 00002000 128 128
9204 00000000 128 128
9236 00002000 128 128
9240 00000000 128 128
9272 00002000 128 128
9276 00000000 128 128
9308 00002000 128 128
9312 00000000 128 128
9344 00002000 128 128
9348 00000000 128 128
9380 00002000 128 128
9384 00000000 128 128
9416 00002000 128 128
9420 00000000 128 128
9452 00002000 128 128
9456 00000000 128 128
9488 00002000 128 128
9492 00000000 128 128
9524 00002000 128 128
9528 00000000 128 128
9560 00002000 128 128
9564 00000000 128 128
9596 00002000 128 128
9600 00000000 128 128
9632 00002000 128 128
9636 00000000 128 128
9668 00002000 128 128
9672 00000000 128 128
9704 00002000 128 128
9708 00000000 128 128
9740 00002000 128 128
9744 00000000 128 128
9776 00002000 128 128
9780 00000000 128 128
9812 00002000 128 128
9816 00000000 128 128
9848 00002000 128 128
9852 00000000 128 128
9884 00002000 128 128
9888 00000000 128 128
9920 00002000 128 128
9924 00000000 128 128
9956 00002000 128 128
9960 00000000 128 128
9992 00002000 128 128
9996 00000000 128 128
10028 00002000 128 128
10032 00000000 128 128
10064 00002000 128 128
10068 00000000 128 128
10100 00002000 128 128
10104 00000000 128 128
10136 00002000 128 128
10140 00000000 128 128
10172 00002000 128 128
10176 00000000 128 128
10208 00002000 128 128
10212 00000000 128 128
10244 00002000 128 128
10248 00000000 128 128
10280 00002000 128 128
10284 00000000 128 128
10316 00002000 128 128
10320 00000000 128 128
10352 00002000 128 128
10356 00000000 128 128
10388 00002000 128 128
10392 00000000 128 128
10424 00002000 128 128
10428 00000000 128 128
10460 00002000 128 128
10464 00000000 128 128
10496 00002000 128 128
10500 00000000 128 128
10532 00002000 128 128
10536 00000000 128 128
10568 00002000 128 128
10572 00000000 128 128
10604 00002000 128 128
10608 00000000 128 128
10640 00002000 128 128
10644 00000000 128 128
10676 00002000 128 128
10680 00000000 128 128
10712 00002000 128 128
10716 00000000 128 128
10748 00002000 128 128
10752 00000000 128 128
10784 00002000 128 128
10788 00000000 128 128
10820 00002000 128 128
10824 00000000 128 128
10856 00002000 128 128
10860 00000000 128 128
10892 00002000 128 128
10896 00000000 128 128
10928 00002000 128 128
10932 00000000 128 128
10964 00002000 128 128
10968 00000000 128 128
11000 00002000 128 128
11004 00000000 128 128
11036 00002000 128 128
11040 00000000 128 128
11072 00002000 128 128
11076 00000000 128 128
11108 00002000 128 128
11112 00000000 128 128
11144 00002000 128 128
11148 00000000 128 128
11180 00002000 128 128
11184 00000000 128 128
11216 00002000 128 128
11220 00000000 128 128
11252 00002000 128 128
11256 00000000 128 128
11288 00002000 128 128
11292 00000000 128 128
11324 00002000 128 128
11328 00000000 128 128
11360 00002000 128 128
11364 00000000 128 128
11396 00002000 128 128
11400 00000000 128 128
11432 00002000 128 128
11436 00000000 128 128
11468 00002000 128 128
11472 00000000 128 128
11504 00002000 128 128
11508 00000000 128 128
11540 00002000 128 128
11544 00000000 128 128
11576 00002000 128 128
11580 00000000 128 128
11612 00002000 128 128
11616 00000000 128 128
11648 00002000 128 128
11652 00000000 128 128
11684 00002000 128 128
11688 00000000 128 128
11720 00002000 128 128
11724 00000000 128 128
11756 00002000 128 128
11760 00000000 128 128
11792 00002000 128 128
11796 00000000 128 128
11828 00002000 128 128
11832 00000000 128 128
11864 00002000 128 128
11868 00000000 128 128
11900 00002000 128 128
11904 00000000 128 128
11936 00002000 128 128
11940 00000000 128 128
11972 00002000 128 128
11976 00000000 128 128
12008 00002000 128 128
12012 00000000 128 128
12044 00002000 128 128
12048 00000000 128 128
12080 00002000 128 128
12084 00000000 128 128
12116 00002000 128 128
12120 00000000 128 128
12152 00002000 128 128
12156 00000000 128 128
12188 00002000 128 128
12192 00000000 128 128
12224 00002000 128 128
12228 00000000 128 128
12260 00002000 128 128
12264 00000000 128 128
12296 00002000 128 128
12300 00000000 128 128
12332 00002000 128 128
12336 00000000 128 128
12368 00002000 128 128
12372 00000000 128 128
12404 00002000 128 128
12408 00000000 128 128
12440 00002000 128 128
12444 00000000 128 128
12476 00002000 128 128
12480 00000000 128 128
12512 00002000 128 128
12516 00000000 128 128
12548 00002000 128 128
12552 00000000 128 128
12584 00002000 128 128
12588 00000000 128 128
12620 00002000 128 128
12624 00000000 128 128
12656 00002000 128 128
12660 00000000 128 128
12692 00002000 128 128
12696 00000000 128 128
12728 00002000 128 128
12732 00000000 128 128
12764 00002000 128 128
12768 00000000 128 128
12800 00002000 128 128
12804 00000000 128 128
12836 00002000 128 128
12840 00000000 128 128
12872 00002000 128 128
12876 00000000 128 128
12908 00002000 128 128
12912 00000000 128 128
12944 00002000 128 128
12948 00000000 128 128
12980 00002000 128 128
12984 00000000 128 128
13016 00002000 128 128
13020 00000000 128 128
13052 00002000 128 128
13056 00000000 128 128
13088 00002000 128 128
13092 00000000 128 128
13124 00002000 128 128
13128 00000000 128 128
13160 00002000 128 128
13164 00000000 128 128
13196 00002000 128 128
13200 00000000 128 128
13232 00002000 128 128
13236 00000000 128 128
13268 00002000 128 128
13272 00000000 128 128
13304 00002000 128 128
13308 00000000 128 128
13340 00002000 128 128
13344 00000000 128 128
13376 00002000 128 128
13380 00000000 128 128
13412 00002000 128 128
13416 00000000 128 128
13448 00002000 128 128
13452 00000000 128 128
13484 00002000 128 128
13488 00000000 128 128
13520 00002000 128 128
13524 00000000 128 128
13556 00002000 128 128
13560 00000000 128 128
13592 00002000 128 128
13596 00000000 128 128
13628 00002000 128 128
13632 00000000 128 128
13664 00002000 128 128
13668 00000000 128 128
13700 00002000 128 128
13704 00000000 128 128
13736 00002000 128 128
13740 00000000 128 128
13772 00002000 128 128
13776 00000000 128 128
13808 00002000 128 128
13812 00000000 128 128
13844 00002000 128 128
13848 00000000 128 128
13880 00002000 128 128
13884 00000000 128 128
13916 00002000 128 128
13920 00000000 128 128
13952 00002000 128 128
13956 00000000 128 128
13988 00002000 128 128
13992 00000000 128 128
14024 00002000 128 128
14028 00000000 128 128
14060 00002000 128 128
14064 00000000 128 128
14096 00002000 128 128
14100 00000000 128 128
14132 00002000 128 128
14136 00000000 128 128
14168 00002000 128 128
14172 00000000 128 128
14204 00002000 128 128
14208 00000000 128 128
14240 00002000 128 128
14244 00000000 128 128
14276 00002000 128 128
14280 00000000 128 128
14312 00002000 128 128
14316 00000000 128 128
14348 00002000 128 128
14352 00000000 128 128
14384 00002000 128 128
14388 00000000 128 128
14420 00002000 128 128
14424 00000000 128 128
14456 00002000 128 128
14460 00000000 128 128
14492 00002000 128 128
14496 00000000 128 128
14528 00002000 128 128
14532 00000000 128 128
14564 00002000 128 128
14568 00000000 128 128
14600 00002000 128 128
14604 00000000 128 128
14636 00002000 128 128
14640 00000000 128 128
14672 00002000 128 128
14676 00000000 128 128
14708 00002000 128 128
14712 00000000 128 128
14744 00002000 128 128
14748 00000000 128 128
14780 00002000 128 128
14784 00000000 128 128
14816 00002000 128 128
14820 00000000 128 128
14852 00002000 128 128
14856 00000000 128 128
14888 00002000 128 128
14892 00000000 128 128
14924 00002000 128 128
14928 00000000 128 128
14960 00002000 128 128
14964 00000000 128 128
14996 00002000 128 128
15000 00000000 128 128
15032 00002000 128 128
15036 00000000 128 128
15068 00002000 128 128
15072 00000000 128 128
15104 00002000 128 128
15108 00000000 128 128
15140 00002000 128 128
15144 00000000 128 128
15176 00002000 128 128
15180 00000000 128 128
15212 00002000 128 128
15216 00000000 128 128
15248 00002000 128 128
15252 00000000 128 128
15284 00002000 128 128
15288 00000000 128 128
15320 00002000 128 128
15324 00000000 128 128
15356 00002000 128 128
15360 00000000 128 128
15392 00002000 128 128
15396 00000000 128 128
15428 00002000 128 128
15432 00000000 128 128
15464 00002000 128 128
15468 00000000 128 128
15500 00002000 128 128
15504 00000000 128 128
15536 00002000 128 128
15540 00000000 128 128
15572 00002000 128 128
15576 00000000 128 128
15608 00002000 128 128
15612 00000000 128 128
15644 00002000 128 128
15648 00000000 128 128
15680 00002000 128 128
15684 00000000 128 128
15716 00002000 128 128
15720 00000000 128 128
15752 00002000 128 128
15756 00000000 128 128
15788 00002000 128 128
15792 00000000 128 128
15824 00002000 128 128
15828 00000000 128 128
15860 00002000 128 128
15864 00000000 128 128
15896 00002000 128 128
15900 00000000 128 128
15932 00002000 128 128
15936 00000000 128 128
15968 00002000 128 128
15972 00000000 128 128
16004 00002000 128 128
16008 00000000 128 128
16040 00002000 128 128
16044 00000000 128 128
16076 00002000 128 128
16080 00000000 128 128
16112 00002000 128 128
16116 00000000 128 128
16148 00002000 128 128
16152 00000000 128 128
16184 00002000 128 128
16188 00000000 128 128
16220 00002000 128 128
16224 00000000 128 128
16256 00002000 128 128
16260 00000000 128 128
16292 00002000 128 128
16296 00000000 128 128
16328 00002000 128 128
16332 00000000 128 128
16364 00002000 128 128
16368 00000000 128 128
16400 00002000 128 128
16404 00000000 128 128
16436 00002000 128 128
16440 00000000 128 128
16472 00002000 128 128
16476 00000000 128 128
16508 00002000 128 128
16512 00000000 128 128
16544 00002000 128 128
16548 00000000 128 128
16580 00002000 128 128
16584 00000000 128 128
16616 00002000 128 128
16620 00000000 128 128
16772 00004000 128 128
16776 00000000 128 128
16808 00004000 128 128
16812 00000000 128 128
16844 00004000 128 128
16848 00000000 128 128
16880 00004000 128 128
16884 00000000 128 128
16916 00004000 128 128
16920 00000000 128 128
16952 00004000 128 128
16956 00000000 128 128
16988 00004000 128 128
16992 00000000 128 128
17024 00004000 128 128
17028 00000000 128 128
17060 00004000 128 128
17064 00000000 128 128
17096 00004000 128 128
17100 00000000 128 128
17132 00004000 128 128
17136 00000000 128 128
17168 00004000 128 128
17172 00000000 128 128
17204 00004000 128 128
17208 00000000 128 128
17240 00004000 128 128
17244 00000000 128 128
17276 00004000 128 128
17280 00000000 128 128
17312 00004000 128 128
17316 00000000 128 128
17348 00004000 128 128
17352 00000000 128 128
17384 00004000 128 128
17388 00000000 128 128
17420 00004000 128 128
17424 00000000 128 128
17456 00004000 128 128
17460 00000000 128 128
17552 00000000 128 128
