0 0 128 128
150 8 128 128
152 0 128 128
300 8 128 128
302 0 128 128
450 00002000 128 128
452 0 128 128
700 00001000 128 128
704 0 128 128
794 00000200 128 128
798 0 128 128
808 32 128 128
832 0 128 128
838 16 128 128
855 0 128 128
865 00004000 128 128
869 0 128 128
1019 00004000 128 128
1023 0 128 128
1203 00002000 128 128
1207 0 128 128
1387 00002000 128 128
1391 0 128 128
1891 00002000 128 128
1895 0 128 128
2015 00000200 128 128
2019 0 128 128
2049 00004000 128 128
2053 0 128 128
2143 0 128 128
