0 00000000 128 128
150 00000008 128 128
152 00000000 128 128
300 00000008 128 128
302 00000000 128 128
450 00002000 128 128
452 00000000 128 128
700 00000020 128 128
908 00000000 128 128
910 00000010 128 128
958 00000000 128 128
960 00000020 128 128
1008 00000000 128 128
1010 00000010 128 128
1074 00000000 128 128
1076 00000080 128 128
1316 00000000 128 128
1348 00000080 128 128
1748 00000000 128 128
1780 00000040 128 128
1880 00000000 128 128
1912 00000080 128 128
2312 00000000 128 128
2344 00000000 128 128
