0 00000000 128 128
150 00000008 128 128
152 00000000 128 128
300 00000008 128 128
302 00000000 128 128
450 00002000 128 128
452 00000000 128 128
700 00000080 128 128
844 00000000 128 128
1446 00002000 128 128
1450 00000000 128 128
1482 00002000 128 128
1486 00000000 128 128
1518 00002000 128 128
1522 00000000 128 128
1554 00002000 128 128
1558 00000000 128 128
1590 00002000 128 128
1594 00000000 128 128
1626 00002000 128 128
1630 00000000 128 128
1662 00002000 128 128
1666 00000000 128 128
1698 00002000 128 128
1702 00000000 128 128
1734 00002000 128 128
1738 00000000 128 128
1770 00002000 128 128
1774 00000000 128 128
1806 00002000 128 128
1810 00000000 128 128
1842 00002000 128 128
1846 00000000 128 128
1878 00002000 128 128
1882 00000000 128 128
1914 00002000 128 128
1918 00000000 128 128
1950 00002000 128 128
1954 00000000 128 128
1986 00002000 128 128
1990 00000000 128 128
2022 00002000 128 128
2026 00000000 128 128
2058 00002000 128 128
2062 00000000 128 128
2094 00002000 128 128
2098 00000000 128 128
2130 00002000 128 128
2134 00000000 128 128
2166 00002000 128 128
2170 00000000 128 128
2202 00002000 128 128
2206 00000000 128 128
2238 00002000 128 128
2242 00000000 128 128
2274 00002000 128 128
2278 00000000 128 128
2310 00002000 128 128
2314 00000000 128 128
2346 00002000 128 128
2350 00000000 128 128
2382 00002000 128 128
2386 00000000 128 128
2418 00002000 128 128
2422 00000000 128 128
2454 00002000 128 128
2458 00000000 128 128
2490 00002000 128 128
2494 00000000 128 128
2526 00002000 128 128
2530 00000000 128 128
2562 00002000 128 128
2566 00000000 128 128
2598 00002000 128 128
2602 00000000 128 128
2634 00002000 128 128
2638 00000000 128 128
2670 00002000 128 128
2674 00000000 128 128
2706 00002000 128 128
2710 00000000 128 128
2742 00002000 128 128
2746 00000000 128 128
2778 00002000 128 128
2782 00000000 128 128
2814 00002000 128 128
2818 00000000 128 128
2850 00002000 128 128
2854 00000000 128 128
2886 00002000 128 128
2890 00000000 128 128
2922 00002000 128 128
2926 00000000 128 128
2958 00002000 128 128
2962 00000000 128 128
2994 00002000 128 128
2998 00000000 128 128
3030 00002000 128 128
3034 00000000 128 128
3066 00002000 128 128
3070 00000000 128 128
3102 00002000 128 128
3106 00000000 128 128
3138 00002000 128 128
3142 00000000 128 128
3174 00002000 128 128
3178 00000000 128 128
3210 00002000 128 128
3214 00000000 128 128
3246 00002000 128 128
3250 00000000 128 128
3282 00002000 128 128
3286 00000000 128 128
3318 00002000 128 128
3322 00000000 128 128
3354 00002000 128 128
3358 00000000 128 128
3390 00002000 128 128
3394 00000000 128 128
3426 00002000 128 128
3430 00000000 128 128
3462 00002000 128 128
3466 00000000 128 128
3498 00002000 128 128
3502 00000000 128 128
3534 00002000 128 128
3538 00000000 128 128
3570 00002000 128 128
3574 00000000 128 128
3606 00002000 128 128
3610 00000000 128 128
3642 00002000 128 128
3646 00000000 128 128
3678 00002000 128 128
3682 00000000 128 128
3714 00002000 128 128
3718 00000000 128 128
3750 00002000 128 128
3754 00000000 128 128
3786 00002000 128 128
3790 00000000 128 128
3822 00002000 128 128
3826 00000000 128 128
3858 00002000 128 128
3862 00000000 128 128
3894 00002000 128 128
3898 00000000 128 128
3930 00002000 128 128
3934 00000000 128 128
3966 00002000 128 128
3970 00000000 128 128
4002 00002000 128 128
4006 00000000 128 128
4038 00002000 128 128
4042 00000000 128 128
4074 00002000 128 128
4078 00000000 128 128
4110 00002000 128 128
4114 00000000 128 128
4146 00002000 128 128
4150 00000000 128 128
4182 00002000 128 128
4186 00000000 128 128
4218 00002000 128 128
4222 00000000 128 128
4254 00002000 128 128
4258 00000000 128 128
4290 00002000 128 128
4294 00000000 128 128
4326 00002000 128 128
4330 00000000 128 128
4362 00002000 128 128
4366 00000000 128 128
4398 00002000 128 128
4402 00000000 128 128
4434 00002000 128 128
4438 00000000 128 128
4470 00002000 128 128
4474 00000000 128 128
4506 00002000 128 128
4510 00000000 128 128
4542 00002000 128 128
4546 00000000 128 128
4578 00002000 128 128
4582 00000000 128 128
4614 00002000 128 128
4618 00000000 128 128
4650 00002000 128 128
4654 00000000 128 128
4686 00002000 128 128
4690 00000000 128 128
4722 00002000 128 128
4726 00000000 128 128
4758 00002000 128 128
4762 00000000 128 128
4794 00002000 128 128
4798 00000000 128 128
4830 00002000 128 128
4834 00000000 128 128
4866 00002000 128 128
4870 00000000 128 128
4902 00002000 128 128
4906 00000000 128 128
4938 00002000 128 128
4942 00000000 128 128
4974 00002000 128 128
4978 00000000 128 128
5010 00002000 128 128
5014 00000000 128 128
5046 00002000 128 128
5050 00000000 128 128
5082 00002000 128 128
5086 00000000 128 128
5118 00002000 128 128
5122 00000000 128 128
5154 00002000 128 128
5158 00000000 128 128
5190 00002000 128 128
5194 00000000 128 128
5226 00002000 128 128
5230 00000000 128 128
5262 00002000 128 128
5266 00000000 128 128
5298 00002000 128 128
5302 00000000 128 128
5334 00002000 128 128
5338 00000000 128 128
5370 00002000 128 128
5374 00000000 128 128
5406 00002000 128 128
5410 00000000 128 128
5442 00002000 128 128
5446 00000000 128 128
5478 00002000 128 128
5482 00000000 128 128
5514 00002000 128 128
5518 00000000 128 128
5550 00002000 128 128
5554 00000000 128 128
5586 00002000 128 128
5590 00000000 128 128
5622 00002000 128 128
5626 00000000 128 128
5658 00002000 128 128
5662 00000000 128 128
5694 00002000 128 128
5698 00000000 128 128
5730 00002000 128 128
5734 00000000 128 128
5766 00002000 128 128
5770 00000000 128 128
5802 00002000 128 128
5806 00000000 128 128
5838 00002000 128 128
5842 00000000 128 128
5874 00002000 128 128
5878 00000000 128 128
5910 00002000 128 128
5914 00000000 128 128
5946 00002000 128 128
5950 00000000 128 128
5982 00002000 128 128
5986 00000000 128 128
6018 00002000 128 128
6022 00000000 128 128
6054 00002000 128 128
6058 00000000 128 128
6090 00002000 128 128
6094 00000000 128 128
6126 00002000 128 128
6130 00000000 128 128
6162 00002000 128 128
6166 00000000 128 128
6198 00002000 128 128
6202 00000000 128 128
6234 00002000 128 128
6238 00000000 128 128
6270 00002000 128 128
6274 00000000 128 128
6306 00002000 128 128
6310 00000000 128 128
6342 00002000 128 128
6346 00000000 128 128
6378 00002000 128 128
6382 00000000 128 128
6414 00002000 128 128
6418 00000000 128 128
6450 00002000 128 128
6454 00000000 128 128
6486 00002000 128 128
6490 00000000 128 128
6522 00002000 128 128
6526 00000000 128 128
6558 00002000 128 128
6562 00000000 128 128
6594 00002000 128 128
6598 00000000 128 128
6630 00002000 128 128
6634 00000000 128 128
6666 00002000 128 128
6670 00000000 128 128
6702 00002000 128 128
6706 00000000 128 128
6738 00002000 128 128
6742 00000000 128 128
6774 00002000 128 128
6778 00000000 128 128
6810 00002000 128 128
6814 00000000 128 128
6846 00002000 128 128
6850 00000000 128 128
6882 00002000 128 128
6886 00000000 128 128
6918 00002000 128 128
6922 00000000 128 128
6954 00002000 128 128
6958 00000000 128 128
6990 00002000 128 128
6994 00000000 128 128
7026 00002000 128 128
7030 00000000 128 128
7062 00002000 128 128
7066 00000000 128 128
7098 00002000 128 128
7102 00000000 128 128
7134 00002000 128 128
7138 00000000 128 128
7170 00002000 128 128
7174 00000000 128 128
7206 00002000 128 128
7210 00000000 128 128
7242 00002000 128 128
7246 00000000 128 128
7278 00002000 128 128
7282 00000000 128 128
7314 00002000 128 128
7318 00000000 128 128
7350 00002000 128 128
7354 00000000 128 128
7386 00002000 128 128
7390 00000000 128 128
7422 00002000 128 128
7426 00000000 128 128
7458 00002000 128 128
7462 00000000 128 128
7494 00002000 128 128
7498 00000000 128 128
7530 00002000 128 128
7534 00000000 128 128
7566 00002000 128 128
7570 00000000 128 128
7602 00002000 128 128
7606 00000000 128 128
7638 00002000 128 128
7642 00000000 128 128
7674 00002000 128 128
7678 00000000 128 128
7710 00002000 128 128
7714 00000000 128 128
7746 00002000 128 128
7750 00000000 128 128
7782 00002000 128 128
7786 00000000 128 128
7818 00002000 128 128
7822 00000000 128 128
7854 00002000 128 128
7858 00000000 128 128
7890 00002000 128 128
7894 00000000 128 128
7926 00002000 128 128
7930 00000000 128 128
7962 00002000 128 128
7966 00000000 128 128
7998 00002000 128 128
8002 00000000 128 128
8034 00002000 128 128
8038 00000000 128 128
8070 00002000 128 128
8074 00000000 128 128
8106 00002000 128 128
8110 00000000 128 128
8142 00002000 128 128
8146 00000000 128 128
8178 00002000 128 128
8182 00000000 128 128
8214 00002000 128 128
8218 00000000 128 128
8250 00002000 128 128
8254 00000000 128 128
8286 00002000 128 128
8290 00000000 128 128
8322 00002000 128 128
8326 00000000 128 128
8358 00002000 128 128
8362 00000000 128 128
8394 00002000 128 128
8398 00000000 128 128
8430 00002000 128 128
8434 00000000 128 128
8466 00002000 128 128
8470 00000000 128 128
8502 00002000 128 128
8506 00000000 128 128
8538 00002000 128 128
8542 00000000 128 128
8574 00002000 128 128
8578 00000000 128 128
8610 00002000 128 128
8614 00000000 128 128
8646 00002000 128 128
8650 00000000 128 128
8682 00002000 128 128
8686 00000000 128 128
8718 00002000 128 128
8722 00000000 128 128
8754 00002000 128 128
8758 00000000 128 128
8790 00002000 128 128
8794 00000000 128 128
8826 00002000 128 128
8830 00000000 128 128
8862 00002000 128 128
8866 00000000 128 128
8898 00002000 128 128
8902 00000000 128 128
8934 00002000 128 128
8938 00000000 128 128
8970 00002000 128 128
8974 00000000 128 128
9006 00002000 128 128
9010 00000000 128 128
9042 00002000 128 128
9046 00000000 128 128
9078 00002000 128 128
9082 00000000 128 128
9114 00002000 128 128
9118 00000000 128 128
9150 00002000 128 128
9154 00000000 128 128
9186 00002000 128 128
9190 00000000 128 128
9222 00002000 128 128
9226 00000000 128 128
9258 00002000 128 128
9262 00000000 128 128
9294 00002000 128 128
9298 00000000 128 128
9330 00002000 128 128
9334 00000000 128 128
9366 00002000 128 128
9370 00000000 128 128
9402 00002000 128 128
9406 00000000 128 128
9438 00002000 128 128
9442 00000000 128 128
9474 00002000 128 128
9478 00000000 128 128
9510 00002000 128 128
9514 00000000 128 128
9546 00002000 128 128
9550 00000000 128 128
9582 00002000 128 128
9586 00000000 128 128
9618 00002000 128 128
9622 00000000 128 128
9654 00002000 128 128
9658 00000000 128 128
9690 00002000 128 128
9694 00000000 128 128
9726 00002000 128 128
9730 00000000 128 128
9762 00002000 128 128
9766 00000000 128 128
9798 00002000 128 128
9802 00000000 128 128
9834 00002000 128 128
9838 00000000 128 128
9870 00002000 128 128
9874 00000000 128 128
9906 00002000 128 128
9910 00000000 128 128
9942 00002000 128 128
9946 00000000 128 128
9978 00002000 128 128
9982 00000000 128 128
10014 00002000 128 128
10018 00000000 128 128
10050 00002000 128 128
10054 00000000 128 128
10086 00002000 128 128
10090 00000000 128 128
10122 00002000 128 128
10126 00000000 128 128
10158 00002000 128 128
10162 00000000 128 128
10194 00002000 128 128
10198 00000000 128 128
10230 00002000 128 128
10234 00000000 128 128
10266 00002000 128 128
10270 00000000 128 128
10302 00002000 128 128
10306 00000000 128 128
10338 00002000 128 128
10342 00000000 128 128
10374 00002000 128 128
10378 00000000 128 128
10410 00002000 128 128
10414 00000000 128 128
10446 00002000 128 128
10450 00000000 128 128
10482 00002000 128 128
10486 00000000 128 128
10518 00002000 128 128
10522 00000000 128 128
10554 00002000 128 128
10558 00000000 128 128
10590 00002000 128 128
10594 00000000 128 128
10626 00002000 128 128
10630 00000000 128 128
10662 00002000 128 128
10666 00000000 128 128
10698 00002000 128 128
10702 00000000 128 128
10734 00002000 128 128
10738 00000000 128 128
10770 00002000 128 128
10774 00000000 128 128
10806 00002000 128 128
10810 00000000 128 128
10842 00002000 128 128
10846 00000000 128 128
10878 00002000 128 128
10882 00000000 128 128
10914 00002000 128 128
10918 00000000 128 128
10950 00002000 128 128
10954 00000000 128 128
10986 00002000 128 128
10990 00000000 128 128
11022 00002000 128 128
11026 00000000 128 128
11058 00002000 128 128
11062 00000000 128 128
11094 00002000 128 128
11098 00000000 128 128
11130 00002000 128 128
11134 00000000 128 128
11166 00002000 128 128
11170 00000000 128 128
11202 00002000 128 128
11206 00000000 128 128
11238 00002000 128 128
11242 00000000 128 128
11274 00002000 128 128
11278 00000000 128 128
11310 00002000 128 128
11314 00000000 128 128
11346 00002000 128 128
11350 00000000 128 128
11382 00002000 128 128
11386 00000000 128 128
11418 00002000 128 128
11422 00000000 128 128
11454 00002000 128 128
11458 00000000 128 128
11490 00002000 128 128
11494 00000000 128 128
11526 00002000 128 128
11530 00000000 128 128
11562 00002000 128 128
11566 00000000 128 128
11598 00002000 128 128
11602 00000000 128 128
11634 00002000 128 128
11638 00000000 128 128
11670 00002000 128 128
11674 00000000 128 128
11706 00002000 128 128
11710 00000000 128 128
11742 00002000 128 128
11746 00000000 128 128
11778 00002000 128 128
11782 00000000 128 128
11814 00002000 128 128
11818 00000000 128 128
11850 00002000 128 128
11854 00000000 128 128
11886 00002000 128 128
11890 00000000 128 128
11922 00002000 128 128
11926 00000000 128 128
11958 00002000 128 128
11962 00000000 128 128
11994 00002000 128 128
11998 00000000 128 128
12030 00002000 128 128
12034 00000000 128 128
12066 00002000 128 128
12070 00000000 128 128
12102 00002000 128 128
12106 00000000 128 128
12138 00002000 128 128
12142 00000000 128 128
12174 00002000 128 128
12178 00000000 128 128
12210 00002000 128 128
12214 00000000 128 128
12366 00004000 128 128
12370 00000000 128 128
12402 00004000 128 128
12406 00000000 128 128
12438 00004000 128 128
12442 00000000 128 128
12474 00004000 128 128
12478 00000000 128 128
12510 00004000 128 128
12514 00000000 128 128
12546 00004000 128 128
12550 00000000 128 128
12582 00004000 128 128
12586 00000000 128 128
12618 00004000 128 128
12622 00000000 128 128
12654 00004000 128 128
12658 00000000 128 128
12690 00004000 128 128
12694 00000000 128 128
12726 00004000 128 128
12730 00000000 128 128
12762 00004000 128 128
12766 00000000 128 128
12798 00004000 128 128
12802 00000000 128 128
12834 00004000 128 128
12838 00000000 128 128
12870 00004000 128 128
12874 00000000 128 128
12906 00004000 128 128
12910 00000000 128 128
12942 00004000 128 128
12946 00000000 128 128
12978 00004000 128 128
12982 00000000 128 128
13014 00004000 128 128
13018 00000000 128 128
13050 00004000 128 128
13054 00000000 128 128
13086 00004000 128 128
13090 00000000 128 128
13122 00004000 128 128
13126 00000000 128 128
13158 00004000 128 128
13162 00000000 128 128
13194 00004000 128 128
13198 00000000 128 128
13230 00004000 128 128
13234 00000000 128 128
13266 00004000 128 128
13270 00000000 128 128
13302 00004000 128 128
13306 00000000 128 128
13338 00004000 128 128
13342 00000000 128 128
13374 00004000 128 128
13378 00000000 128 128
13410 00004000 128 128
13414 00000000 128 128
13446 00004000 128 128
13450 00000000 128 128
13482 00004000 128 128
13486 00000000 128 128
13518 00004000 128 128
13522 00000000 128 128
13554 00004000 128 128
13558 00000000 128 128
13590 00004000 128 128
13594 00000000 128 128
13626 00004000 128 128
13630 00000000 128 128
13662 00004000 128 128
13666 00000000 128 128
13698 00004000 128 128
13702 00000000 128 128
13734 00004000 128 128
13738 00000000 128 128
13770 00004000 128 128
13774 00000000 128 128
13866 00000040 128 128
13922 00000000 128 128
13924 00000080 128 128
13932 00000000 128 128
13934 00000010 128 128
13950 00000000 128 128
14072 00000020 128 128
14080 00000000 128 128
14082 00000040 128 128
14178 00000000 128 128
14780 00002000 128 128
14784 00000000 128 128
14816 00002000 128 128
14820 00000000 128 128
14852 00002000 128 128
14856 00000000 128 128
14888 00002000 128 128
14892 00000000 128 128
14924 00002000 128 128
14928 00000000 128 128
14960 00002000 128 128
14964 00000000 128 128
14996 00002000 128 128
15000 00000000 128 128
15032 00002000 128 128
15036 00000000 128 128
15068 00002000 128 128
15072 00000000 128 128
15104 00002000 128 128
15108 00000000 128 128
15140 00002000 128 128
15144 00000000 128 128
15176 00002000 128 128
15180 00000000 128 128
15212 00002000 128 128
15216 00000000 128 128
15248 00002000 128 128
15252 00000000 128 128
15284 00002000 128 128
15288 00000000 128 128
15320 00002000 128 128
15324 00000000 128 128
15356 00002000 128 128
15360 00000000 128 128
15392 00002000 128 128
15396 00000000 128 128
15428 00002000 128 128
15432 00000000 128 128
15464 00002000 128 128
15468 00000000 128 128
15500 00002000 128 128
15504 00000000 128 128
15536 00002000 128 128
15540 00000000 128 128
15572 00002000 128 128
15576 00000000 128 128
15608 00002000 128 128
15612 00000000 128 128
15644 00002000 128 128
15648 00000000 128 128
15680 00002000 128 128
15684 00000000 128 128
15716 00002000 128 128
15720 00000000 128 128
15752 00002000 128 128
15756 00000000 128 128
15788 00002000 128 128
15792 00000000 128 128
15824 00002000 128 128
15828 00000000 128 128
15860 00002000 128 128
15864 00000000 128 128
15896 00002000 128 128
15900 00000000 128 128
15932 00002000 128 128
15936 00000000 128 128
15968 00002000 128 128
15972 00000000 128 128
16004 00002000 128 128
16008 00000000 128 128
16040 00002000 128 128
16044 00000000 128 128
16076 00002000 128 128
16080 00000000 128 128
16112 00002000 128 128
16116 00000000 128 128
16148 00002000 128 128
16152 00000000 128 128
16184 00002000 128 128
16188 00000000 128 128
16220 00002000 128 128
16224 00000000 128 128
16256 00002000 128 128
16260 00000000 128 128
16292 00002000 128 128
16296 00000000 128 128
16328 00002000 128 128
16332 00000000 128 128
16364 00002000 128 128
16368 00000000 128 128
16400 00002000 128 128
16404 00000000 128 128
16436 00002000 128 128
16440 00000000 128 128
16472 00002000 128 128
16476 00000000 128 128
16508 00002000 128 128
16512 00000000 128 128
16544 00002000 128 128
16548 00000000 128 128
16580 00002000 128 128
16584 00000000 128 128
16616 00002000 128 128
16620 00000000 128 128
16652 00002000 128 128
16656 00000000 128 128
16688 00002000 128 128
16692 00000000 128 128
16724 00002000 128 128
16728 00000000 128 128
16760 00002000 128 128
16764 00000000 128 128
16796 00002000 128 128
16800 00000000 128 128
16832 00002000 128 128
16836 00000000 128 128
16868 00002000 128 128
16872 00000000 128 128
16904 00002000 128 128
16908 00000000 128 128
16940 00002000 128 128
16944 00000000 128 128
16976 00002000 128 128
16980 00000000 128 128
17012 00002000 128 128
17016 00000000 128 128
17048 00002000 128 128
17052 00000000 128 128
17084 00002000 128 128
17088 00000000 128 128
17120 00002000 128 128
17124 00000000 128 128
17156 00002000 128 128
17160 00000000 128 128
17192 00002000 128 128
17196 00000000 128 128
17228 00002000 128 128
17232 00000000 128 128
17264 00002000 128 128
17268 00000000 128 128
17300 00002000 128 128
17304 00000000 128 128
17336 00002000 128 128
17340 00000000 128 128
17372 00002000 128 128
17376 00000000 128 128
17408 00002000 128 128
17412 00000000 128 128
17444 00002000 128 128
17448 00000000 128 128
17480 00002000 128 128
17484 00000000 128 128
17516 00002000 128 128
17520 00000000 128 128
17552 00002000 128 128
17556 00000000 128 128
17588 00002000 128 128
17592 00000000 128 128
17624 00002000 128 128
17628 00000000 128 128
17660 00002000 128 128
17664 00000000 128 128
17696 00002000 128 128
17700 00000000 128 128
17732 00002000 128 128
17736 00000000 128 128
17768 00002000 128 128
17772 00000000 128 128
17804 00002000 128 128
17808 00000000 128 128
17840 00002000 128 128
17844 00000000 128 128
17876 00002000 128 128
17880 00000000 128 128
17912 00002000 128 128
17916 00000000 128 128
17948 00002000 128 128
17952 00000000 128 128
17984 00002000 128 128
17988 00000000 128 128
18020 00002000 128 128
18024 00000000 128 128
18056 00002000 128 128
18060 00000000 128 128
18092 00002000 128 128
18096 00000000 128 128
18128 00002000 128 128
18132 00000000 128 128
18164 00002000 128 128
18168 00000000 128 128
18200 00002000 128 128
18204 00000000 128 128
18236 00002000 128 128
18240 00000000 128 128
18272 00002000 128 128
18276 00000000 128 128
18308 00002000 128 128
18312 00000000 128 128
18344 00002000 128 128
18348 00000000 128 128
18380 00002000 128 128
18384 00000000 128 128
18416 00002000 128 128
18420 00000000 128 128
18452 00002000 128 128
18456 00000000 128 128
18488 00002000 128 128
18492 00000000 128 128
18524 00002000 128 128
18528 00000000 128 128
18560 00002000 128 128
18564 00000000 128 128
18596 00002000 128 128
18600 00000000 128 128
18632 00002000 128 128
18636 00000000 128 128
18668 00002000 128 128
18672 00000000 128 128
18704 00002000 128 128
18708 00000000 128 128
18740 00002000 128 128
18744 00000000 128 128
18776 00002000 128 128
18780 00000000 128 128
18812 00002000 128 128
18816 00000000 128 128
18848 00002000 128 128
18852 00000000 128 128
18884 00002000 128 128
18888 00000000 128 128
18920 00002000 128 128
18924 00000000 128 128
18956 00002000 128 128
18960 00000000 128 128
18992 00002000 128 128
18996 00000000 128 128
19028 00002000 128 128
19032 00000000 128 128
19064 00002000 128 128
19068 00000000 128 128
19100 00002000 128 128
19104 00000000 128 128
19136 00002000 128 128
19140 00000000 128 128
19172 00002000 128 128
19176 00000000 128 128
19208 00002000 128 128
19212 00000000 128 128
19244 00002000 128 128
19248 00000000 128 128
19280 00002000 128 128
19284 00000000 128 128
19316 00002000 128 128
19320 00000000 128 128
19352 00002000 128 128
19356 00000000 128 128
19388 00002000 128 128
19392 00000000 128 128
19424 00002000 128 128
19428 00000000 128 128
19460 00002000 128 128
19464 00000000 128 128
19496 00002000 128 128
19500 00000000 128 128
19532 00002000 128 128
19536 00000000 128 128
19568 00002000 128 128
19572 00000000 128 128
19604 00002000 128 128
19608 00000000 128 128
19640 00002000 128 128
19644 00000000 128 128
19676 00002000 128 128
19680 00000000 128 128
19712 00002000 128 128
19716 00000000 128 128
19748 00002000 128 128
19752 00000000 128 128
19784 00002000 128 128
19788 00000000 128 128
19820 00002000 128 128
19824 00000000 128 128
19856 00002000 128 128
19860 00000000 128 128
19892 00002000 128 128
19896 00000000 128 128
19928 00002000 128 128
19932 00000000 128 128
19964 00002000 128 128
19968 00000000 128 128
20000 00002000 128 128
20004 00000000 128 128
20036 00002000 128 128
20040 00000000 128 128
20072 00002000 128 128
20076 00000000 128 128
20108 00002000 128 128
20112 00000000 128 128
20144 00002000 128 128
20148 00000000 128 128
20180 00002000 128 128
20184 00000000 128 128
20216 00002000 128 128
20220 00000000 128 128
20252 00002000 128 128
20256 00000000 128 128
20288 00002000 128 128
20292 00000000 128 128
20324 00002000 128 128
20328 00000000 128 128
20360 00002000 128 128
20364 00000000 128 128
20396 00002000 128 128
20400 00000000 128 128
20432 00002000 128 128
20436 00000000 128 128
20468 00002000 128 128
20472 00000000 128 128
20504 00002000 128 128
20508 00000000 128 128
20540 00002000 128 128
20544 00000000 128 128
20576 00002000 128 128
20580 00000000 128 128
20612 00002000 128 128
20616 00000000 128 128
20648 00002000 128 128
20652 00000000 128 128
20684 00002000 128 128
20688 00000000 128 128
20720 00002000 128 128
20724 00000000 128 128
20756 00002000 128 128
20760 00000000 128 128
20792 00002000 128 128
20796 00000000 128 128
20828 00002000 128 128
20832 00000000 128 128
20864 00002000 128 128
20868 00000000 128 128
20900 00002000 128 128
20904 00000000 128 128
20936 00002000 128 128
20940 00000000 128 128
20972 00002000 128 128
20976 00000000 128 128
21008 00002000 128 128
21012 00000000 128 128
21044 00002000 128 128
21048 00000000 128 128
21080 00002000 128 128
21084 00000000 128 128
21116 00002000 128 128
21120 00000000 128 128
21152 00002000 128 128
21156 00000000 128 128
21188 00002000 128 128
21192 00000000 128 128
21224 00002000 128 128
21228 00000000 128 128
21260 00002000 128 128
21264 00000000 128 128
21296 00002000 128 128
21300 00000000 128 128
21332 00002000 128 128
21336 00000000 128 128
21368 00002000 128 128
21372 00000000 128 128
21404 00002000 128 128
21408 00000000 128 128
21440 00002000 128 128
21444 00000000 128 128
21476 00002000 128 128
21480 00000000 128 128
21512 00002000 128 128
21516 00000000 128 128
21548 00002000 128 128
21552 00000000 128 128
21584 00002000 128 128
21588 00000000 128 128
21620 00002000 128 128
21624 00000000 128 128
21656 00002000 128 128
21660 00000000 128 128
21692 00002000 128 128
21696 00000000 128 128
21728 00002000 128 128
21732 00000000 128 128
21764 00002000 128 128
21768 00000000 128 128
21800 00002000 128 128
21804 00000000 128 128
21836 00002000 128 128
21840 00000000 128 128
21872 00002000 128 128
21876 00000000 128 128
21908 00002000 128 128
21912 00000000 128 128
21944 00002000 128 128
21948 00000000 128 128
21980 00002000 128 128
21984 00000000 128 128
22016 00002000 128 128
22020 00000000 128 128
22052 00002000 128 128
22056 00000000 128 128
22088 00002000 128 128
22092 00000000 128 128
22124 00002000 128 128
22128 00000000 128 128
22160 00002000 128 128
22164 00000000 128 128
22196 00002000 128 128
22200 00000000 128 128
22232 00002000 128 128
22236 00000000 128 128
22268 00002000 128 128
22272 00000000 128 128
22304 00002000 128 128
22308 00000000 128 128
22340 00002000 128 128
22344 00000000 128 128
22376 00002000 128 128
22380 00000000 128 128
22412 00002000 128 128
22416 00000000 128 128
22448 00002000 128 128
22452 00000000 128 128
22484 00002000 128 128
22488 00000000 128 128
22520 00002000 128 128
22524 00000000 128 128
22556 00002000 128 128
22560 00000000 128 128
22592 00002000 128 128
22596 00000000 128 128
22628 00002000 128 128
22632 00000000 128 128
22664 00002000 128 128
22668 00000000 128 128
22700 00002000 128 128
22704 00000000 128 128
22736 00002000 128 128
22740 00000000 128 128
22772 00002000 128 128
22776 00000000 128 128
22808 00002000 128 128
22812 00000000 128 128
22844 00002000 128 128
22848 00000000 128 128
22880 00002000 128 128
22884 00000000 128 128
22916 00002000 128 128
22920 00000000 128 128
22952 00002000 128 128
22956 00000000 128 128
22988 00002000 128 128
22992 00000000 128 128
23024 00002000 128 128
23028 00000000 128 128
23060 00002000 128 128
23064 00000000 128 128
23096 00002000 128 128
23100 00000000 128 128
23132 00002000 128 128
23136 00000000 128 128
23168 00002000 128 128
23172 00000000 128 128
23204 00002000 128 128
23208 00000000 128 128
23240 00002000 128 128
23244 00000000 128 128
23276 00002000 128 128
23280 00000000 128 128
23312 00002000 128 128
23316 00000000 128 128
23348 00002000 128 128
23352 00000000 128 128
23384 00002000 128 128
23388 00000000 128 128
23420 00002000 128 128
23424 00000000 128 128
23456 00002000 128 128
23460 00000000 128 128
23492 00002000 128 128
23496 00000000 128 128
23528 00002000 128 128
23532 00000000 128 128
23564 00002000 128 128
23568 00000000 128 128
23600 00002000 128 128
23604 00000000 128 128
23636 00002000 128 128
23640 00000000 128 128
23672 00002000 128 128
23676 00000000 128 128
23708 00002000 128 128
23712 00000000 128 128
23744 00002000 128 128
23748 00000000 128 128
23780 00002000 128 128
23784 00000000 128 128
23816 00002000 128 128
23820 00000000 128 128
23852 00002000 128 128
23856 00000000 128 128
23888 00002000 128 128
23892 00000000 128 128
23924 00002000 128 128
23928 00000000 128 128
23960 00002000 128 128
23964 00000000 128 128
23996 00002000 128 128
24000 00000000 128 128
24032 00002000 128 128
24036 00000000 128 128
24068 00002000 128 128
24072 00000000 128 128
24104 00002000 128 128
24108 00000000 128 128
24140 00002000 128 128
24144 00000000 128 128
24176 00002000 128 128
24180 00000000 128 128
24212 00002000 128 128
24216 00000000 128 128
24248 00002000 128 128
24252 00000000 128 128
24284 00002000 128 128
24288 00000000 128 128
24320 00002000 128 128
24324 00000000 128 128
24356 00002000 128 128
24360 00000000 128 128
24392 00002000 128 128
24396 00000000 128 128
24428 00002000 128 128
24432 00000000 128 128
24464 00002000 128 128
24468 00000000 128 128
24500 00002000 128 128
24504 00000000 128 128
24536 00002000 128 128
24540 00000000 128 128
24572 00002000 128 128
24576 00000000 128 128
24608 00002000 128 128
24612 00000000 128 128
24644 00002000 128 128
24648 00000000 128 128
24680 00002000 128 128
24684 00000000 128 128
24716 00002000 128 128
24720 00000000 128 128
24752 00002000 128 128
24756 00000000 128 128
24788 00002000 128 128
24792 00000000 128 128
24824 00002000 128 128
24828 00000000 128 128
24860 00002000 128 128
24864 00000000 128 128
24896 00002000 128 128
24900 00000000 128 128
24932 00002000 128 128
24936 00000000 128 128
24968 00002000 128 128
24972 00000000 128 128
25004 00002000 128 128
25008 00000000 128 128
25040 00002000 128 128
25044 00000000 128 128
25076 00002000 128 128
25080 00000000 128 128
25112 00002000 128 128
25116 00000000 128 128
25148 00002000 128 128
25152 00000000 128 128
25184 00002000 128 128
25188 00000000 128 128
25220 00002000 128 128
25224 00000000 128 128
25256 00002000 128 128
25260 00000000 128 128
25292 00002000 128 128
25296 00000000 128 128
25328 00002000 128 128
25332 00000000 128 128
25364 00002000 128 128
25368 00000000 128 128
25400 00002000 128 128
25404 00000000 128 128
25436 00002000 128 128
25440 00000000 128 128
25472 00002000 128 128
25476 00000000 128 128
25508 00002000 128 128
25512 00000000 128 128
25544 00002000 128 128
25548 00000000 128 128
25700 00004000 128 128
25704 00000000 128 128
25736 00004000 128 128
25740 00000000 128 128
25772 00004000 128 128
25776 00000000 128 128
25808 00004000 128 128
25812 00000000 128 128
25844 00004000 128 128
25848 00000000 128 128
25880 00004000 128 128
25884 00000000 128 128
25916 00004000 128 128
25920 00000000 128 128
25952 00004000 128 128
25956 00000000 128 128
25988 00004000 128 128
25992 00000000 128 128
26024 00004000 128 128
26028 00000000 128 128
26060 00004000 128 128
26064 00000000 128 128
26096 00004000 128 128
26100 00000000 128 128
26132 00004000 128 128
26136 00000000 128 128
26168 00004000 128 128
26172 00000000 128 128
26204 00004000 128 128
26208 00000000 128 128
26240 00004000 128 128
26244 00000000 128 128
26276 00004000 128 128
26280 00000000 128 128
26312 00004000 128 128
26316 00000000 128 128
26348 00004000 128 128
26352 00000000 128 128
26384 00004000 128 128
26388 00000000 128 128
26420 00004000 128 128
26424 00000000 128 128
26456 00004000 128 128
26460 00000000 128 128
26492 00004000 128 128
26496 00000000 128 128
26528 00004000 128 128
26532 00000000 128 128
26564 00004000 128 128
26568 00000000 128 128
26600 00004000 128 128
26604 00000000 128 128
26636 00004000 128 128
26640 00000000 128 128
26672 00004000 128 128
26676 00000000 128 128
26708 00004000 128 128
26712 00000000 128 128
26744 00004000 128 128
26748 00000000 128 128
26780 00004000 128 128
26784 00000000 128 128
26816 00004000 128 128
26820 00000000 128 128
26852 00004000 128 128
26856 00000000 128 128
26888 00004000 128 128
26892 00000000 128 128
26924 00004000 128 128
26928 00000000 128 128
26960 00004000 128 128
26964 00000000 128 128
26996 00004000 128 128
27000 00000000 128 128
27032 00004000 128 128
27036 00000000 128 128
27068 00004000 128 128
27072 00000000 128 128
27104 00004000 128 128
27108 00000000 128 128
27200 00000040 128 128
27208 00000000 128 128
27210 00000020 128 128
27274 00000000 128 128
27276 00000010 128 128
27292 00000000 128 128
27474 00001000 128 128
27478 00000000 128 128
27580 00000010 128 128
27586 00000000 128 128
27608 00000010 128 128
27614 00000000 128 128
27636 00000010 128 128
27642 00000000 128 128
27664 00000020 128 128
27670 00000000 128 128
27702 00002000 128 128
27706 00000000 128 128
28118 00002000 128 128
28122 00000000 128 128
28334 00002000 128 128
28338 00000000 128 128
28550 00002000 128 128
28554 00000000 128 128
28766 00002000 128 128
28770 00000000 128 128
28982 00002000 128 128
28986 00000000 128 128
29258 00000000 128 128
