0 00000000 128 128
150 00000008 128 128
152 00000000 128 128
300 00000008 128 128
302 00000000 128 128
450 00002000 128 128
452 00000000 128 128
700 00000020 128 128
800 00000000 128 128
802 00000010 128 128
1402 00000000 128 128
1434 00002000 128 128
1438 00000000 128 128
1540 00002000 128 128
1544 00000000 128 128
1646 00004000 128 128
1650 00000000 128 128
1682 00004000 128 128
1686 00000000 128 128
1718 00004000 128 128
1722 00000000 128 128
1754 00004000 128 128
1758 00000000 128 128
1790 00004000 128 128
1794 00000000 128 128
1826 00004000 128 128
1830 00000000 128 128
1862 00004000 128 128
1866 00000000 128 128
1898 00004000 128 128
1902 00000000 128 128
1934 00004000 128 128
1938 00000000 128 128
1970 00004000 128 128
1974 00000000 128 128
2006 00004000 128 128
2010 00000000 128 128
2042 00004000 128 128
2046 00000000 128 128
2078 00004000 128 128
2082 00000000 128 128
2114 00004000 128 128
2118 00000000 128 128
2150 00004000 128 128
2154 00000000 128 128
2186 00004000 128 128
2190 00000000 128 128
2222 00004000 128 128
2226 00000000 128 128
2258 00004000 128 128
2262 00000000 128 128
2294 00004000 128 128
2298 00000000 128 128
2330 00004000 128 128
2334 00000000 128 128
2366 00004000 128 128
2370 00000000 128 128
2402 00004000 128 128
2406 00000000 128 128
2438 00004000 128 128
2442 00000000 128 128
2474 00004000 128 128
2478 00000000 128 128
2510 00004000 128 128
2514 00000000 128 128
2546 00004000 128 128
2550 00000000 128 128
2582 00004000 128 128
2586 00000000 128 128
2618 00004000 128 128
2622 00000000 128 128
2654 00004000 128 128
2658 00000000 128 128
2690 00004000 128 128
2694 00000000 128 128
2726 00004000 128 128
2730 00000000 128 128
2762 00004000 128 128
2766 00000000 128 128
2798 00004000 128 128
2802 00000000 128 128
2834 00004000 128 128
2838 00000000 128 128
2870 00004000 128 128
2874 00000000 128 128
2906 00004000 128 128
2910 00000000 128 128
2942 00004000 128 128
2946 00000000 128 128
2978 00004000 128 128
2982 00000000 128 128
3014 00004000 128 128
3018 00000000 128 128
3050 00004000 128 128
3054 00000000 128 128
3146 00000000 128 128
