0 00000000 128 128
150 00000008 128 128
152 00000000 128 128
300 00000008 128 128
302 00000000 128 128
450 00002000 128 128
452 00000000 128 128
700 00000080 128 128
1300 00000000 128 128
1302 00000010 128 128
1902 00000000 128 128
1904 00000020 128 128
2000 00000000 128 128
2002 00000010 128 128
2602 00000000 128 128
2604 00004000 128 128
2608 00000000 128 128
2640 00004000 128 128
2644 00000000 128 128
2676 00004000 128 128
2680 00000000 128 128
2712 00004000 128 128
2716 00000000 128 128
2748 00004000 128 128
2752 00000000 128 128
2784 00004000 128 128
2788 00000000 128 128
2820 00004000 128 128
2824 00000000 128 128
2856 00004000 128 128
2860 00000000 128 128
2892 00004000 128 128
2896 00000000 128 128
2928 00004000 128 128
2932 00000000 128 128
2964 00004000 128 128
2968 00000000 128 128
3000 00004000 128 128
3004 00000000 128 128
3036 00004000 128 128
3040 00000000 128 128
3072 00004000 128 128
3076 00000000 128 128
3108 00004000 128 128
3112 00000000 128 128
3144 00004000 128 128
3148 00000000 128 128
3180 00004000 128 128
3184 00000000 128 128
3216 00004000 128 128
3220 00000000 128 128
3252 00004000 128 128
3256 00000000 128 128
3288 00004000 128 128
3292 00000000 128 128
3324 00004000 128 128
3328 00000000 128 128
3360 00004000 128 128
3364 00000000 128 128
3396 00004000 128 128
3400 00000000 128 128
3432 00004000 128 128
3436 00000000 128 128
3468 00004000 128 128
3472 00000000 128 128
3504 00004000 128 128
3508 00000000 128 128
3540 00004000 128 128
3544 00000000 128 128
3576 00004000 128 128
3580 00000000 128 128
3612 00004000 128 128
3616 00000000 128 128
3648 00004000 128 128
3652 00000000 128 128
3684 00004000 128 128
3688 00000000 128 128
3720 00004000 128 128
3724 00000000 128 128
3756 00004000 128 128
3760 00000000 128 128
3792 00004000 128 128
3796 00000000 128 128
3828 00004000 128 128
3832 00000000 128 128
3864 00004000 128 128
3868 00000000 128 128
3900 00004000 128 128
3904 00000000 128 128
3936 00004000 128 128
3940 00000000 128 128
3972 00004000 128 128
3976 00000000 128 128
4008 00004000 128 128
4012 00000000 128 128
4044 00004000 128 128
4048 00000000 128 128
4080 00004000 128 128
4084 00000000 128 128
4116 00004000 128 128
4120 00000000 128 128
4152 00004000 128 128
4156 00000000 128 128
4188 00004000 128 128
4192 00000000 128 128
4224 00004000 128 128
4228 00000000 128 128
4260 00004000 128 128
4264 00000000 128 128
4296 00004000 128 128
4300 00000000 128 128
4332 00004000 128 128
4336 00000000 128 128
4368 00004000 128 128
4372 00000000 128 128
4404 00004000 128 128
4408 00000000 128 128
4440 00004000 128 128
4444 00000000 128 128
4476 00004000 128 128
4480 00000000 128 128
4512 00004000 128 128
4516 00000000 128 128
4548 00004000 128 128
4552 00000000 128 128
4584 00004000 128 128
4588 00000000 128 128
4620 00004000 128 128
4624 00000000 128 128
4656 00004000 128 128
4660 00000000 128 128
4692 00004000 128 128
4696 00000000 128 128
4728 00004000 128 128
4732 00000000 128 128
4824 00000010 128 128
5724 00000000 128 128
5726 00000020 128 128
6026 00000000 128 128
6028 00000010 128 128
6928 00000000 128 128
6930 00004000 128 128
6934 00000000 128 128
6966 00004000 128 128
6970 00000000 128 128
7002 00004000 128 128
7006 00000000 128 128
7038 00004000 128 128
7042 00000000 128 128
7074 00004000 128 128
7078 00000000 128 128
7110 00004000 128 128
7114 00000000 128 128
7146 00004000 128 128
7150 00000000 128 128
7182 00004000 128 128
7186 00000000 128 128
7218 00004000 128 128
7222 00000000 128 128
7254 00004000 128 128
7258 00000000 128 128
7290 00004000 128 128
7294 00000000 128 128
7326 00004000 128 128
7330 00000000 128 128
7362 00004000 128 128
7366 00000000 128 128
7398 00004000 128 128
7402 00000000 128 128
7434 00004000 128 128
7438 00000000 128 128
7470 00004000 128 128
7474 00000000 128 128
7506 00004000 128 128
7510 00000000 128 128
7542 00004000 128 128
7546 00000000 128 128
7578 00004000 128 128
7582 00000000 128 128
7614 00004000 128 128
7618 00000000 128 128
7650 00004000 128 128
7654 00000000 128 128
7686 00004000 128 128
7690 00000000 128 128
7722 00004000 128 128
7726 00000000 128 128
7758 00004000 128 128
7762 00000000 128 128
7794 00004000 128 128
7798 00000000 128 128
7830 00004000 128 128
7834 00000000 128 128
7866 00004000 128 128
7870 00000000 128 128
7902 00004000 128 128
7906 00000000 128 128
7938 00004000 128 128
7942 00000000 128 128
7974 00004000 128 128
7978 00000000 128 128
8010 00004000 128 128
8014 00000000 128 128
8046 00004000 128 128
8050 00000000 128 128
8082 00004000 128 128
8086 00000000 128 128
8118 00004000 128 128
8122 00000000 128 128
8154 00004000 128 128
8158 00000000 128 128
8190 00004000 128 128
8194 00000000 128 128
8226 00004000 128 128
8230 00000000 128 128
8262 00004000 128 128
8266 00000000 128 128
8298 00004000 128 128
8302 00000000 128 128
8334 00004000 128 128
8338 00000000 128 128
8370 00004000 128 128
8374 00000000 128 128
8406 00004000 128 128
8410 00000000 128 128
8442 00004000 128 128
8446 00000000 128 128
8478 00004000 128 128
8482 00000000 128 128
8514 00004000 128 128
8518 00000000 128 128
8550 00004000 128 128
8554 00000000 128 128
8586 00004000 128 128
8590 00000000 128 128
8622 00004000 128 128
8626 00000000 128 128
8658 00004000 128 128
8662 00000000 128 128
8694 00004000 128 128
8698 00000000 128 128
8730 00004000 128 128
8734 00000000 128 128
8766 00004000 128 128
8770 00000000 128 128
8802 00004000 128 128
8806 00000000 128 128
8838 00004000 128 128
8842 00000000 128 128
8874 00004000 128 128
8878 00000000 128 128
8910 00004000 128 128
8914 00000000 128 128
8946 00004000 128 128
8950 00000000 128 128
8982 00004000 128 128
8986 00000000 128 128
9018 00004000 128 128
9022 00000000 128 128
9054 00004000 128 128
9058 00000000 128 128
9090 00004000 128 128
9094 00000000 128 128
9126 00004000 128 128
9130 00000000 128 128
9162 00004000 128 128
9166 00000000 128 128
9198 00004000 128 128
9202 00000000 128 128
9234 00004000 128 128
9238 00000000 128 128
9270 00004000 128 128
9274 00000000 128 128
9306 00004000 128 128
9310 00000000 128 128
9342 00004000 128 128
9346 00000000 128 128
9378 00004000 128 128
9382 00000000 128 128
9414 00004000 128 128
9418 00000000 128 128
9450 00004000 128 128
9454 00000000 128 128
9486 00004000 128 128
9490 00000000 128 128
9522 00004000 128 128
9526 00000000 128 128
9558 00004000 128 128
9562 00000000 128 128
9594 00004000 128 128
9598 00000000 128 128
9630 00004000 128 128
9634 00000000 128 128
9666 00004000 128 128
9670 00000000 128 128
9702 00004000 128 128
9706 00000000 128 128
9738 00004000 128 128
9742 00000000 128 128
9774 00004000 128 128
9778 00000000 128 128
10110 00000020 128 128
10210 00000000 128 128
10212 00000010 128 128
11112 00000000 128 128
11114 00004000 128 128
11118 00000000 128 128
11150 00004000 128 128
11154 00000000 128 128
11186 00004000 128 128
11190 00000000 128 128
11222 00004000 128 128
11226 00000000 128 128
11258 00004000 128 128
11262 00000000 128 128
11294 00004000 128 128
11298 00000000 128 128
11330 00004000 128 128
11334 00000000 128 128
11366 00004000 128 128
11370 00000000 128 128
11402 00004000 128 128
11406 00000000 128 128
11438 00004000 128 128
11442 00000000 128 128
11534 00000020 128 128
11594 00000000 128 128
11596 00000010 128 128
12496 00000000 128 128
12498 00000020 128 128
12798 00000000 128 128
12800 00000010 128 128
13700 00000000 128 128
13702 00000080 128 128
13762 00000000 128 128
13764 00000010 128 128
14664 00000000 128 128
14666 00000020 128 128
15266 00000000 128 128
15268 00000010 128 128
16168 00000000 128 128
16170 00000040 128 128
16210 00000000 128 128
16212 00000020 128 128
16244 00000000 128 128
16246 00000010 128 128
16286 00000000 128 128
16348 00000010 128 128
16428 00000000 128 128
16460 00002000 128 128
16464 00000000 128 128
16506 00004000 128 128
16510 00000000 128 128
16542 00004000 128 128
16546 00000000 128 128
16578 00004000 128 128
16582 00000000 128 128
16614 00004000 128 128
16618 00000000 128 128
16650 00004000 128 128
16654 00000000 128 128
16686 00004000 128 128
16690 00000000 128 128
16722 00004000 128 128
16726 00000000 128 128
16758 00004000 128 128
16762 00000000 128 128
16794 00004000 128 128
16798 00000000 128 128
16830 00004000 128 128
16834 00000000 128 128
16866 00004000 128 128
16870 00000000 128 128
16902 00004000 128 128
16906 00000000 128 128
16938 00004000 128 128
16942 00000000 128 128
16974 00004000 128 128
16978 00000000 128 128
17010 00004000 128 128
17014 00000000 128 128
17046 00004000 128 128
17050 00000000 128 128
17082 00004000 128 128
17086 00000000 128 128
17118 00004000 128 128
17122 00000000 128 128
17154 00004000 128 128
17158 00000000 128 128
17190 00004000 128 128
17194 00000000 128 128
17226 00004000 128 128
17230 00000000 128 128
17262 00004000 128 128
17266 00000000 128 128
17298 00004000 128 128
17302 00000000 128 128
17334 00004000 128 128
17338 00000000 128 128
17370 00004000 128 128
17374 00000000 128 128
17406 00004000 128 128
17410 00000000 128 128
17442 00004000 128 128
17446 00000000 128 128
17478 00004000 128 128
17482 00000000 128 128
17514 00004000 128 128
17518 00000000 128 128
17550 00004000 128 128
17554 00000000 128 128
17586 00004000 128 128
17590 00000000 128 128
17622 00004000 128 128
17626 00000000 128 128
17658 00004000 128 128
17662 00000000 128 128
17694 00004000 128 128
17698 00000000 128 128
17730 00004000 128 128
17734 00000000 128 128
17766 00004000 128 128
17770 00000000 128 128
17802 00004000 128 128
17806 00000000 128 128
17838 00004000 128 128
17842 00000000 128 128
17874 00004000 128 128
17878 00000000 128 128
17910 00004000 128 128
17914 00000000 128 128
17946 00004000 128 128
17950 00000000 128 128
17982 00004000 128 128
17986 00000000 128 128
18018 00004000 128 128
18022 00000000 128 128
18054 00004000 128 128
18058 00000000 128 128
18090 00004000 128 128
18094 00000000 128 128
18126 00004000 128 128
18130 00000000 128 128
18162 00004000 128 128
18166 00000000 128 128
18198 00004000 128 128
18202 00000000 128 128
18234 00004000 128 128
18238 00000000 128 128
18270 00004000 128 128
18274 00000000 128 128
18306 00004000 128 128
18310 00000000 128 128
18342 00004000 128 128
18346 00000000 128 128
18378 00004000 128 128
18382 00000000 128 128
18414 00004000 128 128
18418 00000000 128 128
18450 00004000 128 128
18454 00000000 128 128
18486 00004000 128 128
18490 00000000 128 128
18522 00004000 128 128
18526 00000000 128 128
18558 00004000 128 128
18562 00000000 128 128
18594 00004000 128 128
18598 00000000 128 128
18630 00004000 128 128
18634 00000000 128 128
18666 00004000 128 128
18670 00000000 128 128
18702 00004000 128 128
18706 00000000 128 128
18738 00004000 128 128
18742 00000000 128 128
18774 00004000 128 128
18778 00000000 128 128
18810 00004000 128 128
18814 00000000 128 128
18846 00004000 128 128
18850 00000000 128 128
18882 00004000 128 128
18886 00000000 128 128
18918 00004000 128 128
18922 00000000 128 128
18954 00004000 128 128
18958 00000000 128 128
18990 00004000 128 128
18994 00000000 128 128
19026 00004000 128 128
19030 00000000 128 128
19062 00004000 128 128
19066 00000000 128 128
19098 00004000 128 128
19102 00000000 128 128
19134 00004000 128 128
19138 00000000 128 128
19170 00004000 128 128
19174 00000000 128 128
19206 00004000 128 128
19210 00000000 128 128
19242 00004000 128 128
19246 00000000 128 128
19278 00004000 128 128
19282 00000000 128 128
19314 00004000 128 128
19318 00000000 128 128
19350 00004000 128 128
19354 00000000 128 128
19386 00004000 128 128
19390 00000000 128 128
19422 00004000 128 128
19426 00000000 128 128
19458 00004000 128 128
19462 00000000 128 128
19494 00004000 128 128
19498 00000000 128 128
19530 00004000 128 128
19534 00000000 128 128
19566 00004000 128 128
19570 00000000 128 128
19602 00004000 128 128
19606 00000000 128 128
19638 00004000 128 128
19642 00000000 128 128
19674 00004000 128 128
19678 00000000 128 128
19710 00004000 128 128
19714 00000000 128 128
19746 00004000 128 128
19750 00000000 128 128
19782 00004000 128 128
19786 00000000 128 128
19818 00004000 128 128
19822 00000000 128 128
19854 00004000 128 128
19858 00000000 128 128
19890 00004000 128 128
19894 00000000 128 128
19926 00004000 128 128
19930 00000000 128 128
19962 00004000 128 128
19966 00000000 128 128
19998 00004000 128 128
20002 00000000 128 128
20034 00004000 128 128
20038 00000000 128 128
20070 00004000 128 128
20074 00000000 128 128
20106 00004000 128 128
20110 00000000 128 128
20142 00004000 128 128
20146 00000000 128 128
20178 00004000 128 128
20182 00000000 128 128
20214 00004000 128 128
20218 00000000 128 128
20250 00004000 128 128
20254 00000000 128 128
20286 00004000 128 128
20290 00000000 128 128
20322 00004000 128 128
20326 00000000 128 128
20358 00004000 128 128
20362 00000000 128 128
20394 00004000 128 128
20398 00000000 128 128
20430 00004000 128 128
20434 00000000 128 128
20466 00004000 128 128
20470 00000000 128 128
20502 00004000 128 128
20506 00000000 128 128
20538 00004000 128 128
20542 00000000 128 128
20574 00004000 128 128
20578 00000000 128 128
20610 00004000 128 128
20614 00000000 128 128
20646 00004000 128 128
20650 00000000 128 128
20682 00004000 128 128
20686 00000000 128 128
20718 00004000 128 128
20722 00000000 128 128
20754 00004000 128 128
20758 00000000 128 128
20790 00004000 128 128
20794 00000000 128 128
20826 00004000 128 128
20830 00000000 128 128
20862 00004000 128 128
20866 00000000 128 128
20898 00004000 128 128
20902 00000000 128 128
20934 00004000 128 128
20938 00000000 128 128
20970 00004000 128 128
20974 00000000 128 128
21006 00004000 128 128
21010 00000000 128 128
21042 00004000 128 128
21046 00000000 128 128
21078 00004000 128 128
21082 00000000 128 128
21114 00004000 128 128
21118 00000000 128 128
21150 00004000 128 128
21154 00000000 128 128
21186 00004000 128 128
21190 00000000 128 128
21222 00004000 128 128
21226 00000000 128 128
21258 00004000 128 128
21262 00000000 128 128
21294 00004000 128 128
21298 00000000 128 128
21330 00004000 128 128
21334 00000000 128 128
21366 00004000 128 128
21370 00000000 128 128
21402 00004000 128 128
21406 00000000 128 128
21438 00004000 128 128
21442 00000000 128 128
21474 00004000 128 128
21478 00000000 128 128
21510 00004000 128 128
21514 00000000 128 128
21546 00004000 128 128
21550 00000000 128 128
21582 00004000 128 128
21586 00000000 128 128
21618 00004000 128 128
21622 00000000 128 128
21654 00004000 128 128
21658 00000000 128 128
21690 00004000 128 128
21694 00000000 128 128
21726 00004000 128 128
21730 00000000 128 128
21762 00004000 128 128
21766 00000000 128 128
21798 00004000 128 128
21802 00000000 128 128
21834 00004000 128 128
21838 00000000 128 128
21870 00004000 128 128
21874 00000000 128 128
21906 00004000 128 128
21910 00000000 128 128
21942 00004000 128 128
21946 00000000 128 128
21978 00004000 128 128
21982 00000000 128 128
22014 00004000 128 128
22018 00000000 128 128
22050 00004000 128 128
22054 00000000 128 128
22086 00004000 128 128
22090 00000000 128 128
22122 00004000 128 128
22126 00000000 128 128
22158 00004000 128 128
22162 00000000 128 128
22194 00004000 128 128
22198 00000000 128 128
22230 00004000 128 128
22234 00000000 128 128
22266 00004000 128 128
22270 00000000 128 128
22302 00004000 128 128
22306 00000000 128 128
22338 00004000 128 128
22342 00000000 128 128
22374 00004000 128 128
22378 00000000 128 128
22410 00004000 128 128
22414 00000000 128 128
22446 00004000 128 128
22450 00000000 128 128
22482 00004000 128 128
22486 00000000 128 128
22518 00004000 128 128
22522 00000000 128 128
22554 00004000 128 128
22558 00000000 128 128
22590 00004000 128 128
22594 00000000 128 128
22626 00004000 128 128
22630 00000000 128 128
22662 00004000 128 128
22666 00000000 128 128
22698 00004000 128 128
22702 00000000 128 128
22734 00004000 128 128
22738 00000000 128 128
22770 00004000 128 128
22774 00000000 128 128
22806 00004000 128 128
22810 00000000 128 128
22842 00004000 128 128
22846 00000000 128 128
22878 00004000 128 128
22882 00000000 128 128
22914 00004000 128 128
22918 00000000 128 128
22950 00004000 128 128
22954 00000000 128 128
22986 00004000 128 128
22990 00000000 128 128
23022 00004000 128 128
23026 00000000 128 128
23058 00004000 128 128
23062 00000000 128 128
23094 00004000 128 128
23098 00000000 128 128
23130 00004000 128 128
23134 00000000 128 128
23166 00004000 128 128
23170 00000000 128 128
23202 00004000 128 128
23206 00000000 128 128
23238 00004000 128 128
23242 00000000 128 128
23274 00004000 128 128
23278 00000000 128 128
23310 00004000 128 128
23314 00000000 128 128
23346 00004000 128 128
23350 00000000 128 128
23382 00004000 128 128
23386 00000000 128 128
23418 00004000 128 128
23422 00000000 128 128
23454 00004000 128 128
23458 00000000 128 128
23490 00004000 128 128
23494 00000000 128 128
23526 00004000 128 128
23530 00000000 128 128
23562 00004000 128 128
23566 00000000 128 128
23598 00004000 128 128
23602 00000000 128 128
23634 00004000 128 128
23638 00000000 128 128
23670 00004000 128 128
23674 00000000 128 128
23706 00004000 128 128
23710 00000000 128 128
23742 00004000 128 128
23746 00000000 128 128
23778 00004000 128 128
23782 00000000 128 128
23814 00004000 128 128
23818 00000000 128 128
23850 00004000 128 128
23854 00000000 128 128
23886 00004000 128 128
23890 00000000 128 128
23922 00004000 128 128
23926 00000000 128 128
23958 00004000 128 128
23962 00000000 128 128
23994 00004000 128 128
23998 00000000 128 128
24030 00004000 128 128
24034 00000000 128 128
24066 00004000 128 128
24070 00000000 128 128
24102 00004000 128 128
24106 00000000 128 128
24138 00004000 128 128
24142 00000000 128 128
24174 00004000 128 128
24178 00000000 128 128
24210 00004000 128 128
24214 00000000 128 128
24246 00004000 128 128
24250 00000000 128 128
24282 00004000 128 128
24286 00000000 128 128
24318 00004000 128 128
24322 00000000 128 128
24354 00004000 128 128
24358 00000000 128 128
24390 00004000 128 128
24394 00000000 128 128
24426 00004000 128 128
24430 00000000 128 128
24462 00004000 128 128
24466 00000000 128 128
24498 00004000 128 128
24502 00000000 128 128
24534 00004000 128 128
24538 00000000 128 128
24570 00004000 128 128
24574 00000000 128 128
24606 00004000 128 128
24610 00000000 128 128
24642 00004000 128 128
24646 00000000 128 128
24678 00004000 128 128
24682 00000000 128 128
24714 00004000 128 128
24718 00000000 128 128
24750 00004000 128 128
24754 00000000 128 128
24786 00004000 128 128
24790 00000000 128 128
24822 00004000 128 128
24826 00000000 128 128
24858 00004000 128 128
24862 00000000 128 128
24894 00004000 128 128
24898 00000000 128 128
24930 00004000 128 128
24934 00000000 128 128
24966 00004000 128 128
24970 00000000 128 128
25002 00004000 128 128
25006 00000000 128 128
25038 00004000 128 128
25042 00000000 128 128
25074 00004000 128 128
25078 00000000 128 128
25110 00004000 128 128
25114 00000000 128 128
25146 00004000 128 128
25150 00000000 128 128
25182 00004000 128 128
25186 00000000 128 128
25218 00004000 128 128
25222 00000000 128 128
25254 00004000 128 128
25258 00000000 128 128
25290 00004000 128 128
25294 00000000 128 128
25326 00004000 128 128
25330 00000000 128 128
25362 00004000 128 128
25366 00000000 128 128
25398 00004000 128 128
25402 00000000 128 128
25434 00004000 128 128
25438 00000000 128 128
25470 00004000 128 128
25474 00000000 128 128
25506 00004000 128 128
25510 00000000 128 128
25542 00004000 128 128
25546 00000000 128 128
25578 00004000 128 128
25582 00000000 128 128
25614 00004000 128 128
25618 00000000 128 128
25650 00004000 128 128
25654 00000000 128 128
25686 00004000 128 128
25690 00000000 128 128
25722 00004000 128 128
25726 00000000 128 128
25758 00004000 128 128
25762 00000000 128 128
25794 00004000 128 128
25798 00000000 128 128
25830 00004000 128 128
25834 00000000 128 128
25866 00004000 128 128
25870 00000000 128 128
25902 00004000 128 128
25906 00000000 128 128
25938 00004000 128 128
25942 00000000 128 128
25974 00004000 128 128
25978 00000000 128 128
26010 00004000 128 128
26014 00000000 128 128
26046 00004000 128 128
26050 00000000 128 128
26082 00004000 128 128
26086 00000000 128 128
26118 00004000 128 128
26122 00000000 128 128
26154 00004000 128 128
26158 00000000 128 128
26190 00004000 128 128
26194 00000000 128 128
26226 00004000 128 128
26230 00000000 128 128
26262 00004000 128 128
26266 00000000 128 128
26298 00004000 128 128
26302 00000000 128 128
26334 00004000 128 128
26338 00000000 128 128
26370 00004000 128 128
26374 00000000 128 128
26406 00004000 128 128
26410 00000000 128 128
26442 00004000 128 128
26446 00000000 128 128
26478 00004000 128 128
26482 00000000 128 128
26514 00004000 128 128
26518 00000000 128 128
26550 00004000 128 128
26554 00000000 128 128
26586 00004000 128 128
26590 00000000 128 128
26622 00004000 128 128
26626 00000000 128 128
26658 00004000 128 128
26662 00000000 128 128
26694 00004000 128 128
26698 00000000 128 128
26730 00004000 128 128
26734 00000000 128 128
26766 00004000 128 128
26770 00000000 128 128
26802 00004000 128 128
26806 00000000 128 128
26838 00004000 128 128
26842 00000000 128 128
26874 00004000 128 128
26878 00000000 128 128
26910 00004000 128 128
26914 00000000 128 128
26946 00004000 128 128
26950 00000000 128 128
26982 00004000 128 128
26986 00000000 128 128
27018 00004000 128 128
27022 00000000 128 128
27054 00004000 128 128
27058 00000000 128 128
27090 00004000 128 128
27094 00000000 128 128
27126 00004000 128 128
27130 00000000 128 128
27162 00004000 128 128
27166 00000000 128 128
27198 00004000 128 128
27202 00000000 128 128
27234 00004000 128 128
27238 00000000 128 128
27270 00004000 128 128
27274 00000000 128 128
27426 00000000 128 128
