0 00000000 128 128
150 00000008 128 128
152 00000000 128 128
300 00000008 128 128
302 00000000 128 128
450 00002000 128 128
452 00000000 128 128
2200 00002000 128 128
2204 00000000 128 128
2336 00002000 128 128
2340 00000000 128 128
2472 00002000 128 128
2476 00000000 128 128
2608 00002000 128 128
2612 00000000 128 128
2744 00002000 128 128
2748 00000000 128 128
2880 00002000 128 128
2884 00000000 128 128
3016 00002000 128 128
3020 00000000 128 128
3152 00002000 128 128
3156 00000000 128 128
3288 00002000 128 128
3292 00000000 128 128
3424 00002000 128 128
3428 00000000 128 128
3560 00002000 128 128
3564 00000000 128 128
3696 00002000 128 128
3700 00000000 128 128
3832 00002000 128 128
3836 00000000 128 128
3968 00002000 128 128
3972 00000000 128 128
4104 00002000 128 128
4108 00000000 128 128
4240 00002000 128 128
4244 00000000 128 128
4376 00002000 128 128
4380 00000000 128 128
4512 00002000 128 128
4516 00000000 128 128
4648 00002000 128 128
4652 00000000 128 128
4784 00002000 128 128
4788 00000000 128 128
4920 00002000 128 128
4924 00000000 128 128
5056 00002000 128 128
5060 00000000 128 128
5192 00002000 128 128
5196 00000000 128 128
5328 00002000 128 128
5332 00000000 128 128
5464 00002000 128 128
5468 00000000 128 128
5600 00002000 128 128
5604 00000000 128 128
5736 00002000 128 128
5740 00000000 128 128
5872 00002000 128 128
5876 00000000 128 128
6008 00002000 128 128
6012 00000000 128 128
6144 00002000 128 128
6148 00000000 128 128
6880 00000040 128 128
6886 00000000 128 128
6948 00002000 128 128
6952 00000000 128 128
7364 00002000 128 128
7368 00000000 128 128
7530 00002000 128 128
7534 00000000 128 128
7696 00002000 128 128
7700 00000000 128 128
7862 00002000 128 128
7866 00000000 128 128
8028 00002000 128 128
8032 00000000 128 128
8194 00002000 128 128
8198 00000000 128 128
8360 00002000 128 128
8364 00000000 128 128
8526 00002000 128 128
8530 00000000 128 128
8692 00002000 128 128
8696 00000000 128 128
8858 00002000 128 128
8862 00000000 128 128
9024 00002000 128 128
9028 00000000 128 128
9190 00002000 128 128
9194 00000000 128 128
9356 00004000 128 128
9360 00000000 128 128
9522 00004000 128 128
9526 00000000 128 128
9688 00004000 128 128
9692 00000000 128 128
9854 00004000 128 128
9858 00000000 128 128
10020 00004000 128 128
10024 00000000 128 128
10186 00004000 128 128
10190 00000000 128 128
10352 00004000 128 128
10356 00000000 128 128
10518 00004000 128 128
10522 00000000 128 128
10684 00004000 128 128
10688 00000000 128 128
10850 00004000 128 128
10854 00000000 128 128
11016 00004000 128 128
11020 00000000 128 128
11182 00004000 128 128
11186 00000000 128 128
11348 00004000 128 128
11352 00000000 128 128
11514 00004000 128 128
11518 00000000 128 128
11680 00004000 128 128
11684 00000000 128 128
11846 00004000 128 128
11850 00000000 128 128
12012 00004000 128 128
12016 00000000 128 128
12178 00004000 128 128
12182 00000000 128 128
12344 00004000 128 128
12348 00000000 128 128
12510 00004000 128 128
12514 00000000 128 128
12676 00004000 128 128
12680 00000000 128 128
12842 00004000 128 128
12846 00000000 128 128
13008 00004000 128 128
13012 00000000 128 128
13174 00004000 128 128
13178 00000000 128 128
13340 00004000 128 128
13344 00000000 128 128
13506 00004000 128 128
13510 00000000 128 128
13672 00004000 128 128
13676 00000000 128 128
13838 00004000 128 128
13842 00000000 128 128
14004 00004000 128 128
14008 00000000 128 128
14170 00004000 128 128
14174 00000000 128 128
14336 00004000 128 128
14340 00000000 128 128
14502 00004000 128 128
14506 00000000 128 128
14668 00004000 128 128
14672 00000000 128 128
14834 00004000 128 128
14838 00000000 128 128
15000 00004000 128 128
15004 00000000 128 128
15166 00004000 128 128
15170 00000000 128 128
15332 00004000 128 128
15336 00000000 128 128
15498 00004000 128 128
15502 00000000 128 128
15664 00004000 128 128
15668 00000000 128 128
15830 00004000 128 128
15834 00000000 128 128
16896 00001000 128 128
16900 00000000 128 128
17062 00000040 128 128
17068 00000000 128 128
17130 00000040 128 128
17136 00000000 128 128
17198 00002000 128 128
17202 00000000 128 128
17914 00000200 128 128
17918 00000000 128 128
17990 00000020 128 128
18026 00000000 128 128
18028 00000010 128 128
18055 00000000 128 128
18087 00004000 128 128
18091 00000000 128 128
18503 00000200 128 128
18507 00000000 128 128
18579 00000040 128 128
18585 00000000 128 128
18647 00002000 128 128
18651 00000000 128 128
19063 00000000 128 128
