0 00000000 128 128
150 00000008 128 128
152 00000000 128 128
300 00000008 128 128
302 00000000 128 128
450 00002000 128 128
452 00000000 128 128
700 00000040 128 128
748 00000000 128 128
810 00000080 128 128
874 00000000 128 128
876 00000040 128 128
892 00000000 128 128
894 00000080 128 128
958 00000000 128 128
960 00000010 128 128
1860 00000000 128 128
1862 00000020 128 128
2162 00000000 128 128
2164 00000010 128 128
3064 00000000 128 128
3096 00004000 128 128
3100 00000000 128 128
3132 00004000 128 128
3136 00000000 128 128
3168 00004000 128 128
3172 00000000 128 128
3204 00004000 128 128
3208 00000000 128 128
3240 00004000 128 128
3244 00000000 128 128
3276 00004000 128 128
3280 00000000 128 128
3312 00004000 128 128
3316 00000000 128 128
3348 00004000 128 128
3352 00000000 128 128
3384 00004000 128 128
3388 00000000 128 128
3420 00004000 128 128
3424 00000000 128 128
3486 00000040 128 128
3502 00000000 128 128
3504 00000080 128 128
4404 00000000 128 128
4406 00000010 128 128
5306 00000000 128 128
5338 00004000 128 128
5342 00000000 128 128
5374 00004000 128 128
5378 00000000 128 128
5410 00004000 128 128
5414 00000000 128 128
5446 00004000 128 128
5450 00000000 128 128
5482 00004000 128 128
5486 00000000 128 128
5518 00004000 128 128
5522 00000000 128 128
5554 00004000 128 128
5558 00000000 128 128
5590 00004000 128 128
5594 00000000 128 128
5626 00004000 128 128
5630 00000000 128 128
5662 00004000 128 128
5666 00000000 128 128
5728 00000080 128 128
5744 00000000 128 128
5746 00000010 128 128
6646 00000000 128 128
6948 00002000 128 128
6952 00000000 128 128
6984 00002000 128 128
6988 00000000 128 128
7020 00002000 128 128
7024 00000000 128 128
7056 00002000 128 128
7060 00000000 128 128
7092 00002000 128 128
7096 00000000 128 128
7128 00002000 128 128
7132 00000000 128 128
7164 00002000 128 128
7168 00000000 128 128
7200 00002000 128 128
7204 00000000 128 128
7236 00002000 128 128
7240 00000000 128 128
7272 00002000 128 128
7276 00000000 128 128
7308 00002000 128 128
7312 00000000 128 128
7344 00002000 128 128
7348 00000000 128 128
7380 00002000 128 128
7384 00000000 128 128
7416 00002000 128 128
7420 00000000 128 128
7452 00002000 128 128
7456 00000000 128 128
7488 00002000 128 128
7492 00000000 128 128
7524 00002000 128 128
7528 00000000 128 128
7560 00002000 128 128
7564 00000000 128 128
7596 00002000 128 128
7600 00000000 128 128
7632 00002000 128 128
7636 00000000 128 128
7668 00002000 128 128
7672 00000000 128 128
7704 00002000 128 128
7708 00000000 128 128
7740 00002000 128 128
7744 00000000 128 128
7776 00002000 128 128
7780 00000000 128 128
7812 00002000 128 128
7816 00000000 128 128
7848 00002000 128 128
7852 00000000 128 128
7884 00002000 128 128
7888 00000000 128 128
7920 00002000 128 128
7924 00000000 128 128
7956 00002000 128 128
7960 00000000 128 128
7992 00002000 128 128
7996 00000000 128 128
8028 00002000 128 128
8032 00000000 128 128
8064 00002000 128 128
8068 00000000 128 128
8100 00002000 128 128
8104 00000000 128 128
8136 00002000 128 128
8140 00000000 128 128
8172 00002000 128 128
8176 00000000 128 128
8208 00002000 128 128
8212 00000000 128 128
8244 00002000 128 128
8248 00000000 128 128
8280 00002000 128 128
8284 00000000 128 128
8316 00002000 128 128
8320 00000000 128 128
8352 00002000 128 128
8356 00000000 128 128
8448 00000000 128 128
