0 00000000 128 128
150 00000008 128 128
152 00000000 128 128
300 00000008 128 128
302 00000000 128 128
450 00002000 128 128
452 00000000 128 128
1100 00000010 128 128
1102 00000000 128 128
1132 00002000 128 128
1136 00000000 128 128
1836 00002000 128 128
1840 00000000 128 128
2080 00002000 128 128
2084 00000000 128 128
2324 00002000 128 128
2328 00000000 128 128
2628 00004000 128 128
2632 00000000 128 128
2832 00002000 128 128
2836 00000000 128 128
2872 00002000 128 128
2876 00000000 128 128
2912 00002000 128 128
2916 00000000 128 128
2952 00002000 128 128
2956 00000000 128 128
2992 00002000 128 128
2996 00000000 128 128
3032 00002000 128 128
3036 00000000 128 128
3072 00002000 128 128
3076 00000000 128 128
3112 00002000 128 128
3116 00000000 128 128
3152 00002000 128 128
3156 00000000 128 128
3192 00002000 128 128
3196 00000000 128 128
3232 00002000 128 128
3236 00000000 128 128
3272 00002000 128 128
3276 00000000 128 128
3312 00002000 128 128
3316 00000000 128 128
3352 00002000 128 128
3356 00000000 128 128
3392 00002000 128 128
3396 00000000 128 128
3432 00002000 128 128
3436 00000000 128 128
3472 00002000 128 128
3476 00000000 128 128
3512 00002000 128 128
3516 00000000 128 128
3552 00002000 128 128
3556 00000000 128 128
3592 00002000 128 128
3596 00000000 128 128
3632 00002000 128 128
3636 00000000 128 128
3672 00002000 128 128
3676 00000000 128 128
3712 00002000 128 128
3716 00000000 128 128
3752 00002000 128 128
3756 00000000 128 128
3792 00002000 128 128
3796 00000000 128 128
3832 00002000 128 128
3836 00000000 128 128
3872 00002000 128 128
3876 00000000 128 128
3912 00002000 128 128
3916 00000000 128 128
3952 00002000 128 128
3956 00000000 128 128
3992 00002000 128 128
3996 00000000 128 128
4032 00000000 128 128
4092 00000040 128 128
4164 00000000 128 128
4204 00000080 128 128
4236 00000000 128 128
4276 00000040 128 128
4300 00000000 128 128
4600 00000000 128 128
