0 00000000 128 128
150 00000008 128 128
152 00000000 128 128
300 00000008 128 128
302 00000000 128 128
450 00002000 128 128
452 00000000 128 128
1200 00000080 128 128
1264 00000000 128 128
1280 00000040 128 128
1288 00000000 128 128
1320 00004000 128 128
1324 00000000 128 128
1354 00004000 128 128
1358 00000000 128 128
1388 00004000 128 128
1392 00000000 128 128
1422 00004000 128 128
1426 00000000 128 128
1456 00004000 128 128
1460 00000000 128 128
1490 00004000 128 128
1494 00000000 128 128
1524 00000020 128 128
1588 00000000 128 128
1604 00000040 128 128
1612 00000000 128 128
1644 00004000 128 128
1648 00000000 128 128
1678 00004000 128 128
1682 00000000 128 128
1712 00004000 128 128
1716 00000000 128 128
1746 00004000 128 128
1750 00000000 128 128
1780 00004000 128 128
1784 00000000 128 128
1814 00004000 128 128
1818 00000000 128 128
1848 00000080 128 128
1912 00000000 128 128
1928 00000040 128 128
1936 00000000 128 128
1968 00004000 128 128
1972 00000000 128 128
2002 00004000 128 128
2006 00000000 128 128
2036 00004000 128 128
2040 00000000 128 128
2070 00004000 128 128
2074 00000000 128 128
2104 00004000 128 128
2108 00000000 128 128
2138 00004000 128 128
2142 00000000 128 128
2172 00000020 128 128
3000 00000200 128 128
3004 00000000 128 128
3030 00000010 128 128
3042 00000000 128 128
3070 00004000 128 128
3076 00000000 128 128
3160 00004000 128 128
3166 00000000 128 128
3220 00000200 128 128
3224 00000000 128 128
3250 00004000 128 128
3254 00000000 128 128
3284 00004000 128 128
3288 00000000 128 128
3318 00004000 128 128
3322 00000000 128 128
3352 00004000 128 128
3356 00000000 128 128
3386 00004000 128 128
3390 00000000 128 128
3420 00004000 128 128
3424 00000000 128 128
3454 00004000 128 128
3458 00000000 128 128
3488 00004000 128 128
3492 00000000 128 128
3522 00004000 128 128
3526 00000000 128 128
3556 00004000 128 128
3560 00000000 128 128
3590 00004000 128 128
3594 00000000 128 128
3624 00004000 128 128
3628 00000000 128 128
3658 00004000 128 128
3662 00000000 128 128
3692 00004000 128 128
3696 00000000 128 128
3726 00004000 128 128
3730 00000000 128 128
3760 00004000 128 128
3764 00000000 128 128
3794 00004000 128 128
3798 00000000 128 128
3828 00004000 128 128
3832 00000000 128 128
3862 00004000 128 128
3866 00000000 128 128
3896 00004000 128 128
3900 00000000 128 128
3930 00000200 128 128
3934 00000000 128 128
3960 00000010 128 128
3972 00000000 128 128
4000 00004000 128 128
4006 00000000 128 128
4090 00004000 128 128
4096 00000000 128 128
4150 00000200 128 128
4154 00000000 128 128
4180 00004000 128 128
4184 00000000 128 128
4214 00004000 128 128
4218 00000000 128 128
4248 00004000 128 128
4252 00000000 128 128
4282 00004000 128 128
4286 00000000 128 128
4316 00004000 128 128
4320 00000000 128 128
4350 00004000 128 128
4354 00000000 128 128
4384 00004000 128 128
4388 00000000 128 128
4418 00004000 128 128
4422 00000000 128 128
4452 00004000 128 128
4456 00000000 128 128
4486 00004000 128 128
4490 00000000 128 128
4520 00004000 128 128
4524 00000000 128 128
4554 00004000 128 128
4558 00000000 128 128
4588 00004000 128 128
4592 00000000 128 128
4622 00004000 128 128
4626 00000000 128 128
4656 00004000 128 128
4660 00000000 128 128
4690 00004000 128 128
4694 00000000 128 128
4724 00004000 128 128
4728 00000000 128 128
4758 00004000 128 128
4762 00000000 128 128
4792 00004000 128 128
4796 00000000 128 128
4826 00004000 128 128
4830 00000000 128 128
4860 00000200 128 128
4864 00000000 128 128
4890 00000010 128 128
4902 00000000 128 128
4930 00004000 128 128
4936 00000000 128 128
5020 00004000 128 128
5026 00000000 128 128
5080 00000200 128 128
5084 00000000 128 128
5110 00004000 128 128
5114 00000000 128 128
5144 00004000 128 128
5148 00000000 128 128
5178 00004000 128 128
5182 00000000 128 128
5212 00004000 128 128
5216 00000000 128 128
5246 00004000 128 128
5250 00000000 128 128
5280 00004000 128 128
5284 00000000 128 128
5314 00004000 128 128
5318 00000000 128 128
5348 00004000 128 128
5352 00000000 128 128
5382 00004000 128 128
5386 00000000 128 128
5416 00004000 128 128
5420 00000000 128 128
5450 00004000 128 128
5454 00000000 128 128
5484 00004000 128 128
5488 00000000 128 128
5518 00004000 128 128
5522 00000000 128 128
5552 00004000 128 128
5556 00000000 128 128
5586 00004000 128 128
5590 00000000 128 128
5620 00004000 128 128
5624 00000000 128 128
5654 00004000 128 128
5658 00000000 128 128
5688 00004000 128 128
5692 00000000 128 128
5722 00004000 128 128
5726 00000000 128 128
5756 00004000 128 128
5760 00000000 128 128
5790 00000200 128 128
5794 00000000 128 128
5820 00000010 128 128
5832 00000000 128 128
5860 00004000 128 128
5866 00000000 128 128
5950 00004000 128 128
5956 00000000 128 128
6010 00000200 128 128
6014 00000000 128 128
6040 00004000 128 128
6044 00000000 128 128
6074 00004000 128 128
6078 00000000 128 128
6108 00004000 128 128
6112 00000000 128 128
6142 00004000 128 128
6146 00000000 128 128
6176 00004000 128 128
6180 00000000 128 128
6210 00004000 128 128
6214 00000000 128 128
6244 00004000 128 128
6248 00000000 128 128
6278 00004000 128 128
6282 00000000 128 128
6312 00004000 128 128
6316 00000000 128 128
6346 00004000 128 128
6350 00000000 128 128
6380 00004000 128 128
6384 00000000 128 128
6414 00004000 128 128
6418 00000000 128 128
6448 00004000 128 128
6452 00000000 128 128
6482 00004000 128 128
6486 00000000 128 128
6516 00004000 128 128
6520 00000000 128 128
6550 00004000 128 128
6554 00000000 128 128
6584 00004000 128 128
6588 00000000 128 128
6618 00004000 128 128
6622 00000000 128 128
6652 00004000 128 128
6656 00000000 128 128
6686 00004000 128 128
6690 00000000 128 128
6720 00000200 128 128
6724 00000000 128 128
6750 00000010 128 128
6762 00000000 128 128
6790 00004000 128 128
6796 00000000 128 128
6880 00004000 128 128
6886 00000000 128 128
6940 00000200 128 128
6944 00000000 128 128
6970 00004000 128 128
6974 00000000 128 128
7004 00004000 128 128
7008 00000000 128 128
7038 00004000 128 128
7042 00000000 128 128
7072 00004000 128 128
7076 00000000 128 128
7106 00004000 128 128
7110 00000000 128 128
7140 00004000 128 128
7144 00000000 128 128
7174 00004000 128 128
7178 00000000 128 128
7208 00004000 128 128
7212 00000000 128 128
7242 00004000 128 128
7246 00000000 128 128
7276 00004000 128 128
7280 00000000 128 128
7310 00004000 128 128
7314 00000000 128 128
7344 00004000 128 128
7348 00000000 128 128
7378 00004000 128 128
7382 00000000 128 128
7412 00004000 128 128
7416 00000000 128 128
7446 00004000 128 128
7450 00000000 128 128
7480 00004000 128 128
7484 00000000 128 128
7514 00004000 128 128
7518 00000000 128 128
7548 00004000 128 128
7552 00000000 128 128
7582 00004000 128 128
7586 00000000 128 128
7616 00004000 128 128
7620 00000000 128 128
7650 00000200 128 128
7654 00000000 128 128
7680 00000010 128 128
7692 00000000 128 128
7720 00004000 128 128
7726 00000000 128 128
7810 00004000 128 128
7816 00000000 128 128
7870 00000200 128 128
7874 00000000 128 128
7900 00004000 128 128
7904 00000000 128 128
7934 00004000 128 128
7938 00000000 128 128
7968 00004000 128 128
7972 00000000 128 128
8002 00004000 128 128
8006 00000000 128 128
8036 00004000 128 128
8040 00000000 128 128
8070 00004000 128 128
8074 00000000 128 128
8104 00004000 128 128
8108 00000000 128 128
8138 00004000 128 128
8142 00000000 128 128
8172 00004000 128 128
8176 00000000 128 128
8206 00004000 128 128
8210 00000000 128 128
8240 00004000 128 128
8244 00000000 128 128
8274 00004000 128 128
8278 00000000 128 128
8308 00004000 128 128
8312 00000000 128 128
8342 00004000 128 128
8346 00000000 128 128
8376 00004000 128 128
8380 00000000 128 128
8410 00004000 128 128
8414 00000000 128 128
8444 00004000 128 128
8448 00000000 128 128
8478 00004000 128 128
8482 00000000 128 128
8512 00004000 128 128
8516 00000000 128 128
8546 00004000 128 128
8550 00000000 128 128
8580 00000200 128 128
8584 00000000 128 128
8610 00000010 128 128
8622 00000000 128 128
8650 00004000 128 128
8656 00000000 128 128
8740 00004000 128 128
8746 00000000 128 128
8800 00000200 128 128
8804 00000000 128 128
8830 00004000 128 128
8834 00000000 128 128
8864 00004000 128 128
8868 00000000 128 128
8898 00004000 128 128
8902 00000000 128 128
8932 00004000 128 128
8936 00000000 128 128
8966 00004000 128 128
8970 00000000 128 128
9000 00004000 128 128
9004 00000000 128 128
9034 00004000 128 128
9038 00000000 128 128
9068 00004000 128 128
9072 00000000 128 128
9102 00004000 128 128
9106 00000000 128 128
9136 00004000 128 128
9140 00000000 128 128
9170 00004000 128 128
9174 00000000 128 128
9204 00004000 128 128
9208 00000000 128 128
9238 00004000 128 128
9242 00000000 128 128
9272 00004000 128 128
9276 00000000 128 128
9306 00004000 128 128
9310 00000000 128 128
9340 00004000 128 128
9344 00000000 128 128
9374 00004000 128 128
9378 00000000 128 128
9408 00004000 128 128
9412 00000000 128 128
9442 00004000 128 128
9446 00000000 128 128
9476 00004000 128 128
9480 00000000 128 128
9510 00000200 128 128
9514 00000000 128 128
9540 00000010 128 128
9552 00000000 128 128
9580 00004000 128 128
9586 00000000 128 128
9670 00004000 128 128
9676 00000000 128 128
9730 00000200 128 128
9734 00000000 128 128
9760 00004000 128 128
9764 00000000 128 128
9794 00004000 128 128
9798 00000000 128 128
9828 00004000 128 128
9832 00000000 128 128
9862 00004000 128 128
9866 00000000 128 128
9896 00004000 128 128
9900 00000000 128 128
9930 00004000 128 128
9934 00000000 128 128
9964 00004000 128 128
9968 00000000 128 128
9998 00004000 128 128
10002 00000000 128 128
10032 00004000 128 128
10036 00000000 128 128
10066 00004000 128 128
10070 00000000 128 128
10100 00004000 128 128
10104 00000000 128 128
10134 00004000 128 128
10138 00000000 128 128
10168 00004000 128 128
10172 00000000 128 128
10202 00004000 128 128
10206 00000000 128 128
10236 00004000 128 128
10240 00000000 128 128
10270 00004000 128 128
10274 00000000 128 128
10304 00004000 128 128
10308 00000000 128 128
10338 00004000 128 128
10342 00000000 128 128
10372 00004000 128 128
10376 00000000 128 128
10406 00004000 128 128
10410 00000000 128 128
10440 00000000 128 128
