0 00000000 128 128
150 00000008 128 128
152 00000000 128 128
300 00000008 128 128
302 00000000 128 128
450 00002000 128 128
452 00000000 128 128
700 00000010 128 128
708 00000000 128 128
710 00000080 128 128
718 00000000 128 128
720 00000010 128 128
744 00000000 128 128
746 00000010 128 128
754 00000000 128 128
1056 00004000 128 128
1060 00000000 128 128
1092 00004000 128 128
1096 00000000 128 128
1128 00004000 128 128
1132 00000000 128 128
1164 00004000 128 128
1168 00000000 128 128
1200 00004000 128 128
1204 00000000 128 128
1236 00004000 128 128
1240 00000000 128 128
1272 00004000 128 128
1276 00000000 128 128
1308 00004000 128 128
1312 00000000 128 128
1344 00004000 128 128
1348 00000000 128 128
1380 00004000 128 128
1384 00000000 128 128
1416 00004000 128 128
1420 00000000 128 128
1452 00004000 128 128
1456 00000000 128 128
1488 00004000 128 128
1492 00000000 128 128
1524 00004000 128 128
1528 00000000 128 128
1560 00004000 128 128
1564 00000000 128 128
1596 00004000 128 128
1600 00000000 128 128
1632 00004000 128 128
1636 00000000 128 128
1668 00004000 128 128
1672 00000000 128 128
1704 00004000 128 128
1708 00000000 128 128
1740 00004000 128 128
1744 00000000 128 128
1776 00004000 128 128
1780 00000000 128 128
1812 00004000 128 128
1816 00000000 128 128
1848 00004000 128 128
1852 00000000 128 128
1884 00004000 128 128
1888 00000000 128 128
1920 00004000 128 128
1924 00000000 128 128
1956 00004000 128 128
1960 00000000 128 128
1992 00004000 128 128
1996 00000000 128 128
2028 00004000 128 128
2032 00000000 128 128
2064 00004000 128 128
2068 00000000 128 128
2100 00004000 128 128
2104 00000000 128 128
2136 00004000 128 128
2140 00000000 128 128
2172 00004000 128 128
2176 00000000 128 128
2208 00004000 128 128
2212 00000000 128 128
2244 00004000 128 128
2248 00000000 128 128
2280 00004000 128 128
2284 00000000 128 128
2316 00004000 128 128
2320 00000000 128 128
2352 00004000 128 128
2356 00000000 128 128
2388 00004000 128 128
2392 00000000 128 128
2424 00004000 128 128
2428 00000000 128 128
2460 00004000 128 128
2464 00000000 128 128
2496 00004000 128 128
2500 00000000 128 128
2532 00004000 128 128
2536 00000000 128 128
2568 00004000 128 128
2572 00000000 128 128
2604 00004000 128 128
2608 00000000 128 128
2640 00004000 128 128
2644 00000000 128 128
2676 00004000 128 128
2680 00000000 128 128
2712 00004000 128 128
2716 00000000 128 128
2748 00004000 128 128
2752 00000000 128 128
2784 00004000 128 128
2788 00000000 128 128
2820 00004000 128 128
2824 00000000 128 128
2856 00004000 128 128
2860 00000000 128 128
2892 00004000 128 128
2896 00000000 128 128
2928 00004000 128 128
2932 00000000 128 128
2964 00004000 128 128
2968 00000000 128 128
3000 00004000 128 128
3004 00000000 128 128
3036 00004000 128 128
3040 00000000 128 128
3072 00004000 128 128
3076 00000000 128 128
3108 00004000 128 128
3112 00000000 128 128
3144 00004000 128 128
3148 00000000 128 128
3180 00004000 128 128
3184 00000000 128 128
3216 00004000 128 128
3220 00000000 128 128
3252 00004000 128 128
3256 00000000 128 128
3288 00004000 128 128
3292 00000000 128 128
3324 00004000 128 128
3328 00000000 128 128
3360 00004000 128 128
3364 00000000 128 128
3396 00004000 128 128
3400 00000000 128 128
3432 00004000 128 128
3436 00000000 128 128
3468 00004000 128 128
3472 00000000 128 128
3504 00004000 128 128
3508 00000000 128 128
3540 00004000 128 128
3544 00000000 128 128
3576 00004000 128 128
3580 00000000 128 128
3612 00004000 128 128
3616 00000000 128 128
3648 00004000 128 128
3652 00000000 128 128
3684 00004000 128 128
3688 00000000 128 128
3720 00004000 128 128
3724 00000000 128 128
3756 00004000 128 128
3760 00000000 128 128
3792 00004000 128 128
3796 00000000 128 128
3828 00004000 128 128
3832 00000000 128 128
3864 00004000 128 128
3868 00000000 128 128
3900 00004000 128 128
3904 00000000 128 128
3936 00004000 128 128
3940 00000000 128 128
3972 00004000 128 128
3976 00000000 128 128
4008 00004000 128 128
4012 00000000 128 128
4044 00004000 128 128
4048 00000000 128 128
4080 00004000 128 128
4084 00000000 128 128
4116 00004000 128 128
4120 00000000 128 128
4152 00004000 128 128
4156 00000000 128 128
4188 00004000 128 128
4192 00000000 128 128
4224 00004000 128 128
4228 00000000 128 128
4260 00004000 128 128
4264 00000000 128 128
4296 00004000 128 128
4300 00000000 128 128
4332 00004000 128 128
4336 00000000 128 128
4368 00004000 128 128
4372 00000000 128 128
4404 00004000 128 128
4408 00000000 128 128
4440 00004000 128 128
4444 00000000 128 128
4476 00004000 128 128
4480 00000000 128 128
4512 00004000 128 128
4516 00000000 128 128
4548 00004000 128 128
4552 00000000 128 128
4584 00004000 128 128
4588 00000000 128 128
4620 00004000 128 128
4624 00000000 128 128
4776 00000010 128 128
4808 00000000 128 128
4810 00000080 128 128
4818 00000000 128 128
4820 00000010 128 128
4844 00000000 128 128
4906 00002000 128 128
4910 00000000 128 128
5012 00002000 128 128
5016 00000000 128 128
5118 00000040 128 128
5124 00000000 128 128
5166 00002000 128 128
5170 00000000 128 128
5542 00004000 128 128
5546 00000000 128 128
5578 00004000 128 128
5582 00000000 128 128
5614 00004000 128 128
5618 00000000 128 128
5650 00004000 128 128
5654 00000000 128 128
5716 00002000 128 128
5720 00000000 128 128
5822 00000040 128 128
5828 00000000 128 128
5870 00002000 128 128
5874 00000000 128 128
6246 00004000 128 128
6250 00000000 128 128
6282 00004000 128 128
6286 00000000 128 128
6318 00004000 128 128
6322 00000000 128 128
6354 00004000 128 128
6358 00000000 128 128
6420 00002000 128 128
6424 00000000 128 128
6526 00000040 128 128
6532 00000000 128 128
6574 00002000 128 128
6578 00000000 128 128
6950 00004000 128 128
6954 00000000 128 128
6986 00004000 128 128
6990 00000000 128 128
7022 00004000 128 128
7026 00000000 128 128
7058 00004000 128 128
7062 00000000 128 128
7124 00002000 128 128
7128 00000000 128 128
7230 00000040 128 128
7236 00000000 128 128
7278 00002000 128 128
7282 00000000 128 128
7654 00004000 128 128
7658 00000000 128 128
7690 00004000 128 128
7694 00000000 128 128
7726 00004000 128 128
7730 00000000 128 128
7762 00004000 128 128
7766 00000000 128 128
7828 00002000 128 128
7832 00000000 128 128
7934 00000040 128 128
7940 00000000 128 128
7982 00002000 128 128
7986 00000000 128 128
8358 00004000 128 128
8362 00000000 128 128
8394 00004000 128 128
8398 00000000 128 128
8430 00004000 128 128
8434 00000000 128 128
8466 00004000 128 128
8470 00000000 128 128
8532 00002000 128 128
8536 00000000 128 128
8638 00000040 128 128
8644 00000000 128 128
8686 00002000 128 128
8690 00000000 128 128
9062 00004000 128 128
9066 00000000 128 128
9098 00004000 128 128
9102 00000000 128 128
9134 00004000 128 128
9138 00000000 128 128
9170 00004000 128 128
9174 00000000 128 128
9236 00002000 128 128
9240 00000000 128 128
9342 00000040 128 128
9348 00000000 128 128
9390 00002000 128 128
9394 00000000 128 128
9766 00004000 128 128
9770 00000000 128 128
9802 00004000 128 128
9806 00000000 128 128
9838 00004000 128 128
9842 00000000 128 128
9874 00004000 128 128
9878 00000000 128 128
9940 00002000 128 128
9944 00000000 128 128
10046 00000040 128 128
10052 00000000 128 128
10094 00002000 128 128
10098 00000000 128 128
10470 00004000 128 128
10474 00000000 128 128
10506 00004000 128 128
10510 00000000 128 128
10542 00004000 128 128
10546 00000000 128 128
10578 00004000 128 128
10582 00000000 128 128
10644 00002000 128 128
10648 00000000 128 128
10750 00000040 128 128
10756 00000000 128 128
10798 00002000 128 128
10802 00000000 128 128
11174 00004000 128 128
11178 00000000 128 128
11210 00004000 128 128
11214 00000000 128 128
11246 00004000 128 128
11250 00000000 128 128
11282 00004000 128 128
11286 00000000 128 128
11348 00002000 128 128
11352 00000000 128 128
11454 00000040 128 128
11460 00000000 128 128
11502 00002000 128 128
11506 00000000 128 128
11878 00004000 128 128
11882 00000000 128 128
11914 00004000 128 128
11918 00000000 128 128
11950 00004000 128 128
11954 00000000 128 128
11986 00004000 128 128
11990 00000000 128 128
12052 00002000 128 128
12056 00000000 128 128
12158 00000040 128 128
12164 00000000 128 128
12206 00002000 128 128
12210 00000000 128 128
12582 00004000 128 128
12586 00000000 128 128
12618 00004000 128 128
12622 00000000 128 128
12654 00004000 128 128
12658 00000000 128 128
12690 00004000 128 128
12694 00000000 128 128
12756 00002000 128 128
12760 00000000 128 128
12862 00000040 128 128
12868 00000000 128 128
12910 00002000 128 128
12914 00000000 128 128
13286 00004000 128 128
13290 00000000 128 128
13322 00004000 128 128
13326 00000000 128 128
13358 00004000 128 128
13362 00000000 128 128
13394 00004000 128 128
13398 00000000 128 128
13460 00002000 128 128
13464 00000000 128 128
13566 00000040 128 128
13572 00000000 128 128
13614 00002000 128 128
13618 00000000 128 128
13990 00004000 128 128
13994 00000000 128 128
14026 00004000 128 128
14030 00000000 128 128
14062 00004000 128 128
14066 00000000 128 128
14098 00004000 128 128
14102 00000000 128 128
14164 00002000 128 128
14168 00000000 128 128
14270 00000040 128 128
14276 00000000 128 128
14318 00002000 128 128
14322 00000000 128 128
14694 00004000 128 128
14698 00000000 128 128
14730 00004000 128 128
14734 00000000 128 128
14766 00004000 128 128
14770 00000000 128 128
14802 00004000 128 128
14806 00000000 128 128
14868 00002000 128 128
14872 00000000 128 128
14974 00000040 128 128
14980 00000000 128 128
15022 00002000 128 128
15026 00000000 128 128
15398 00004000 128 128
15402 00000000 128 128
15434 00004000 128 128
15438 00000000 128 128
15470 00004000 128 128
15474 00000000 128 128
15506 00004000 128 128
15510 00000000 128 128
15572 00002000 128 128
15576 00000000 128 128
15678 00000040 128 128
15684 00000000 128 128
15726 00002000 128 128
15730 00000000 128 128
16102 00004000 128 128
16106 00000000 128 128
16138 00004000 128 128
16142 00000000 128 128
16174 00004000 128 128
16178 00000000 128 128
16210 00004000 128 128
16214 00000000 128 128
16276 00002000 128 128
16280 00000000 128 128
16382 00000040 128 128
16388 00000000 128 128
16430 00002000 128 128
16434 00000000 128 128
16806 00004000 128 128
16810 00000000 128 128
16842 00004000 128 128
16846 00000000 128 128
16878 00004000 128 128
16882 00000000 128 128
16914 00004000 128 128
16918 00000000 128 128
16980 00002000 128 128
16984 00000000 128 128
17086 00000040 128 128
17092 00000000 128 128
17134 00002000 128 128
17138 00000000 128 128
17510 00004000 128 128
17514 00000000 128 128
17546 00004000 128 128
17550 00000000 128 128
17582 00004000 128 128
17586 00000000 128 128
17618 00004000 128 128
17622 00000000 128 128
17684 00002000 128 128
17688 00000000 128 128
17790 00000040 128 128
17796 00000000 128 128
17838 00002000 128 128
17842 00000000 128 128
18214 00004000 128 128
18218 00000000 128 128
18250 00004000 128 128
18254 00000000 128 128
18286 00004000 128 128
18290 00000000 128 128
18322 00004000 128 128
18326 00000000 128 128
18388 00002000 128 128
18392 00000000 128 128
18494 00000040 128 128
18500 00000000 128 128
18542 00002000 128 128
18546 00000000 128 128
18918 00004000 128 128
18922 00000000 128 128
18954 00004000 128 128
18958 00000000 128 128
18990 00004000 128 128
18994 00000000 128 128
19026 00004000 128 128
19030 00000000 128 128
19092 00002000 128 128
19096 00000000 128 128
19198 00000040 128 128
19204 00000000 128 128
19246 00002000 128 128
19250 00000000 128 128
19622 00004000 128 128
19626 00000000 128 128
19658 00004000 128 128
19662 00000000 128 128
19694 00004000 128 128
19698 00000000 128 128
19730 00004000 128 128
19734 00000000 128 128
19796 00002000 128 128
19800 00000000 128 128
19902 00000040 128 128
19908 00000000 128 128
19950 00002000 128 128
19954 00000000 128 128
20326 00004000 128 128
20330 00000000 128 128
20362 00004000 128 128
20366 00000000 128 128
20398 00004000 128 128
20402 00000000 128 128
20434 00004000 128 128
20438 00000000 128 128
20500 00002000 128 128
20504 00000000 128 128
20606 00000040 128 128
20612 00000000 128 128
20654 00002000 128 128
20658 00000000 128 128
21030 00004000 128 128
21034 00000000 128 128
21066 00004000 128 128
21070 00000000 128 128
21102 00004000 128 128
21106 00000000 128 128
21138 00004000 128 128
21142 00000000 128 128
21204 00002000 128 128
21208 00000000 128 128
21310 00000040 128 128
21316 00000000 128 128
21358 00002000 128 128
21362 00000000 128 128
21734 00004000 128 128
21738 00000000 128 128
21770 00004000 128 128
21774 00000000 128 128
21806 00004000 128 128
21810 00000000 128 128
21842 00004000 128 128
21846 00000000 128 128
21908 00002000 128 128
21912 00000000 128 128
22014 00000040 128 128
22020 00000000 128 128
22062 00002000 128 128
22066 00000000 128 128
22438 00004000 128 128
22442 00000000 128 128
22474 00004000 128 128
22478 00000000 128 128
22510 00004000 128 128
22514 00000000 128 128
22546 00004000 128 128
22550 00000000 128 128
22612 00002000 128 128
22616 00000000 128 128
22718 00000040 128 128
22724 00000000 128 128
22766 00002000 128 128
22770 00000000 128 128
23142 00004000 128 128
23146 00000000 128 128
23178 00004000 128 128
23182 00000000 128 128
23214 00004000 128 128
23218 00000000 128 128
23250 00004000 128 128
23254 00000000 128 128
23316 00002000 128 128
23320 00000000 128 128
23422 00000040 128 128
23428 00000000 128 128
23470 00002000 128 128
23474 00000000 128 128
23846 00004000 128 128
23850 00000000 128 128
23882 00004000 128 128
23886 00000000 128 128
23918 00004000 128 128
23922 00000000 128 128
23954 00004000 128 128
23958 00000000 128 128
24020 00002000 128 128
24024 00000000 128 128
24126 00000040 128 128
24132 00000000 128 128
24174 00002000 128 128
24178 00000000 128 128
24550 00004000 128 128
24554 00000000 128 128
24586 00004000 128 128
24590 00000000 128 128
24622 00004000 128 128
24626 00000000 128 128
24658 00004000 128 128
24662 00000000 128 128
24724 00002000 128 128
24728 00000000 128 128
24830 00000040 128 128
24836 00000000 128 128
24878 00002000 128 128
24882 00000000 128 128
25254 00004000 128 128
25258 00000000 128 128
25290 00004000 128 128
25294 00000000 128 128
25326 00004000 128 128
25330 00000000 128 128
25362 00004000 128 128
25366 00000000 128 128
25428 00002000 128 128
25432 00000000 128 128
25534 00000040 128 128
25540 00000000 128 128
25582 00002000 128 128
25586 00000000 128 128
25958 00004000 128 128
25962 00000000 128 128
25994 00004000 128 128
25998 00000000 128 128
26030 00004000 128 128
26034 00000000 128 128
26066 00004000 128 128
26070 00000000 128 128
26252 00004000 128 128
26256 00000000 128 128
26288 00004000 128 128
26292 00000000 128 128
26324 00004000 128 128
26328 00000000 128 128
26360 00004000 128 128
26364 00000000 128 128
26396 00004000 128 128
26400 00000000 128 128
26432 00004000 128 128
26436 00000000 128 128
26468 00004000 128 128
26472 00000000 128 128
26504 00004000 128 128
26508 00000000 128 128
26540 00004000 128 128
26544 00000000 128 128
26576 00004000 128 128
26580 00000000 128 128
26612 00004000 128 128
26616 00000000 128 128
26648 00004000 128 128
26652 00000000 128 128
26684 00004000 128 128
26688 00000000 128 128
26720 00004000 128 128
26724 00000000 128 128
26756 00004000 128 128
26760 00000000 128 128
26792 00004000 128 128
26796 00000000 128 128
26828 00004000 128 128
26832 00000000 128 128
26864 00004000 128 128
26868 00000000 128 128
26900 00004000 128 128
26904 00000000 128 128
26936 00004000 128 128
26940 00000000 128 128
26972 00004000 128 128
26976 00000000 128 128
27008 00004000 128 128
27012 00000000 128 128
27044 00004000 128 128
27048 00000000 128 128
27080 00004000 128 128
27084 00000000 128 128
27116 00004000 128 128
27120 00000000 128 128
27152 00004000 128 128
27156 00000000 128 128
27188 00004000 128 128
27192 00000000 128 128
27224 00004000 128 128
27228 00000000 128 128
27260 00004000 128 128
27264 00000000 128 128
27296 00004000 128 128
27300 00000000 128 128
27332 00004000 128 128
27336 00000000 128 128
27368 00004000 128 128
27372 00000000 128 128
27404 00004000 128 128
27408 00000000 128 128
27440 00004000 128 128
27444 00000000 128 128
27476 00004000 128 128
27480 00000000 128 128
27512 00004000 128 128
27516 00000000 128 128
27548 00004000 128 128
27552 00000000 128 128
27584 00004000 128 128
27588 00000000 128 128
27620 00004000 128 128
27624 00000000 128 128
27656 00004000 128 128
27660 00000000 128 128
27692 00004000 128 128
27696 00000000 128 128
27728 00004000 128 128
27732 00000000 128 128
27764 00004000 128 128
27768 00000000 128 128
27800 00004000 128 128
27804 00000000 128 128
27836 00004000 128 128
27840 00000000 128 128
27872 00004000 128 128
27876 00000000 128 128
27908 00004000 128 128
27912 00000000 128 128
27944 00004000 128 128
27948 00000000 128 128
27980 00004000 128 128
27984 00000000 128 128
28016 00004000 128 128
28020 00000000 128 128
28052 00004000 128 128
28056 00000000 128 128
28088 00004000 128 128
28092 00000000 128 128
28124 00004000 128 128
28128 00000000 128 128
28160 00004000 128 128
28164 00000000 128 128
28196 00004000 128 128
28200 00000000 128 128
28232 00004000 128 128
28236 00000000 128 128
28268 00004000 128 128
28272 00000000 128 128
28304 00004000 128 128
28308 00000000 128 128
28340 00004000 128 128
28344 00000000 128 128
28376 00004000 128 128
28380 00000000 128 128
28472 00001000 128 128
28476 00000000 128 128
28578 00000010 128 128
28584 00000000 128 128
28606 00000010 128 128
28612 00000000 128 128
28634 00000010 128 128
28640 00000000 128 128
28662 00000020 128 128
28668 00000000 128 128
28700 00002000 128 128
28704 00000000 128 128
29116 00002000 128 128
29120 00000000 128 128
29332 00002000 128 128
29336 00000000 128 128
29548 00002000 128 128
29552 00000000 128 128
29764 00002000 128 128
29768 00000000 128 128
29980 00002000 128 128
29984 00000000 128 128
30256 00000000 128 128
