0 00000000 128 128
150 00000008 128 128
152 00000000 128 128
300 00000008 128 128
302 00000000 128 128
450 00002000 128 128
452 00000000 128 128
1200 00001000 128 128
1204 00000000 128 128
1290 00000020 128 128
1294 00000000 128 128
1320 00000040 128 128
1324 00000000 128 128
1350 00002000 128 128
1354 00000000 128 128
1750 00002000 128 128
1754 00000000 128 128
1950 00002000 128 128
1954 00000000 128 128
2150 00002000 128 128
2154 00000000 128 128
2350 00002000 128 128
2354 00000000 128 128
2550 00002000 128 128
2554 00000000 128 128
2750 00002000 128 128
2754 00000000 128 128
2950 00000000 128 128
