0 00000000 128 128
150 00000008 128 128
154 00000000 128 128
300 00000008 128 128
304 00000000 128 128
450 00000008 128 128
454 00000000 128 128
600 00002000 128 128
604 00000000 128 128
634 00002000 128 128
638 00000000 128 128
668 00002000 128 128
672 00000000 128 128
702 00002000 128 128
706 00000000 128 128
736 00002000 128 128
740 00000000 128 128
770 00002000 128 128
774 00000000 128 128
804 00002000 128 128
808 00000000 128 128
838 00002000 128 128
842 00000000 128 128
872 00002000 128 128
876 00000000 128 128
906 00002000 128 128
910 00000000 128 128
940 00002000 128 128
944 00000000 128 128
974 00002000 128 128
978 00000000 128 128
1008 00002000 128 128
1012 00000000 128 128
1042 00002000 128 128
1046 00000000 128 128
1076 00002000 128 128
1080 00000000 128 128
1110 00002000 128 128
1114 00000000 128 128
1144 00002000 128 128
1148 00000000 128 128
1178 00002000 128 128
1182 00000000 128 128
1212 00002000 128 128
1216 00000000 128 128
1246 00002000 128 128
1250 00000000 128 128
1280 00002000 128 128
1284 00000000 128 128
1314 00002000 128 128
1318 00000000 128 128
1348 00002000 128 128
1352 00000000 128 128
1382 00002000 128 128
1386 00000000 128 128
1416 00002000 128 128
1420 00000000 128 128
1450 00002000 128 128
1454 00000000 128 128
1484 00002000 128 128
1488 00000000 128 128
1518 00002000 128 128
1522 00000000 128 128
1552 00002000 128 128
1556 00000000 128 128
1586 00002000 128 128
1590 00000000 128 128
2000 00000200 128 128
2004 00000000 128 128
2030 00000020 128 128
2058 00000000 128 128
2060 00000040 128 128
2084 00000000 128 128
2090 00004000 128 128
2096 00000000 128 128
2210 00004000 128 128
2216 00000000 128 128
2330 00004000 128 128
2336 00000000 128 128
2450 00004000 128 128
2456 00000000 128 128
2570 00000200 128 128
2574 00000000 128 128
2600 00002000 128 128
2604 00000000 128 128
2634 00002000 128 128
2638 00000000 128 128
2668 00002000 128 128
2672 00000000 128 128
2702 00002000 128 128
2706 00000000 128 128
2736 00002000 128 128
2740 00000000 128 128
2770 00002000 128 128
2774 00000000 128 128
2804 00002000 128 128
2808 00000000 128 128
2838 00002000 128 128
2842 00000000 128 128
2872 00002000 128 128
2876 00000000 128 128
2906 00002000 128 128
2910 00000000 128 128
2940 00002000 128 128
2944 00000000 128 128
2974 00002000 128 128
2978 00000000 128 128
3008 00002000 128 128
3012 00000000 128 128
3042 00002000 128 128
3046 00000000 128 128
3076 00002000 128 128
3080 00000000 128 128
3110 00002000 128 128
3114 00000000 128 128
3144 00002000 128 128
3148 00000000 128 128
3178 00002000 128 128
3182 00000000 128 128
3212 00002000 128 128
3216 00000000 128 128
3246 00002000 128 128
3250 00000000 128 128
3280 00002000 128 128
3284 00000000 128 128
3314 00002000 128 128
3318 00000000 128 128
3348 00002000 128 128
3352 00000000 128 128
3382 00002000 128 128
3386 00000000 128 128
3416 00002000 128 128
3420 00000000 128 128
3450 00002000 128 128
3454 00000000 128 128
3484 00002000 128 128
3488 00000000 128 128
3518 00002000 128 128
3522 00000000 128 128
3552 00002000 128 128
3556 00000000 128 128
3586 00002000 128 128
3590 00000000 128 128
3620 00002000 128 128
3624 00000000 128 128
3654 00002000 128 128
3658 00000000 128 128
3688 00002000 128 128
3692 00000000 128 128
3722 00002000 128 128
3726 00000000 128 128
3756 00002000 128 128
3760 00000000 128 128
3790 00002000 128 128
3794 00000000 128 128
3824 00002000 128 128
3828 00000000 128 128
3858 00002000 128 128
3862 00000000 128 128
3892 00002000 128 128
3896 00000000 128 128
3926 00002000 128 128
3930 00000000 128 128
3960 00002000 128 128
3964 00000000 128 128
3994 00002000 128 128
3998 00000000 128 128
4028 00002000 128 128
4032 00000000 128 128
4062 00002000 128 128
4066 00000000 128 128
4096 00002000 128 128
4100 00000000 128 128
4130 00002000 128 128
4134 00000000 128 128
4164 00002000 128 128
4168 00000000 128 128
4198 00002000 128 128
4202 00000000 128 128
4232 00002000 128 128
4236 00000000 128 128
4266 00002000 128 128
4270 00000000 128 128
4300 00002000 128 128
4304 00000000 128 128
4334 00002000 128 128
4338 00000000 128 128
4368 00002000 128 128
4372 00000000 128 128
4402 00002000 128 128
4406 00000000 128 128
4436 00002000 128 128
4440 00000000 128 128
4470 00002000 128 128
4474 00000000 128 128
4504 00002000 128 128
4508 00000000 128 128
4538 00002000 128 128
4542 00000000 128 128
4572 00002000 128 128
4576 00000000 128 128
4606 00002000 128 128
4610 00000000 128 128
4640 00002000 128 128
4644 00000000 128 128
4674 00002000 128 128
4678 00000000 128 128
4708 00002000 128 128
4712 00000000 128 128
4742 00002000 128 128
4746 00000000 128 128
4776 00002000 128 128
4780 00000000 128 128
4810 00002000 128 128
4814 00000000 128 128
4844 00002000 128 128
4848 00000000 128 128
4878 00002000 128 128
4882 00000000 128 128
4912 00002000 128 128
4916 00000000 128 128
4946 00002000 128 128
4950 00000000 128 128
4980 00002000 128 128
4984 00000000 128 128
5014 00002000 128 128
5018 00000000 128 128
5048 00002000 128 128
5052 00000000 128 128
5082 00002000 128 128
5086 00000000 128 128
5116 00002000 128 128
5120 00000000 128 128
5150 00002000 128 128
5154 00000000 128 128
5184 00002000 128 128
5188 00000000 128 128
5218 00002000 128 128
5222 00000000 128 128
5252 00002000 128 128
5256 00000000 128 128
5286 00002000 128 128
5290 00000000 128 128
5320 00002000 128 128
5324 00000000 128 128
5354 00002000 128 128
5358 00000000 128 128
5388 00002000 128 128
5392 00000000 128 128
5422 00002000 128 128
5426 00000000 128 128
5456 00002000 128 128
5460 00000000 128 128
5490 00002000 128 128
5494 00000000 128 128
5524 00002000 128 128
5528 00000000 128 128
5558 00002000 128 128
5562 00000000 128 128
5592 00002000 128 128
5596 00000000 128 128
5626 00002000 128 128
5630 00000000 128 128
5660 00002000 128 128
5664 00000000 128 128
5694 00002000 128 128
5698 00000000 128 128
5728 00002000 128 128
5732 00000000 128 128
5762 00002000 128 128
5766 00000000 128 128
5796 00002000 128 128
5800 00000000 128 128
5830 00002000 128 128
5834 00000000 128 128
5864 00002000 128 128
5868 00000000 128 128
5898 00002000 128 128
5902 00000000 128 128
5932 00002000 128 128
5936 00000000 128 128
5966 00002000 128 128
5970 00000000 128 128
6000 00002000 128 128
6004 00000000 128 128
6034 00002000 128 128
6038 00000000 128 128
6068 00002000 128 128
6072 00000000 128 128
6102 00002000 128 128
6106 00000000 128 128
6136 00002000 128 128
6140 00000000 128 128
6170 00002000 128 128
6174 00000000 128 128
6204 00002000 128 128
6208 00000000 128 128
6238 00002000 128 128
6242 00000000 128 128
6272 00002000 128 128
6276 00000000 128 128
6306 00002000 128 128
6310 00000000 128 128
6340 00002000 128 128
6344 00000000 128 128
6374 00002000 128 128
6378 00000000 128 128
6408 00002000 128 128
6412 00000000 128 128
6442 00002000 128 128
6446 00000000 128 128
6476 00002000 128 128
6480 00000000 128 128
6510 00002000 128 128
6514 00000000 128 128
6544 00002000 128 128
6548 00000000 128 128
6578 00002000 128 128
6582 00000000 128 128
6612 00002000 128 128
6616 00000000 128 128
6646 00002000 128 128
6650 00000000 128 128
6680 00002000 128 128
6684 00000000 128 128
6714 00002000 128 128
6718 00000000 128 128
6748 00002000 128 128
6752 00000000 128 128
6782 00002000 128 128
6786 00000000 128 128
6816 00002000 128 128
6820 00000000 128 128
6850 00002000 128 128
6854 00000000 128 128
6884 00002000 128 128
6888 00000000 128 128
6918 00002000 128 128
6922 00000000 128 128
6952 00002000 128 128
6956 00000000 128 128
6986 00002000 128 128
6990 00000000 128 128
7020 00002000 128 128
7024 00000000 128 128
7054 00002000 128 128
7058 00000000 128 128
7088 00002000 128 128
7092 00000000 128 128
7122 00002000 128 128
7126 00000000 128 128
7156 00002000 128 128
7160 00000000 128 128
7190 00002000 128 128
7194 00000000 128 128
7224 00002000 128 128
7228 00000000 128 128
7258 00002000 128 128
7262 00000000 128 128
7292 00002000 128 128
7296 00000000 128 128
7326 00002000 128 128
7330 00000000 128 128
7360 00002000 128 128
7364 00000000 128 128
7394 00002000 128 128
7398 00000000 128 128
7428 00002000 128 128
7432 00000000 128 128
7462 00002000 128 128
7466 00000000 128 128
7496 00002000 128 128
7500 00000000 128 128
7530 00002000 128 128
7534 00000000 128 128
7564 00002000 128 128
7568 00000000 128 128
7598 00002000 128 128
7602 00000000 128 128
7632 00002000 128 128
7636 00000000 128 128
7666 00002000 128 128
7670 00000000 128 128
7700 00002000 128 128
7704 00000000 128 128
7734 00002000 128 128
7738 00000000 128 128
7768 00002000 128 128
7772 00000000 128 128
7802 00002000 128 128
7806 00000000 128 128
7836 00002000 128 128
7840 00000000 128 128
7870 00002000 128 128
7874 00000000 128 128
7904 00002000 128 128
7908 00000000 128 128
7938 00002000 128 128
7942 00000000 128 128
7972 00002000 128 128
7976 00000000 128 128
8006 00002000 128 128
8010 00000000 128 128
8040 00002000 128 128
8044 00000000 128 128
8074 00002000 128 128
8078 00000000 128 128
8108 00002000 128 128
8112 00000000 128 128
8142 00002000 128 128
8146 00000000 128 128
8176 00002000 128 128
8180 00000000 128 128
8210 00002000 128 128
8214 00000000 128 128
8244 00002000 128 128
8248 00000000 128 128
8278 00002000 128 128
8282 00000000 128 128
8312 00002000 128 128
8316 00000000 128 128
8346 00002000 128 128
8350 00000000 128 128
8380 00002000 128 128
8384 00000000 128 128
8414 00002000 128 128
8418 00000000 128 128
8448 00002000 128 128
8452 00000000 128 128
8482 00002000 128 128
8486 00000000 128 128
8516 00002000 128 128
8520 00000000 128 128
8550 00002000 128 128
8554 00000000 128 128
8584 00002000 128 128
8588 00000000 128 128
8618 00002000 128 128
8622 00000000 128 128
8652 00002000 128 128
8656 00000000 128 128
8686 00002000 128 128
8690 00000000 128 128
8720 00002000 128 128
8724 00000000 128 128
8754 00002000 128 128
8758 00000000 128 128
8788 00002000 128 128
8792 00000000 128 128
8822 00002000 128 128
8826 00000000 128 128
8856 00002000 128 128
8860 00000000 128 128
8890 00002000 128 128
8894 00000000 128 128
8924 00002000 128 128
8928 00000000 128 128
8958 00002000 128 128
8962 00000000 128 128
8992 00002000 128 128
8996 00000000 128 128
9026 00002000 128 128
9030 00000000 128 128
9060 00002000 128 128
9064 00000000 128 128
9094 00002000 128 128
9098 00000000 128 128
9128 00002000 128 128
9132 00000000 128 128
9162 00002000 128 128
9166 00000000 128 128
9196 00002000 128 128
9200 00000000 128 128
9230 00002000 128 128
9234 00000000 128 128
9264 00002000 128 128
9268 00000000 128 128
9298 00002000 128 128
9302 00000000 128 128
9332 00002000 128 128
9336 00000000 128 128
9366 00002000 128 128
9370 00000000 128 128
9400 00002000 128 128
9404 00000000 128 128
9434 00002000 128 128
9438 00000000 128 128
9468 00002000 128 128
9472 00000000 128 128
9502 00002000 128 128
9506 00000000 128 128
9536 00002000 128 128
9540 00000000 128 128
9570 00002000 128 128
9574 00000000 128 128
9604 00002000 128 128
9608 00000000 128 128
9638 00002000 128 128
9642 00000000 128 128
9672 00002000 128 128
9676 00000000 128 128
9706 00002000 128 128
9710 00000000 128 128
9740 00002000 128 128
9744 00000000 128 128
9774 00002000 128 128
9778 00000000 128 128
9808 00002000 128 128
9812 00000000 128 128
9842 00002000 128 128
9846 00000000 128 128
9876 00002000 128 128
9880 00000000 128 128
9910 00002000 128 128
9914 00000000 128 128
9944 00002000 128 128
9948 00000000 128 128
9978 00002000 128 128
9982 00000000 128 128
10012 00002000 128 128
10016 00000000 128 128
10046 00002000 128 128
10050 00000000 128 128
10080 00004000 128 128
10084 00000000 128 128
10114 00004000 128 128
10118 00000000 128 128
10148 00004000 128 128
10152 00000000 128 128
10182 00004000 128 128
10186 00000000 128 128
10216 00004000 128 128
10220 00000000 128 128
10250 00004000 128 128
10254 00000000 128 128
10284 00004000 128 128
10288 00000000 128 128
10318 00004000 128 128
10322 00000000 128 128
10352 00004000 128 128
10356 00000000 128 128
10386 00004000 128 128
10390 00000000 128 128
10420 00004000 128 128
10424 00000000 128 128
10454 00004000 128 128
10458 00000000 128 128
10488 00004000 128 128
10492 00000000 128 128
10522 00004000 128 128
10526 00000000 128 128
10556 00004000 128 128
10560 00000000 128 128
10590 00004000 128 128
10594 00000000 128 128
10624 00004000 128 128
10628 00000000 128 128
10658 00004000 128 128
10662 00000000 128 128
10692 00004000 128 128
10696 00000000 128 128
10726 00004000 128 128
10730 00000000 128 128
10760 00004000 128 128
10764 00000000 128 128
10794 00004000 128 128
10798 00000000 128 128
10828 00004000 128 128
10832 00000000 128 128
10862 00004000 128 128
10866 00000000 128 128
10896 00004000 128 128
10900 00000000 128 128
10930 00004000 128 128
10934 00000000 128 128
10964 00004000 128 128
10968 00000000 128 128
10998 00004000 128 128
11002 00000000 128 128
11032 00004000 128 128
11036 00000000 128 128
11066 00004000 128 128
11070 00000000 128 128
11100 00004000 128 128
11104 00000000 128 128
11134 00004000 128 128
11138 00000000 128 128
11168 00004000 128 128
11172 00000000 128 128
11202 00004000 128 128
11206 00000000 128 128
11236 00004000 128 128
11240 00000000 128 128
11270 00004000 128 128
11274 00000000 128 128
11304 00004000 128 128
11308 00000000 128 128
11338 00004000 128 128
11342 00000000 128 128
11372 00004000 128 128
11376 00000000 128 128
11406 00004000 128 128
11410 00000000 128 128
11440 00004000 128 128
11444 00000000 128 128
11474 00004000 128 128
11478 00000000 128 128
11508 00004000 128 128
11512 00000000 128 128
11542 00004000 128 128
11546 00000000 128 128
11576 00004000 128 128
11580 00000000 128 128
11610 00004000 128 128
11614 00000000 128 128
11644 00004000 128 128
11648 00000000 128 128
11678 00004000 128 128
11682 00000000 128 128
11712 00004000 128 128
11716 00000000 128 128
11746 00004000 128 128
11750 00000000 128 128
11780 00004000 128 128
11784 00000000 128 128
11814 00004000 128 128
11818 00000000 128 128
11848 00004000 128 128
11852 00000000 128 128
11882 00004000 128 128
11886 00000000 128 128
11916 00004000 128 128
11920 00000000 128 128
11950 00004000 128 128
11954 00000000 128 128
11984 00004000 128 128
11988 00000000 128 128
12018 00004000 128 128
12022 00000000 128 128
12052 00004000 128 128
12056 00000000 128 128
12086 00004000 128 128
12090 00000000 128 128
12120 00004000 128 128
12124 00000000 128 128
12154 00004000 128 128
12158 00000000 128 128
12188 00004000 128 128
12192 00000000 128 128
12222 00004000 128 128
12226 00000000 128 128
12256 00004000 128 128
12260 00000000 128 128
12290 00004000 128 128
12294 00000000 128 128
12324 00004000 128 128
12328 00000000 128 128
12358 00004000 128 128
12362 00000000 128 128
12392 00004000 128 128
12396 00000000 128 128
12426 00004000 128 128
12430 00000000 128 128
12460 00004000 128 128
12464 00000000 128 128
12494 00004000 128 128
12498 00000000 128 128
12528 00004000 128 128
12532 00000000 128 128
12562 00004000 128 128
12566 00000000 128 128
12596 00004000 128 128
12600 00000000 128 128
12630 00004000 128 128
12634 00000000 128 128
12664 00004000 128 128
12668 00000000 128 128
12698 00004000 128 128
12702 00000000 128 128
12732 00004000 128 128
12736 00000000 128 128
12766 00004000 128 128
12770 00000000 128 128
12800 00000000 128 128
