0 00000000 128 128
150 00000008 128 128
152 00000000 128 128
300 00000008 128 128
302 00000000 128 128
450 00002000 128 128
452 00000000 128 128
1200 00000080 128 128
1264 00000000 128 128
1280 00000040 128 128
1288 00000000 128 128
1320 00004000 128 128
1324 00000000 128 128
1354 00004000 128 128
1358 00000000 128 128
1388 00004000 128 128
1392 00000000 128 128
1422 00004000 128 128
1426 00000000 128 128
1456 00004000 128 128
1460 00000000 128 128
1490 00004000 128 128
1494 00000000 128 128
1524 00000020 128 128
1588 00000000 128 128
1604 00000040 128 128
1612 00000000 128 128
1644 00004000 128 128
1648 00000000 128 128
1678 00004000 128 128
1682 00000000 128 128
1712 00004000 128 128
1716 00000000 128 128
1746 00004000 128 128
1750 00000000 128 128
1780 00004000 128 128
1784 00000000 128 128
1814 00004000 128 128
1818 00000000 128 128
1848 00000080 128 128
1912 00000000 128 128
1928 00000040 128 128
1936 00000000 128 128
1968 00004000 128 128
1972 00000000 128 128
2002 00004000 128 128
2006 00000000 128 128
2036 00004000 128 128
2040 00000000 128 128
2070 00004000 128 128
2074 00000000 128 128
2104 00004000 128 128
2108 00000000 128 128
2138 00004000 128 128
2142 00000000 128 128
2172 00000020 128 128
3000 00000200 128 128
3004 00000000 128 128
3030 00000010 128 128
3042 00000000 128 128
3070 00004000 128 128
3076 00000000 128 128
3160 00004000 128 128
3166 00000000 128 128
3220 00000200 128 128
3224 00000000 128 128
3250 00004000 128 128
3254 00000000 128 128
3284 00004000 128 128
3288 00000000 128 128
3318 00004000 128 128
3322 00000000 128 128
3352 00004000 128 128
3356 00000000 128 128
3386 00004000 128 128
3390 00000000 128 128
3420 00004000 128 128
3424 00000000 128 128
3454 00004000 128 128
3458 00000000 128 128
3488 00004000 128 128
3492 00000000 128 128
3522 00004000 128 128
3526 00000000 128 128
3556 00004000 128 128
3560 00000000 128 128
3590 00004000 128 128
3594 00000000 128 128
3624 00004000 128 128
3628 00000000 128 128
3658 00004000 128 128
3662 00000000 128 128
3692 00004000 128 128
3696 00000000 128 128
3726 00004000 128 128
3730 00000000 128 128
3760 00004000 128 128
3764 00000000 128 128
3794 00004000 128 128
3798 00000000 128 128
3828 00004000 128 128
3832 00000000 128 128
3862 00004000 128 128
3866 00000000 128 128
3896 00004000 128 128
3900 00000000 128 128
3930 00004000 128 128
3934 00000000 128 128
3964 00004000 128 128
3968 00000000 128 128
3998 00004000 128 128
4002 00000000 128 128
4032 00004000 128 128
4036 00000000 128 128
4066 00000200 128 128
4070 00000000 128 128
4096 00004000 128 128
4102 00000000 128 128
4186 00004000 128 128
4192 00000000 128 128
4246 00000200 128 128
4250 00000000 128 128
4276 00004000 128 128
4280 00000000 128 128
4310 00004000 128 128
4314 00000000 128 128
4344 00004000 128 128
4348 00000000 128 128
4378 00004000 128 128
4382 00000000 128 128
4412 00004000 128 128
4416 00000000 128 128
4446 00004000 128 128
4450 00000000 128 128
4480 00004000 128 128
4484 00000000 128 128
4514 00004000 128 128
4518 00000000 128 128
4548 00004000 128 128
4552 00000000 128 128
4582 00004000 128 128
4586 00000000 128 128
4616 00004000 128 128
4620 00000000 128 128
4650 00004000 128 128
4654 00000000 128 128
4684 00004000 128 128
4688 00000000 128 128
4718 00004000 128 128
4722 00000000 128 128
4752 00004000 128 128
4756 00000000 128 128
4786 00004000 128 128
4790 00000000 128 128
4820 00004000 128 128
4824 00000000 128 128
4854 00004000 128 128
4858 00000000 128 128
4888 00004000 128 128
4892 00000000 128 128
4922 00004000 128 128
4926 00000000 128 128
4956 00004000 128 128
4960 00000000 128 128
4990 00004000 128 128
4994 00000000 128 128
5024 00004000 128 128
5028 00000000 128 128
5058 00004000 128 128
5062 00000000 128 128
5092 00000200 128 128
5096 00000000 128 128
5122 00004000 128 128
5128 00000000 128 128
5212 00004000 128 128
5218 00000000 128 128
5272 00000200 128 128
5276 00000000 128 128
5302 00004000 128 128
5306 00000000 128 128
5336 00004000 128 128
5340 00000000 128 128
5370 00004000 128 128
5374 00000000 128 128
5404 00004000 128 128
5408 00000000 128 128
5438 00004000 128 128
5442 00000000 128 128
5472 00004000 128 128
5476 00000000 128 128
5506 00004000 128 128
5510 00000000 128 128
5540 00004000 128 128
5544 00000000 128 128
5574 00004000 128 128
5578 00000000 128 128
5608 00004000 128 128
5612 00000000 128 128
5642 00004000 128 128
5646 00000000 128 128
5676 00004000 128 128
5680 00000000 128 128
5710 00004000 128 128
5714 00000000 128 128
5744 00004000 128 128
5748 00000000 128 128
5778 00004000 128 128
5782 00000000 128 128
5812 00004000 128 128
5816 00000000 128 128
5846 00004000 128 128
5850 00000000 128 128
5880 00004000 128 128
5884 00000000 128 128
5914 00004000 128 128
5918 00000000 128 128
5948 00004000 128 128
5952 00000000 128 128
5982 00004000 128 128
5986 00000000 128 128
6016 00004000 128 128
6020 00000000 128 128
6050 00004000 128 128
6054 00000000 128 128
6084 00004000 128 128
6088 00000000 128 128
6118 00000200 128 128
6122 00000000 128 128
6148 00004000 128 128
6154 00000000 128 128
6238 00004000 128 128
6244 00000000 128 128
6298 00000200 128 128
6302 00000000 128 128
6328 00004000 128 128
6332 00000000 128 128
6362 00004000 128 128
6366 00000000 128 128
6396 00004000 128 128
6400 00000000 128 128
6430 00004000 128 128
6434 00000000 128 128
6464 00004000 128 128
6468 00000000 128 128
6498 00004000 128 128
6502 00000000 128 128
6532 00004000 128 128
6536 00000000 128 128
6566 00004000 128 128
6570 00000000 128 128
6600 00004000 128 128
6604 00000000 128 128
6634 00004000 128 128
6638 00000000 128 128
6668 00004000 128 128
6672 00000000 128 128
6702 00004000 128 128
6706 00000000 128 128
6736 00004000 128 128
6740 00000000 128 128
6770 00004000 128 128
6774 00000000 128 128
6804 00004000 128 128
6808 00000000 128 128
6838 00004000 128 128
6842 00000000 128 128
6872 00004000 128 128
6876 00000000 128 128
6906 00004000 128 128
6910 00000000 128 128
6940 00004000 128 128
6944 00000000 128 128
6974 00004000 128 128
6978 00000000 128 128
7008 00004000 128 128
7012 00000000 128 128
7042 00004000 128 128
7046 00000000 128 128
7076 00004000 128 128
7080 00000000 128 128
7110 00004000 128 128
7114 00000000 128 128
7144 00000200 128 128
7148 00000000 128 128
7174 00004000 128 128
7180 00000000 128 128
7264 00004000 128 128
7270 00000000 128 128
7324 00000200 128 128
7328 00000000 128 128
7354 00004000 128 128
7358 00000000 128 128
7388 00004000 128 128
7392 00000000 128 128
7422 00004000 128 128
7426 00000000 128 128
7456 00004000 128 128
7460 00000000 128 128
7490 00004000 128 128
7494 00000000 128 128
7524 00004000 128 128
7528 00000000 128 128
7558 00004000 128 128
7562 00000000 128 128
7592 00004000 128 128
7596 00000000 128 128
7626 00004000 128 128
7630 00000000 128 128
7660 00004000 128 128
7664 00000000 128 128
7694 00004000 128 128
7698 00000000 128 128
7728 00004000 128 128
7732 00000000 128 128
7762 00004000 128 128
7766 00000000 128 128
7796 00004000 128 128
7800 00000000 128 128
7830 00004000 128 128
7834 00000000 128 128
7864 00004000 128 128
7868 00000000 128 128
7898 00004000 128 128
7902 00000000 128 128
7932 00004000 128 128
7936 00000000 128 128
7966 00004000 128 128
7970 00000000 128 128
8000 00004000 128 128
8004 00000000 128 128
8034 00004000 128 128
8038 00000000 128 128
8068 00004000 128 128
8072 00000000 128 128
8102 00004000 128 128
8106 00000000 128 128
8136 00004000 128 128
8140 00000000 128 128
8170 00000200 128 128
8174 00000000 128 128
8200 00004000 128 128
8206 00000000 128 128
8290 00004000 128 128
8296 00000000 128 128
8350 00000200 128 128
8354 00000000 128 128
8380 00004000 128 128
8384 00000000 128 128
8414 00004000 128 128
8418 00000000 128 128
8448 00004000 128 128
8452 00000000 128 128
8482 00004000 128 128
8486 00000000 128 128
8516 00004000 128 128
8520 00000000 128 128
8550 00004000 128 128
8554 00000000 128 128
8584 00004000 128 128
8588 00000000 128 128
8618 00004000 128 128
8622 00000000 128 128
8652 00004000 128 128
8656 00000000 128 128
8686 00004000 128 128
8690 00000000 128 128
8720 00004000 128 128
8724 00000000 128 128
8754 00004000 128 128
8758 00000000 128 128
8788 00004000 128 128
8792 00000000 128 128
8822 00004000 128 128
8826 00000000 128 128
8856 00004000 128 128
8860 00000000 128 128
8890 00004000 128 128
8894 00000000 128 128
8924 00004000 128 128
8928 00000000 128 128
8958 00004000 128 128
8962 00000000 128 128
8992 00004000 128 128
8996 00000000 128 128
9026 00004000 128 128
9030 00000000 128 128
9060 00004000 128 128
9064 00000000 128 128
9094 00004000 128 128
9098 00000000 128 128
9128 00004000 128 128
9132 00000000 128 128
9162 00004000 128 128
9166 00000000 128 128
9196 00000200 128 128
9200 00000000 128 128
9226 00004000 128 128
9232 00000000 128 128
9316 00004000 128 128
9322 00000000 128 128
9376 00000200 128 128
9380 00000000 128 128
9406 00004000 128 128
9410 00000000 128 128
9440 00004000 128 128
9444 00000000 128 128
9474 00004000 128 128
9478 00000000 128 128
9508 00004000 128 128
9512 00000000 128 128
9542 00004000 128 128
9546 00000000 128 128
9576 00004000 128 128
9580 00000000 128 128
9610 00004000 128 128
9614 00000000 128 128
9644 00004000 128 128
9648 00000000 128 128
9678 00004000 128 128
9682 00000000 128 128
9712 00004000 128 128
9716 00000000 128 128
9746 00004000 128 128
9750 00000000 128 128
9780 00004000 128 128
9784 00000000 128 128
9814 00004000 128 128
9818 00000000 128 128
9848 00004000 128 128
9852 00000000 128 128
9882 00004000 128 128
9886 00000000 128 128
9916 00004000 128 128
9920 00000000 128 128
9950 00004000 128 128
9954 00000000 128 128
9984 00004000 128 128
9988 00000000 128 128
10018 00004000 128 128
10022 00000000 128 128
10052 00004000 128 128
10056 00000000 128 128
10086 00004000 128 128
10090 00000000 128 128
10120 00004000 128 128
10124 00000000 128 128
10154 00004000 128 128
10158 00000000 128 128
10188 00004000 128 128
10192 00000000 128 128
10222 00000200 128 128
10226 00000000 128 128
10252 00004000 128 128
10258 00000000 128 128
10342 00004000 128 128
10348 00000000 128 128
10402 00000200 128 128
10406 00000000 128 128
10432 00004000 128 128
10436 00000000 128 128
10466 00004000 128 128
10470 00000000 128 128
10500 00004000 128 128
10504 00000000 128 128
10534 00004000 128 128
10538 00000000 128 128
10568 00004000 128 128
10572 00000000 128 128
10602 00004000 128 128
10606 00000000 128 128
10636 00004000 128 128
10640 00000000 128 128
10670 00004000 128 128
10674 00000000 128 128
10704 00004000 128 128
10708 00000000 128 128
10738 00004000 128 128
10742 00000000 128 128
10772 00004000 128 128
10776 00000000 128 128
10806 00004000 128 128
10810 00000000 128 128
10840 00004000 128 128
10844 00000000 128 128
10874 00004000 128 128
10878 00000000 128 128
10908 00004000 128 128
10912 00000000 128 128
10942 00004000 128 128
10946 00000000 128 128
10976 00004000 128 128
10980 00000000 128 128
11010 00004000 128 128
11014 00000000 128 128
11044 00004000 128 128
11048 00000000 128 128
11078 00004000 128 128
11082 00000000 128 128
11112 00004000 128 128
11116 00000000 128 128
11146 00004000 128 128
11150 00000000 128 128
11180 00004000 128 128
11184 00000000 128 128
11214 00004000 128 128
11218 00000000 128 128
11248 00000200 128 128
11252 00000000 128 128
11278 00004000 128 128
11284 00000000 128 128
11368 00004000 128 128
11374 00000000 128 128
11428 00000200 128 128
11432 00000000 128 128
11458 00004000 128 128
11462 00000000 128 128
11492 00004000 128 128
11496 00000000 128 128
11526 00004000 128 128
11530 00000000 128 128
11560 00004000 128 128
11564 00000000 128 128
11594 00004000 128 128
11598 00000000 128 128
11628 00004000 128 128
11632 00000000 128 128
11662 00004000 128 128
11666 00000000 128 128
11696 00004000 128 128
11700 00000000 128 128
11730 00004000 128 128
11734 00000000 128 128
11764 00004000 128 128
11768 00000000 128 128
11798 00004000 128 128
11802 00000000 128 128
11832 00004000 128 128
11836 00000000 128 128
11866 00004000 128 128
11870 00000000 128 128
11900 00004000 128 128
11904 00000000 128 128
11934 00004000 128 128
11938 00000000 128 128
11968 00004000 128 128
11972 00000000 128 128
12002 00004000 128 128
12006 00000000 128 128
12036 00004000 128 128
12040 00000000 128 128
12070 00004000 128 128
12074 00000000 128 128
12104 00004000 128 128
12108 00000000 128 128
12138 00004000 128 128
12142 00000000 128 128
12172 00004000 128 128
12176 00000000 128 128
12206 00004000 128 128
12210 00000000 128 128
12240 00004000 128 128
12244 00000000 128 128
12274 00000200 128 128
12278 00000000 128 128
12304 00004000 128 128
12310 00000000 128 128
12394 00004000 128 128
12400 00000000 128 128
12454 00000200 128 128
12458 00000000 128 128
12484 00004000 128 128
12488 00000000 128 128
12518 00004000 128 128
12522 00000000 128 128
12552 00004000 128 128
12556 00000000 128 128
12586 00004000 128 128
12590 00000000 128 128
12620 00004000 128 128
12624 00000000 128 128
12654 00004000 128 128
12658 00000000 128 128
12688 00004000 128 128
12692 00000000 128 128
12722 00004000 128 128
12726 00000000 128 128
12756 00004000 128 128
12760 00000000 128 128
12790 00004000 128 128
12794 00000000 128 128
12824 00004000 128 128
12828 00000000 128 128
12858 00004000 128 128
12862 00000000 128 128
12892 00004000 128 128
12896 00000000 128 128
12926 00004000 128 128
12930 00000000 128 128
12960 00004000 128 128
12964 00000000 128 128
12994 00004000 128 128
12998 00000000 128 128
13028 00004000 128 128
13032 00000000 128 128
13062 00004000 128 128
13066 00000000 128 128
13096 00004000 128 128
13100 00000000 128 128
13130 00004000 128 128
13134 00000000 128 128
13164 00004000 128 128
13168 00000000 128 128
13198 00004000 128 128
13202 00000000 128 128
13232 00004000 128 128
13236 00000000 128 128
13266 00004000 128 128
13270 00000000 128 128
13300 00000000 128 128
