0 00000000 128 128
150 00000008 128 128
152 00000000 128 128
300 00000008 128 128
302 00000000 128 128
450 00002000 128 128
452 00000000 128 128
700 00000010 128 128
708 00000000 128 128
740 00000040 128 128
772 00000000 128 128
804 00000040 128 128
812 00000000 128 128
1414 00000040 128 128
1478 00000000 128 128
1780 00004000 128 128
1784 00000000 128 128
1816 00004000 128 128
1820 00000000 128 128
1852 00004000 128 128
1856 00000000 128 128
1888 00004000 128 128
1892 00000000 128 128
1924 00004000 128 128
1928 00000000 128 128
1960 00004000 128 128
1964 00000000 128 128
1996 00004000 128 128
2000 00000000 128 128
2032 00004000 128 128
2036 00000000 128 128
2068 00004000 128 128
2072 00000000 128 128
2104 00004000 128 128
2108 00000000 128 128
2200 00004000 128 128
2204 00000000 128 128
2236 00004000 128 128
2240 00000000 128 128
2272 00004000 128 128
2276 00000000 128 128
2308 00004000 128 128
2312 00000000 128 128
2344 00004000 128 128
2348 00000000 128 128
2380 00004000 128 128
2384 00000000 128 128
2416 00004000 128 128
2420 00000000 128 128
2452 00004000 128 128
2456 00000000 128 128
2488 00004000 128 128
2492 00000000 128 128
2524 00004000 128 128
2528 00000000 128 128
2620 00000040 128 128
2668 00000000 128 128
2730 00004000 128 128
2734 00000000 128 128
2766 00004000 128 128
2770 00000000 128 128
2802 00004000 128 128
2806 00000000 128 128
2838 00004000 128 128
2842 00000000 128 128
2874 00004000 128 128
2878 00000000 128 128
2910 00004000 128 128
2914 00000000 128 128
2946 00004000 128 128
2950 00000000 128 128
2982 00004000 128 128
2986 00000000 128 128
3018 00004000 128 128
3022 00000000 128 128
3054 00004000 128 128
3058 00000000 128 128
3120 00000020 128 128
3192 00000000 128 128
3224 00004000 128 128
3228 00000000 128 128
3260 00004000 128 128
3264 00000000 128 128
3296 00004000 128 128
3300 00000000 128 128
3332 00004000 128 128
3336 00000000 128 128
3368 00004000 128 128
3372 00000000 128 128
3404 00004000 128 128
3408 00000000 128 128
3440 00004000 128 128
3444 00000000 128 128
3476 00004000 128 128
3480 00000000 128 128
3512 00004000 128 128
3516 00000000 128 128
3548 00004000 128 128
3552 00000000 128 128
3614 00000040 128 128
3686 00000000 128 128
3718 00004000 128 128
3722 00000000 128 128
3754 00004000 128 128
3758 00000000 128 128
3790 00004000 128 128
3794 00000000 128 128
3826 00004000 128 128
3830 00000000 128 128
3862 00004000 128 128
3866 00000000 128 128
3898 00004000 128 128
3902 00000000 128 128
3934 00004000 128 128
3938 00000000 128 128
3970 00004000 128 128
3974 00000000 128 128
4006 00004000 128 128
4010 00000000 128 128
4042 00004000 128 128
4046 00000000 128 128
4108 00000020 128 128
4180 00000000 128 128
4212 00004000 128 128
4216 00000000 128 128
4248 00004000 128 128
4252 00000000 128 128
4284 00004000 128 128
4288 00000000 128 128
4320 00004000 128 128
4324 00000000 128 128
4356 00004000 128 128
4360 00000000 128 128
4392 00004000 128 128
4396 00000000 128 128
4428 00004000 128 128
4432 00000000 128 128
4464 00004000 128 128
4468 00000000 128 128
4500 00004000 128 128
4504 00000000 128 128
4536 00004000 128 128
4540 00000000 128 128
4602 00000010 128 128
4610 00000000 128 128
4642 00000010 128 128
4658 00000000 128 128
4860 00000010 128 128
4908 00000000 128 128
4970 00002000 128 128
4974 00000000 128 128
5106 00004000 128 128
5110 00000000 128 128
5142 00004000 128 128
5146 00000000 128 128
5178 00004000 128 128
5182 00000000 128 128
5214 00004000 128 128
5218 00000000 128 128
5250 00004000 128 128
5254 00000000 128 128
5286 00004000 128 128
5290 00000000 128 128
5322 00004000 128 128
5326 00000000 128 128
5358 00004000 128 128
5362 00000000 128 128
5394 00004000 128 128
5398 00000000 128 128
5430 00004000 128 128
5434 00000000 128 128
5466 00004000 128 128
5470 00000000 128 128
5502 00004000 128 128
5506 00000000 128 128
5538 00004000 128 128
5542 00000000 128 128
5574 00004000 128 128
5578 00000000 128 128
5610 00004000 128 128
5614 00000000 128 128
5646 00004000 128 128
5650 00000000 128 128
5682 00004000 128 128
5686 00000000 128 128
5718 00004000 128 128
5722 00000000 128 128
5754 00004000 128 128
5758 00000000 128 128
5790 00004000 128 128
5794 00000000 128 128
5886 00002000 128 128
5890 00000000 128 128
6022 00002000 128 128
6026 00000000 128 128
6438 00004000 128 128
6442 00000000 128 128
6474 00004000 128 128
6478 00000000 128 128
6510 00004000 128 128
6514 00000000 128 128
6546 00004000 128 128
6550 00000000 128 128
6582 00004000 128 128
6586 00000000 128 128
6618 00004000 128 128
6622 00000000 128 128
6654 00004000 128 128
6658 00000000 128 128
6690 00004000 128 128
6694 00000000 128 128
6726 00004000 128 128
6730 00000000 128 128
6762 00004000 128 128
6766 00000000 128 128
6798 00004000 128 128
6802 00000000 128 128
6834 00004000 128 128
6838 00000000 128 128
6870 00004000 128 128
6874 00000000 128 128
6906 00004000 128 128
6910 00000000 128 128
6942 00004000 128 128
6946 00000000 128 128
6978 00004000 128 128
6982 00000000 128 128
7014 00004000 128 128
7018 00000000 128 128
7050 00004000 128 128
7054 00000000 128 128
7086 00004000 128 128
7090 00000000 128 128
7122 00004000 128 128
7126 00000000 128 128
7158 00004000 128 128
7162 00000000 128 128
7194 00004000 128 128
7198 00000000 128 128
7230 00004000 128 128
7234 00000000 128 128
7266 00004000 128 128
7270 00000000 128 128
7302 00004000 128 128
7306 00000000 128 128
7338 00004000 128 128
7342 00000000 128 128
7374 00004000 128 128
7378 00000000 128 128
7410 00004000 128 128
7414 00000000 128 128
7446 00004000 128 128
7450 00000000 128 128
7482 00004000 128 128
7486 00000000 128 128
7518 00004000 128 128
7522 00000000 128 128
7554 00004000 128 128
7558 00000000 128 128
7590 00004000 128 128
7594 00000000 128 128
7626 00004000 128 128
7630 00000000 128 128
7662 00004000 128 128
7666 00000000 128 128
7698 00004000 128 128
7702 00000000 128 128
7734 00004000 128 128
7738 00000000 128 128
7770 00004000 128 128
7774 00000000 128 128
7806 00004000 128 128
7810 00000000 128 128
7842 00004000 128 128
7846 00000000 128 128
7878 00004000 128 128
7882 00000000 128 128
7914 00004000 128 128
7918 00000000 128 128
7950 00004000 128 128
7954 00000000 128 128
7986 00004000 128 128
7990 00000000 128 128
8022 00004000 128 128
8026 00000000 128 128
8058 00004000 128 128
8062 00000000 128 128
8094 00004000 128 128
8098 00000000 128 128
8130 00004000 128 128
8134 00000000 128 128
8166 00004000 128 128
8170 00000000 128 128
8202 00004000 128 128
8206 00000000 128 128
8238 00004000 128 128
8242 00000000 128 128
8274 00004000 128 128
8278 00000000 128 128
8310 00004000 128 128
8314 00000000 128 128
8346 00004000 128 128
8350 00000000 128 128
8382 00004000 128 128
8386 00000000 128 128
8418 00004000 128 128
8422 00000000 128 128
8454 00004000 128 128
8458 00000000 128 128
8490 00004000 128 128
8494 00000000 128 128
8526 00004000 128 128
8530 00000000 128 128
8562 00004000 128 128
8566 00000000 128 128
8718 00001000 128 128
8722 00000000 128 128
8824 00000010 128 128
8830 00000000 128 128
8852 00000010 128 128
8858 00000000 128 128
8880 00000010 128 128
8886 00000000 128 128
8908 00000020 128 128
8914 00000000 128 128
8946 00002000 128 128
8950 00000000 128 128
9362 00002000 128 128
9366 00000000 128 128
9578 00002000 128 128
9582 00000000 128 128
9794 00002000 128 128
9798 00000000 128 128
10010 00002000 128 128
10014 00000000 128 128
10226 00002000 128 128
10230 00000000 128 128
10502 00000000 128 128
