0 00000000 128 128
150 00000008 128 128
152 00000000 128 128
300 00000008 128 128
302 00000000 128 128
450 00002000 128 128
452 00000000 128 128
700 00000080 128 128
772 00000000 128 128
774 00000010 128 128
814 00000000 128 128
816 00000080 128 128
896 00000000 128 128
898 00000040 128 128
914 00000000 128 128
916 00000080 128 128
980 00000000 128 128
982 00000010 128 128
1882 00000000 128 128
1884 00000020 128 128
2184 00000000 128 128
2186 00000010 128 128
2290 00000000 128 128
2292 00000080 128 128
3192 00000000 128 128
3194 00000010 128 128
4094 00000000 128 128
4096 00000000 128 128
