0 00000000 128 128
150 00000008 128 128
152 00000000 128 128
300 00000008 128 128
302 00000000 128 128
450 00002000 128 128
452 00000000 128 128
700 00000080 128 128
708 00000000 128 128
720 00000040 128 128
760 00000000 128 128
822 00004000 128 128
826 00000000 128 128
858 00004000 128 128
862 00000000 128 128
894 00004000 128 128
898 00000000 128 128
930 00004000 128 128
934 00000000 128 128
966 00004000 128 128
970 00000000 128 128
1002 00004000 128 128
1006 00000000 128 128
1038 00004000 128 128
1042 00000000 128 128
1074 00004000 128 128
1078 00000000 128 128
1110 00004000 128 128
1114 00000000 128 128
1146 00004000 128 128
1150 00000000 128 128
1182 00004000 128 128
1186 00000000 128 128
1218 00004000 128 128
1222 00000000 128 128
1254 00004000 128 128
1258 00000000 128 128
1290 00004000 128 128
1294 00000000 128 128
1326 00004000 128 128
1330 00000000 128 128
1362 00004000 128 128
1366 00000000 128 128
1398 00004000 128 128
1402 00000000 128 128
1434 00004000 128 128
1438 00000000 128 128
1470 00004000 128 128
1474 00000000 128 128
1506 00004000 128 128
1510 00000000 128 128
1542 00004000 128 128
1546 00000000 128 128
1578 00004000 128 128
1582 00000000 128 128
1614 00004000 128 128
1618 00000000 128 128
1650 00004000 128 128
1654 00000000 128 128
1686 00004000 128 128
1690 00000000 128 128
1722 00004000 128 128
1726 00000000 128 128
1758 00004000 128 128
1762 00000000 128 128
1794 00004000 128 128
1798 00000000 128 128
1830 00004000 128 128
1834 00000000 128 128
1866 00004000 128 128
1870 00000000 128 128
1902 00004000 128 128
1906 00000000 128 128
1938 00004000 128 128
1942 00000000 128 128
1974 00004000 128 128
1978 00000000 128 128
2010 00004000 128 128
2014 00000000 128 128
2046 00004000 128 128
2050 00000000 128 128
2082 00004000 128 128
2086 00000000 128 128
2118 00004000 128 128
2122 00000000 128 128
2154 00004000 128 128
2158 00000000 128 128
2190 00004000 128 128
2194 00000000 128 128
2226 00004000 128 128
2230 00000000 128 128
2382 00000080 128 128
2414 00000000 128 128
2416 00000040 128 128
3316 00000000 128 128
3318 00000020 128 128
3382 00000000 128 128
3384 00000040 128 128
4284 00000000 128 128
4286 00000080 128 128
4350 00000000 128 128
4352 00000040 128 128
5252 00000000 128 128
5254 00000080 128 128
5302 00000000 128 128
5334 00004000 128 128
5338 00000000 128 128
5370 00004000 128 128
5374 00000000 128 128
5406 00004000 128 128
5410 00000000 128 128
5442 00004000 128 128
5446 00000000 128 128
5478 00004000 128 128
5482 00000000 128 128
5514 00004000 128 128
5518 00000000 128 128
5550 00004000 128 128
5554 00000000 128 128
5586 00004000 128 128
5590 00000000 128 128
5622 00004000 128 128
5626 00000000 128 128
5658 00004000 128 128
5662 00000000 128 128
5754 00000040 128 128
6654 00000000 128 128
6686 00004000 128 128
6690 00000000 128 128
6722 00004000 128 128
6726 00000000 128 128
6758 00004000 128 128
6762 00000000 128 128
6794 00004000 128 128
6798 00000000 128 128
6830 00004000 128 128
6834 00000000 128 128
6866 00004000 128 128
6870 00000000 128 128
6902 00004000 128 128
6906 00000000 128 128
6938 00004000 128 128
6942 00000000 128 128
6974 00004000 128 128
6978 00000000 128 128
7010 00004000 128 128
7014 00000000 128 128
7106 00000080 128 128
7210 00000000 128 128
7242 00004000 128 128
7246 00000000 128 128
7278 00004000 128 128
7282 00000000 128 128
7314 00004000 128 128
7318 00000000 128 128
7350 00004000 128 128
7354 00000000 128 128
7386 00004000 128 128
7390 00000000 128 128
7422 00004000 128 128
7426 00000000 128 128
7458 00004000 128 128
7462 00000000 128 128
7494 00004000 128 128
7498 00000000 128 128
7530 00004000 128 128
7534 00000000 128 128
7566 00004000 128 128
7570 00000000 128 128
7662 00000040 128 128
7806 00000000 128 128
7808 00000020 128 128
7872 00000000 128 128
7874 00000010 128 128
7890 00000000 128 128
7892 00000020 128 128
7972 00000000 128 128
7974 00000040 128 128
8014 00000000 128 128
8016 00000020 128 128
8088 00000000 128 128
8090 00000040 128 128
8106 00000000 128 128
8108 00000020 128 128
8124 00000000 128 128
8326 00004000 128 128
8330 00000000 128 128
8362 00004000 128 128
8366 00000000 128 128
8398 00004000 128 128
8402 00000000 128 128
8434 00004000 128 128
8438 00000000 128 128
8470 00004000 128 128
8474 00000000 128 128
8506 00004000 128 128
8510 00000000 128 128
8542 00004000 128 128
8546 00000000 128 128
8578 00004000 128 128
8582 00000000 128 128
8614 00004000 128 128
8618 00000000 128 128
8650 00004000 128 128
8654 00000000 128 128
8686 00004000 128 128
8690 00000000 128 128
8722 00004000 128 128
8726 00000000 128 128
8758 00004000 128 128
8762 00000000 128 128
8794 00004000 128 128
8798 00000000 128 128
8830 00004000 128 128
8834 00000000 128 128
8866 00004000 128 128
8870 00000000 128 128
8902 00004000 128 128
8906 00000000 128 128
8938 00004000 128 128
8942 00000000 128 128
8974 00004000 128 128
8978 00000000 128 128
9010 00004000 128 128
9014 00000000 128 128
9046 00004000 128 128
9050 00000000 128 128
9082 00004000 128 128
9086 00000000 128 128
9118 00004000 128 128
9122 00000000 128 128
9154 00004000 128 128
9158 00000000 128 128
9190 00004000 128 128
9194 00000000 128 128
9226 00004000 128 128
9230 00000000 128 128
9262 00004000 128 128
9266 00000000 128 128
9298 00004000 128 128
9302 00000000 128 128
9334 00004000 128 128
9338 00000000 128 128
9370 00004000 128 128
9374 00000000 128 128
9706 00002000 128 128
9710 00000000 128 128
9742 00002000 128 128
9746 00000000 128 128
9778 00002000 128 128
9782 00000000 128 128
9814 00002000 128 128
9818 00000000 128 128
9850 00002000 128 128
9854 00000000 128 128
9886 00002000 128 128
9890 00000000 128 128
9922 00002000 128 128
9926 00000000 128 128
9958 00002000 128 128
9962 00000000 128 128
9994 00002000 128 128
9998 00000000 128 128
10030 00002000 128 128
10034 00000000 128 128
10066 00002000 128 128
10070 00000000 128 128
10102 00002000 128 128
10106 00000000 128 128
10138 00002000 128 128
10142 00000000 128 128
10174 00002000 128 128
10178 00000000 128 128
10210 00002000 128 128
10214 00000000 128 128
10246 00002000 128 128
10250 00000000 128 128
10282 00002000 128 128
10286 00000000 128 128
10318 00002000 128 128
10322 00000000 128 128
10354 00002000 128 128
10358 00000000 128 128
10390 00002000 128 128
10394 00000000 128 128
10426 00002000 128 128
10430 00000000 128 128
10462 00002000 128 128
10466 00000000 128 128
10498 00002000 128 128
10502 00000000 128 128
10534 00002000 128 128
10538 00000000 128 128
10570 00002000 128 128
10574 00000000 128 128
10606 00002000 128 128
10610 00000000 128 128
10642 00002000 128 128
10646 00000000 128 128
10678 00002000 128 128
10682 00000000 128 128
10714 00002000 128 128
10718 00000000 128 128
10750 00002000 128 128
10754 00000000 128 128
10786 00002000 128 128
10790 00000000 128 128
10822 00002000 128 128
10826 00000000 128 128
10858 00002000 128 128
10862 00000000 128 128
10894 00002000 128 128
10898 00000000 128 128
10930 00002000 128 128
10934 00000000 128 128
10966 00002000 128 128
10970 00000000 128 128
11002 00002000 128 128
11006 00000000 128 128
11038 00002000 128 128
11042 00000000 128 128
11074 00002000 128 128
11078 00000000 128 128
11110 00002000 128 128
11114 00000000 128 128
11146 00002000 128 128
11150 00000000 128 128
11182 00002000 128 128
11186 00000000 128 128
11218 00002000 128 128
11222 00000000 128 128
11254 00002000 128 128
11258 00000000 128 128
11290 00002000 128 128
11294 00000000 128 128
11326 00002000 128 128
11330 00000000 128 128
11362 00002000 128 128
11366 00000000 128 128
11398 00002000 128 128
11402 00000000 128 128
11434 00002000 128 128
11438 00000000 128 128
11470 00002000 128 128
11474 00000000 128 128
11506 00002000 128 128
11510 00000000 128 128
11542 00002000 128 128
11546 00000000 128 128
11578 00002000 128 128
11582 00000000 128 128
11614 00002000 128 128
11618 00000000 128 128
11650 00002000 128 128
11654 00000000 128 128
11686 00002000 128 128
11690 00000000 128 128
11722 00002000 128 128
11726 00000000 128 128
11758 00002000 128 128
11762 00000000 128 128
11794 00002000 128 128
11798 00000000 128 128
11830 00002000 128 128
11834 00000000 128 128
11866 00002000 128 128
11870 00000000 128 128
11902 00002000 128 128
11906 00000000 128 128
11938 00002000 128 128
11942 00000000 128 128
11974 00002000 128 128
11978 00000000 128 128
12010 00002000 128 128
12014 00000000 128 128
12046 00002000 128 128
12050 00000000 128 128
12082 00002000 128 128
12086 00000000 128 128
12118 00002000 128 128
12122 00000000 128 128
12154 00002000 128 128
12158 00000000 128 128
12190 00002000 128 128
12194 00000000 128 128
12226 00002000 128 128
12230 00000000 128 128
12262 00002000 128 128
12266 00000000 128 128
12298 00002000 128 128
12302 00000000 128 128
12334 00002000 128 128
12338 00000000 128 128
12370 00002000 128 128
12374 00000000 128 128
12406 00002000 128 128
12410 00000000 128 128
12442 00002000 128 128
12446 00000000 128 128
12478 00002000 128 128
12482 00000000 128 128
12514 00002000 128 128
12518 00000000 128 128
12550 00002000 128 128
12554 00000000 128 128
12586 00002000 128 128
12590 00000000 128 128
12622 00002000 128 128
12626 00000000 128 128
12658 00002000 128 128
12662 00000000 128 128
12694 00002000 128 128
12698 00000000 128 128
12730 00002000 128 128
12734 00000000 128 128
12766 00002000 128 128
12770 00000000 128 128
12802 00002000 128 128
12806 00000000 128 128
12838 00002000 128 128
12842 00000000 128 128
12874 00002000 128 128
12878 00000000 128 128
12910 00002000 128 128
12914 00000000 128 128
12946 00002000 128 128
12950 00000000 128 128
12982 00002000 128 128
12986 00000000 128 128
13018 00002000 128 128
13022 00000000 128 128
13054 00002000 128 128
13058 00000000 128 128
13090 00002000 128 128
13094 00000000 128 128
13126 00002000 128 128
13130 00000000 128 128
13162 00002000 128 128
13166 00000000 128 128
13198 00002000 128 128
13202 00000000 128 128
13234 00002000 128 128
13238 00000000 128 128
13270 00002000 128 128
13274 00000000 128 128
13306 00002000 128 128
13310 00000000 128 128
13342 00002000 128 128
13346 00000000 128 128
13378 00002000 128 128
13382 00000000 128 128
13414 00002000 128 128
13418 00000000 128 128
13450 00002000 128 128
13454 00000000 128 128
13486 00002000 128 128
13490 00000000 128 128
13522 00002000 128 128
13526 00000000 128 128
13558 00002000 128 128
13562 00000000 128 128
13594 00002000 128 128
13598 00000000 128 128
13630 00002000 128 128
13634 00000000 128 128
13666 00002000 128 128
13670 00000000 128 128
13702 00002000 128 128
13706 00000000 128 128
13738 00002000 128 128
13742 00000000 128 128
13774 00002000 128 128
13778 00000000 128 128
13810 00002000 128 128
13814 00000000 128 128
13846 00002000 128 128
13850 00000000 128 128
13882 00002000 128 128
13886 00000000 128 128
13918 00002000 128 128
13922 00000000 128 128
13954 00002000 128 128
13958 00000000 128 128
13990 00002000 128 128
13994 00000000 128 128
14026 00002000 128 128
14030 00000000 128 128
14062 00002000 128 128
14066 00000000 128 128
14098 00002000 128 128
14102 00000000 128 128
14134 00002000 128 128
14138 00000000 128 128
14170 00002000 128 128
14174 00000000 128 128
14206 00002000 128 128
14210 00000000 128 128
14242 00002000 128 128
14246 00000000 128 128
14278 00002000 128 128
14282 00000000 128 128
14314 00002000 128 128
14318 00000000 128 128
14350 00002000 128 128
14354 00000000 128 128
14386 00002000 128 128
14390 00000000 128 128
14422 00002000 128 128
14426 00000000 128 128
14458 00002000 128 128
14462 00000000 128 128
14494 00002000 128 128
14498 00000000 128 128
14530 00002000 128 128
14534 00000000 128 128
14566 00002000 128 128
14570 00000000 128 128
14602 00002000 128 128
14606 00000000 128 128
14638 00002000 128 128
14642 00000000 128 128
14674 00002000 128 128
14678 00000000 128 128
14710 00002000 128 128
14714 00000000 128 128
14746 00002000 128 128
14750 00000000 128 128
14782 00002000 128 128
14786 00000000 128 128
14818 00002000 128 128
14822 00000000 128 128
14854 00002000 128 128
14858 00000000 128 128
14890 00002000 128 128
14894 00000000 128 128
14926 00002000 128 128
14930 00000000 128 128
14962 00002000 128 128
14966 00000000 128 128
14998 00002000 128 128
15002 00000000 128 128
15034 00002000 128 128
15038 00000000 128 128
15070 00002000 128 128
15074 00000000 128 128
15106 00002000 128 128
15110 00000000 128 128
15142 00002000 128 128
15146 00000000 128 128
15178 00002000 128 128
15182 00000000 128 128
15214 00002000 128 128
15218 00000000 128 128
15250 00002000 128 128
15254 00000000 128 128
15286 00002000 128 128
15290 00000000 128 128
15322 00002000 128 128
15326 00000000 128 128
15358 00002000 128 128
15362 00000000 128 128
15394 00002000 128 128
15398 00000000 128 128
15430 00002000 128 128
15434 00000000 128 128
15466 00002000 128 128
15470 00000000 128 128
15502 00002000 128 128
15506 00000000 128 128
15538 00002000 128 128
15542 00000000 128 128
15574 00002000 128 128
15578 00000000 128 128
15610 00002000 128 128
15614 00000000 128 128
15646 00002000 128 128
15650 00000000 128 128
15682 00002000 128 128
15686 00000000 128 128
15718 00002000 128 128
15722 00000000 128 128
15754 00002000 128 128
15758 00000000 128 128
15790 00002000 128 128
15794 00000000 128 128
15826 00002000 128 128
15830 00000000 128 128
15862 00002000 128 128
15866 00000000 128 128
15898 00002000 128 128
15902 00000000 128 128
15934 00002000 128 128
15938 00000000 128 128
15970 00002000 128 128
15974 00000000 128 128
16006 00002000 128 128
16010 00000000 128 128
16042 00002000 128 128
16046 00000000 128 128
16078 00002000 128 128
16082 00000000 128 128
16114 00002000 128 128
16118 00000000 128 128
16150 00002000 128 128
16154 00000000 128 128
16186 00002000 128 128
16190 00000000 128 128
16222 00002000 128 128
16226 00000000 128 128
16258 00002000 128 128
16262 00000000 128 128
16294 00002000 128 128
16298 00000000 128 128
16330 00002000 128 128
16334 00000000 128 128
16366 00002000 128 128
16370 00000000 128 128
16402 00002000 128 128
16406 00000000 128 128
16438 00002000 128 128
16442 00000000 128 128
16474 00002000 128 128
16478 00000000 128 128
16510 00002000 128 128
16514 00000000 128 128
16546 00002000 128 128
16550 00000000 128 128
16582 00002000 128 128
16586 00000000 128 128
16618 00002000 128 128
16622 00000000 128 128
16654 00002000 128 128
16658 00000000 128 128
16690 00002000 128 128
16694 00000000 128 128
16726 00002000 128 128
16730 00000000 128 128
16762 00002000 128 128
16766 00000000 128 128
16798 00002000 128 128
16802 00000000 128 128
16834 00002000 128 128
16838 00000000 128 128
16870 00002000 128 128
16874 00000000 128 128
16906 00002000 128 128
16910 00000000 128 128
16942 00002000 128 128
16946 00000000 128 128
16978 00002000 128 128
16982 00000000 128 128
17014 00002000 128 128
17018 00000000 128 128
17050 00002000 128 128
17054 00000000 128 128
17086 00002000 128 128
17090 00000000 128 128
17122 00002000 128 128
17126 00000000 128 128
17158 00002000 128 128
17162 00000000 128 128
17194 00002000 128 128
17198 00000000 128 128
17230 00002000 128 128
17234 00000000 128 128
17266 00002000 128 128
17270 00000000 128 128
17302 00002000 128 128
17306 00000000 128 128
17338 00002000 128 128
17342 00000000 128 128
17374 00002000 128 128
17378 00000000 128 128
17410 00002000 128 128
17414 00000000 128 128
17446 00002000 128 128
17450 00000000 128 128
17482 00002000 128 128
17486 00000000 128 128
17518 00002000 128 128
17522 00000000 128 128
17554 00002000 128 128
17558 00000000 128 128
17590 00002000 128 128
17594 00000000 128 128
17626 00002000 128 128
17630 00000000 128 128
17662 00002000 128 128
17666 00000000 128 128
17698 00002000 128 128
17702 00000000 128 128
17734 00002000 128 128
17738 00000000 128 128
17770 00002000 128 128
17774 00000000 128 128
17806 00002000 128 128
17810 00000000 128 128
17842 00002000 128 128
17846 00000000 128 128
17878 00002000 128 128
17882 00000000 128 128
17914 00002000 128 128
17918 00000000 128 128
17950 00002000 128 128
17954 00000000 128 128
17986 00002000 128 128
17990 00000000 128 128
18022 00002000 128 128
18026 00000000 128 128
18058 00002000 128 128
18062 00000000 128 128
18094 00002000 128 128
18098 00000000 128 128
18130 00002000 128 128
18134 00000000 128 128
18166 00002000 128 128
18170 00000000 128 128
18202 00002000 128 128
18206 00000000 128 128
18238 00002000 128 128
18242 00000000 128 128
18274 00002000 128 128
18278 00000000 128 128
18310 00002000 128 128
18314 00000000 128 128
18346 00002000 128 128
18350 00000000 128 128
18382 00002000 128 128
18386 00000000 128 128
18418 00002000 128 128
18422 00000000 128 128
18454 00002000 128 128
18458 00000000 128 128
18490 00002000 128 128
18494 00000000 128 128
18526 00002000 128 128
18530 00000000 128 128
18562 00002000 128 128
18566 00000000 128 128
18598 00002000 128 128
18602 00000000 128 128
18634 00002000 128 128
18638 00000000 128 128
18670 00002000 128 128
18674 00000000 128 128
18706 00002000 128 128
18710 00000000 128 128
18742 00002000 128 128
18746 00000000 128 128
18778 00002000 128 128
18782 00000000 128 128
18814 00002000 128 128
18818 00000000 128 128
18850 00002000 128 128
18854 00000000 128 128
18886 00002000 128 128
18890 00000000 128 128
18922 00002000 128 128
18926 00000000 128 128
18958 00002000 128 128
18962 00000000 128 128
18994 00002000 128 128
18998 00000000 128 128
19030 00002000 128 128
19034 00000000 128 128
19066 00002000 128 128
19070 00000000 128 128
19102 00002000 128 128
19106 00000000 128 128
19138 00002000 128 128
19142 00000000 128 128
19174 00002000 128 128
19178 00000000 128 128
19210 00002000 128 128
19214 00000000 128 128
19246 00002000 128 128
19250 00000000 128 128
19282 00002000 128 128
19286 00000000 128 128
19318 00002000 128 128
19322 00000000 128 128
19354 00002000 128 128
19358 00000000 128 128
19390 00002000 128 128
19394 00000000 128 128
19426 00002000 128 128
19430 00000000 128 128
19462 00002000 128 128
19466 00000000 128 128
19498 00002000 128 128
19502 00000000 128 128
19534 00002000 128 128
19538 00000000 128 128
19570 00002000 128 128
19574 00000000 128 128
19606 00002000 128 128
19610 00000000 128 128
19642 00002000 128 128
19646 00000000 128 128
19678 00002000 128 128
19682 00000000 128 128
19714 00002000 128 128
19718 00000000 128 128
19750 00002000 128 128
19754 00000000 128 128
19786 00002000 128 128
19790 00000000 128 128
19822 00002000 128 128
19826 00000000 128 128
19858 00002000 128 128
19862 00000000 128 128
19894 00002000 128 128
19898 00000000 128 128
19930 00002000 128 128
19934 00000000 128 128
19966 00002000 128 128
19970 00000000 128 128
20002 00002000 128 128
20006 00000000 128 128
20038 00002000 128 128
20042 00000000 128 128
20074 00002000 128 128
20078 00000000 128 128
20110 00002000 128 128
20114 00000000 128 128
20146 00002000 128 128
20150 00000000 128 128
20182 00002000 128 128
20186 00000000 128 128
20218 00002000 128 128
20222 00000000 128 128
20254 00002000 128 128
20258 00000000 128 128
20290 00002000 128 128
20294 00000000 128 128
20326 00002000 128 128
20330 00000000 128 128
20362 00002000 128 128
20366 00000000 128 128
20398 00002000 128 128
20402 00000000 128 128
20434 00002000 128 128
20438 00000000 128 128
20470 00002000 128 128
20474 00000000 128 128
20626 00000000 128 128
