0 00000000 128 128
150 00000008 128 128
152 00000000 128 128
300 00000008 128 128
302 00000000 128 128
450 00002000 128 128
452 00000000 128 128
1200 00000080 128 128
1264 00000000 128 128
1280 00000040 128 128
1288 00000000 128 128
1320 00004000 128 128
1324 00000000 128 128
1354 00004000 128 128
1358 00000000 128 128
1388 00004000 128 128
1392 00000000 128 128
1422 00004000 128 128
1426 00000000 128 128
1456 00004000 128 128
1460 00000000 128 128
1490 00004000 128 128
1494 00000000 128 128
1524 00000020 128 128
1588 00000000 128 128
1604 00000040 128 128
1612 00000000 128 128
1644 00004000 128 128
1648 00000000 128 128
1678 00004000 128 128
1682 00000000 128 128
1712 00004000 128 128
1716 00000000 128 128
1746 00004000 128 128
1750 00000000 128 128
1780 00004000 128 128
1784 00000000 128 128
1814 00004000 128 128
1818 00000000 128 128
1848 00000080 128 128
1912 00000000 128 128
1928 00000040 128 128
1936 00000000 128 128
1968 00004000 128 128
1972 00000000 128 128
2002 00004000 128 128
2006 00000000 128 128
2036 00004000 128 128
2040 00000000 128 128
2070 00004000 128 128
2074 00000000 128 128
2104 00004000 128 128
2108 00000000 128 128
2138 00004000 128 128
2142 00000000 128 128
2172 00000020 128 128
3000 00000200 128 128
3004 00000000 128 128
3030 00000020 128 128
3059 00000000 128 128
3089 00000040 128 128
3107 00000000 128 128
3137 00004000 128 128
3143 00000000 128 128
3537 00000200 128 128
3541 00000000 128 128
3567 00004000 128 128
3571 00000000 128 128
3601 00004000 128 128
3605 00000000 128 128
3635 00004000 128 128
3639 00000000 128 128
3669 00004000 128 128
3673 00000000 128 128
3703 00004000 128 128
3707 00000000 128 128
3737 00004000 128 128
3741 00000000 128 128
3771 00004000 128 128
3775 00000000 128 128
3805 00004000 128 128
3809 00000000 128 128
3839 00004000 128 128
3843 00000000 128 128
3873 00004000 128 128
3877 00000000 128 128
3907 00004000 128 128
3911 00000000 128 128
3941 00004000 128 128
3945 00000000 128 128
3975 00004000 128 128
3979 00000000 128 128
4009 00004000 128 128
4013 00000000 128 128
4043 00004000 128 128
4047 00000000 128 128
4077 00004000 128 128
4081 00000000 128 128
4111 00004000 128 128
4115 00000000 128 128
4145 00004000 128 128
4149 00000000 128 128
4179 00004000 128 128
4183 00000000 128 128
4213 00004000 128 128
4217 00000000 128 128
4247 00004000 128 128
4251 00000000 128 128
4281 00004000 128 128
4285 00000000 128 128
4315 00004000 128 128
4319 00000000 128 128
4349 00004000 128 128
4353 00000000 128 128
4383 00004000 128 128
4387 00000000 128 128
4417 00004000 128 128
4421 00000000 128 128
4451 00004000 128 128
4455 00000000 128 128
4485 00004000 128 128
4489 00000000 128 128
4519 00004000 128 128
4523 00000000 128 128
4553 00004000 128 128
4557 00000000 128 128
4587 00000000 128 128
