0 00000000 128 128
150 00000008 128 128
152 00000000 128 128
300 00000008 128 128
302 00000000 128 128
450 00002000 128 128
452 00000000 128 128
700 00001000 128 128
704 00000000 128 128
794 00002000 128 128
798 00000000 128 128
918 00004000 128 128
922 00000000 128 128
982 00000040 128 128
986 00000000 128 128
1016 00002000 128 128
1020 00000000 128 128
1140 00004000 128 128
1144 00000000 128 128
1204 00004000 128 128
1208 00000000 128 128
1268 00001000 128 128
1272 00000000 128 128
1362 00000040 128 128
1366 00000000 128 128
1396 00000040 128 128
1400 00000000 128 128
1430 00002000 128 128
1434 00000000 128 128
1584 00002000 128 128
1588 00000000 128 128
1738 00004000 128 128
1742 00000000 128 128
1802 00004000 128 128
1806 00000000 128 128
1866 00000010 128 128
1926 00000000 128 128
1946 00000020 128 128
1986 00000000 128 128
2006 00002000 128 128
2010 00000000 128 128
2130 00002000 128 128
2134 00000000 128 128
2254 00002000 128 128
2258 00000000 128 128
2378 00004000 128 128
2382 00000000 128 128
2442 00000000 128 128
