0 00000000 128 128
150 00000008 128 128
152 00000000 128 128
300 00000008 128 128
302 00000000 128 128
450 00002000 128 128
452 00000000 128 128
700 00000080 128 128
772 00000000 128 128
774 00000010 128 128
814 00000000 128 128
816 00000080 128 128
896 00000000 128 128
898 00000040 128 128
914 00000000 128 128
916 00000080 128 128
980 00000000 128 128
982 00000010 128 128
1882 00000000 128 128
1884 00000020 128 128
2184 00000000 128 128
2186 00000010 128 128
3086 00000000 128 128
3118 00004000 128 128
3122 00000000 128 128
3154 00004000 128 128
3158 00000000 128 128
3190 00004000 128 128
3194 00000000 128 128
3226 00004000 128 128
3230 00000000 128 128
3262 00004000 128 128
3266 00000000 128 128
3298 00004000 128 128
3302 00000000 128 128
3334 00004000 128 128
3338 00000000 128 128
3370 00004000 128 128
3374 00000000 128 128
3406 00004000 128 128
3410 00000000 128 128
3442 00004000 128 128
3446 00000000 128 128
3508 00000040 128 128
3524 00000000 128 128
3526 00000080 128 128
4426 00000000 128 128
4428 00000010 128 128
5328 00000000 128 128
5630 00004000 128 128
5634 00000000 128 128
5666 00004000 128 128
5670 00000000 128 128
5702 00004000 128 128
5706 00000000 128 128
5738 00004000 128 128
5742 00000000 128 128
5774 00004000 128 128
5778 00000000 128 128
5810 00004000 128 128
5814 00000000 128 128
5846 00004000 128 128
5850 00000000 128 128
5882 00004000 128 128
5886 00000000 128 128
5918 00004000 128 128
5922 00000000 128 128
5954 00004000 128 128
5958 00000000 128 128
5990 00004000 128 128
5994 00000000 128 128
6026 00004000 128 128
6030 00000000 128 128
6062 00004000 128 128
6066 00000000 128 128
6098 00004000 128 128
6102 00000000 128 128
6134 00004000 128 128
6138 00000000 128 128
6170 00004000 128 128
6174 00000000 128 128
6206 00004000 128 128
6210 00000000 128 128
6242 00004000 128 128
6246 00000000 128 128
6278 00004000 128 128
6282 00000000 128 128
6314 00004000 128 128
6318 00000000 128 128
6750 00002000 128 128
6754 00000000 128 128
6786 00002000 128 128
6790 00000000 128 128
6822 00002000 128 128
6826 00000000 128 128
6858 00002000 128 128
6862 00000000 128 128
6894 00002000 128 128
6898 00000000 128 128
6930 00002000 128 128
6934 00000000 128 128
6966 00002000 128 128
6970 00000000 128 128
7002 00002000 128 128
7006 00000000 128 128
7038 00002000 128 128
7042 00000000 128 128
7074 00002000 128 128
7078 00000000 128 128
7110 00002000 128 128
7114 00000000 128 128
7146 00002000 128 128
7150 00000000 128 128
7182 00002000 128 128
7186 00000000 128 128
7218 00002000 128 128
7222 00000000 128 128
7254 00002000 128 128
7258 00000000 128 128
7290 00002000 128 128
7294 00000000 128 128
7326 00002000 128 128
7330 00000000 128 128
7362 00002000 128 128
7366 00000000 128 128
7398 00002000 128 128
7402 00000000 128 128
7434 00002000 128 128
7438 00000000 128 128
7470 00002000 128 128
7474 00000000 128 128
7506 00002000 128 128
7510 00000000 128 128
7542 00002000 128 128
7546 00000000 128 128
7578 00002000 128 128
7582 00000000 128 128
7614 00002000 128 128
7618 00000000 128 128
7650 00002000 128 128
7654 00000000 128 128
7686 00002000 128 128
7690 00000000 128 128
7722 00002000 128 128
7726 00000000 128 128
7758 00002000 128 128
7762 00000000 128 128
7794 00002000 128 128
7798 00000000 128 128
7830 00002000 128 128
7834 00000000 128 128
7866 00002000 128 128
7870 00000000 128 128
7902 00002000 128 128
7906 00000000 128 128
7938 00002000 128 128
7942 00000000 128 128
7974 00002000 128 128
7978 00000000 128 128
8010 00002000 128 128
8014 00000000 128 128
8046 00002000 128 128
8050 00000000 128 128
8082 00002000 128 128
8086 00000000 128 128
8118 00002000 128 128
8122 00000000 128 128
8154 00002000 128 128
8158 00000000 128 128
8190 00002000 128 128
8194 00000000 128 128
8226 00002000 128 128
8230 00000000 128 128
8262 00002000 128 128
8266 00000000 128 128
8298 00002000 128 128
8302 00000000 128 128
8334 00002000 128 128
8338 00000000 128 128
8370 00002000 128 128
8374 00000000 128 128
8406 00002000 128 128
8410 00000000 128 128
8442 00002000 128 128
8446 00000000 128 128
8478 00002000 128 128
8482 00000000 128 128
8514 00002000 128 128
8518 00000000 128 128
8550 00002000 128 128
8554 00000000 128 128
8586 00002000 128 128
8590 00000000 128 128
8622 00002000 128 128
8626 00000000 128 128
8658 00002000 128 128
8662 00000000 128 128
8694 00002000 128 128
8698 00000000 128 128
8730 00002000 128 128
8734 00000000 128 128
8766 00002000 128 128
8770 00000000 128 128
8802 00002000 128 128
8806 00000000 128 128
8838 00002000 128 128
8842 00000000 128 128
8874 00002000 128 128
8878 00000000 128 128
8910 00002000 128 128
8914 00000000 128 128
8946 00002000 128 128
8950 00000000 128 128
8982 00002000 128 128
8986 00000000 128 128
9018 00002000 128 128
9022 00000000 128 128
9054 00002000 128 128
9058 00000000 128 128
9090 00002000 128 128
9094 00000000 128 128
9126 00002000 128 128
9130 00000000 128 128
9162 00002000 128 128
9166 00000000 128 128
9198 00002000 128 128
9202 00000000 128 128
9234 00002000 128 128
9238 00000000 128 128
9270 00002000 128 128
9274 00000000 128 128
9306 00002000 128 128
9310 00000000 128 128
9342 00002000 128 128
9346 00000000 128 128
9378 00002000 128 128
9382 00000000 128 128
9414 00002000 128 128
9418 00000000 128 128
9450 00002000 128 128
9454 00000000 128 128
9486 00002000 128 128
9490 00000000 128 128
9522 00002000 128 128
9526 00000000 128 128
9558 00002000 128 128
9562 00000000 128 128
9594 00002000 128 128
9598 00000000 128 128
9630 00002000 128 128
9634 00000000 128 128
9666 00002000 128 128
9670 00000000 128 128
9702 00002000 128 128
9706 00000000 128 128
9738 00002000 128 128
9742 00000000 128 128
9774 00002000 128 128
9778 00000000 128 128
9810 00002000 128 128
9814 00000000 128 128
9846 00002000 128 128
9850 00000000 128 128
9882 00002000 128 128
9886 00000000 128 128
9918 00002000 128 128
9922 00000000 128 128
9954 00002000 128 128
9958 00000000 128 128
9990 00002000 128 128
9994 00000000 128 128
10026 00002000 128 128
10030 00000000 128 128
10062 00002000 128 128
10066 00000000 128 128
10098 00002000 128 128
10102 00000000 128 128
10134 00002000 128 128
10138 00000000 128 128
10170 00002000 128 128
10174 00000000 128 128
10206 00002000 128 128
10210 00000000 128 128
10242 00002000 128 128
10246 00000000 128 128
10278 00002000 128 128
10282 00000000 128 128
10314 00002000 128 128
10318 00000000 128 128
10350 00002000 128 128
10354 00000000 128 128
10386 00002000 128 128
10390 00000000 128 128
10422 00002000 128 128
10426 00000000 128 128
10458 00002000 128 128
10462 00000000 128 128
10494 00002000 128 128
10498 00000000 128 128
10530 00002000 128 128
10534 00000000 128 128
10566 00002000 128 128
10570 00000000 128 128
10602 00002000 128 128
10606 00000000 128 128
10638 00002000 128 128
10642 00000000 128 128
10674 00002000 128 128
10678 00000000 128 128
10710 00002000 128 128
10714 00000000 128 128
10746 00002000 128 128
10750 00000000 128 128
10782 00002000 128 128
10786 00000000 128 128
10818 00002000 128 128
10822 00000000 128 128
10854 00002000 128 128
10858 00000000 128 128
10890 00002000 128 128
10894 00000000 128 128
10926 00002000 128 128
10930 00000000 128 128
10962 00002000 128 128
10966 00000000 128 128
10998 00002000 128 128
11002 00000000 128 128
11034 00002000 128 128
11038 00000000 128 128
11070 00002000 128 128
11074 00000000 128 128
11106 00002000 128 128
11110 00000000 128 128
11142 00002000 128 128
11146 00000000 128 128
11178 00002000 128 128
11182 00000000 128 128
11214 00002000 128 128
11218 00000000 128 128
11250 00002000 128 128
11254 00000000 128 128
11286 00002000 128 128
11290 00000000 128 128
11322 00002000 128 128
11326 00000000 128 128
11358 00002000 128 128
11362 00000000 128 128
11394 00002000 128 128
11398 00000000 128 128
11430 00002000 128 128
11434 00000000 128 128
11466 00002000 128 128
11470 00000000 128 128
11502 00002000 128 128
11506 00000000 128 128
11538 00002000 128 128
11542 00000000 128 128
11574 00002000 128 128
11578 00000000 128 128
11610 00002000 128 128
11614 00000000 128 128
11646 00002000 128 128
11650 00000000 128 128
11682 00002000 128 128
11686 00000000 128 128
11718 00002000 128 128
11722 00000000 128 128
11754 00002000 128 128
11758 00000000 128 128
11790 00002000 128 128
11794 00000000 128 128
11826 00002000 128 128
11830 00000000 128 128
11862 00002000 128 128
11866 00000000 128 128
11898 00002000 128 128
11902 00000000 128 128
11934 00002000 128 128
11938 00000000 128 128
11970 00002000 128 128
11974 00000000 128 128
12006 00002000 128 128
12010 00000000 128 128
12042 00002000 128 128
12046 00000000 128 128
12078 00002000 128 128
12082 00000000 128 128
12114 00002000 128 128
12118 00000000 128 128
12150 00002000 128 128
12154 00000000 128 128
12186 00002000 128 128
12190 00000000 128 128
12222 00002000 128 128
12226 00000000 128 128
12258 00002000 128 128
12262 00000000 128 128
12294 00002000 128 128
12298 00000000 128 128
12330 00002000 128 128
12334 00000000 128 128
12366 00002000 128 128
12370 00000000 128 128
12402 00002000 128 128
12406 00000000 128 128
12438 00002000 128 128
12442 00000000 128 128
12474 00002000 128 128
12478 00000000 128 128
12510 00002000 128 128
12514 00000000 128 128
12546 00002000 128 128
12550 00000000 128 128
12582 00002000 128 128
12586 00000000 128 128
12618 00002000 128 128
12622 00000000 128 128
12654 00002000 128 128
12658 00000000 128 128
12690 00002000 128 128
12694 00000000 128 128
12726 00002000 128 128
12730 00000000 128 128
12762 00002000 128 128
12766 00000000 128 128
12798 00002000 128 128
12802 00000000 128 128
12834 00002000 128 128
12838 00000000 128 128
12870 00002000 128 128
12874 00000000 128 128
12906 00002000 128 128
12910 00000000 128 128
12942 00002000 128 128
12946 00000000 128 128
12978 00002000 128 128
12982 00000000 128 128
13014 00002000 128 128
13018 00000000 128 128
13050 00002000 128 128
13054 00000000 128 128
13086 00002000 128 128
13090 00000000 128 128
13122 00002000 128 128
13126 00000000 128 128
13158 00002000 128 128
13162 00000000 128 128
13194 00002000 128 128
13198 00000000 128 128
13230 00002000 128 128
13234 00000000 128 128
13266 00002000 128 128
13270 00000000 128 128
13302 00002000 128 128
13306 00000000 128 128
13338 00002000 128 128
13342 00000000 128 128
13374 00002000 128 128
13378 00000000 128 128
13410 00002000 128 128
13414 00000000 128 128
13446 00002000 128 128
13450 00000000 128 128
13482 00002000 128 128
13486 00000000 128 128
13518 00002000 128 128
13522 00000000 128 128
13554 00002000 128 128
13558 00000000 128 128
13590 00002000 128 128
13594 00000000 128 128
13626 00002000 128 128
13630 00000000 128 128
13662 00002000 128 128
13666 00000000 128 128
13698 00002000 128 128
13702 00000000 128 128
13734 00002000 128 128
13738 00000000 128 128
13770 00002000 128 128
13774 00000000 128 128
13806 00002000 128 128
13810 00000000 128 128
13842 00002000 128 128
13846 00000000 128 128
13878 00002000 128 128
13882 00000000 128 128
13914 00002000 128 128
13918 00000000 128 128
13950 00002000 128 128
13954 00000000 128 128
13986 00002000 128 128
13990 00000000 128 128
14022 00002000 128 128
14026 00000000 128 128
14058 00002000 128 128
14062 00000000 128 128
14094 00002000 128 128
14098 00000000 128 128
14130 00002000 128 128
14134 00000000 128 128
14166 00002000 128 128
14170 00000000 128 128
14202 00002000 128 128
14206 00000000 128 128
14238 00002000 128 128
14242 00000000 128 128
14274 00002000 128 128
14278 00000000 128 128
14310 00002000 128 128
14314 00000000 128 128
14346 00002000 128 128
14350 00000000 128 128
14382 00002000 128 128
14386 00000000 128 128
14418 00002000 128 128
14422 00000000 128 128
14454 00002000 128 128
14458 00000000 128 128
14490 00002000 128 128
14494 00000000 128 128
14526 00002000 128 128
14530 00000000 128 128
14562 00002000 128 128
14566 00000000 128 128
14598 00002000 128 128
14602 00000000 128 128
14634 00002000 128 128
14638 00000000 128 128
14670 00002000 128 128
14674 00000000 128 128
14706 00002000 128 128
14710 00000000 128 128
14742 00002000 128 128
14746 00000000 128 128
14778 00002000 128 128
14782 00000000 128 128
14814 00002000 128 128
14818 00000000 128 128
14850 00002000 128 128
14854 00000000 128 128
14886 00002000 128 128
14890 00000000 128 128
14922 00002000 128 128
14926 00000000 128 128
14958 00002000 128 128
14962 00000000 128 128
14994 00002000 128 128
14998 00000000 128 128
15030 00002000 128 128
15034 00000000 128 128
15066 00002000 128 128
15070 00000000 128 128
15102 00002000 128 128
15106 00000000 128 128
15138 00002000 128 128
15142 00000000 128 128
15174 00002000 128 128
15178 00000000 128 128
15210 00002000 128 128
15214 00000000 128 128
15246 00002000 128 128
15250 00000000 128 128
15282 00002000 128 128
15286 00000000 128 128
15318 00002000 128 128
15322 00000000 128 128
15354 00002000 128 128
15358 00000000 128 128
15390 00002000 128 128
15394 00000000 128 128
15426 00002000 128 128
15430 00000000 128 128
15462 00002000 128 128
15466 00000000 128 128
15498 00002000 128 128
15502 00000000 128 128
15534 00002000 128 128
15538 00000000 128 128
15570 00002000 128 128
15574 00000000 128 128
15606 00002000 128 128
15610 00000000 128 128
15642 00002000 128 128
15646 00000000 128 128
15678 00002000 128 128
15682 00000000 128 128
15714 00002000 128 128
15718 00000000 128 128
15750 00002000 128 128
15754 00000000 128 128
15786 00002000 128 128
15790 00000000 128 128
15822 00002000 128 128
15826 00000000 128 128
15858 00002000 128 128
15862 00000000 128 128
15894 00002000 128 128
15898 00000000 128 128
15930 00002000 128 128
15934 00000000 128 128
15966 00002000 128 128
15970 00000000 128 128
16002 00002000 128 128
16006 00000000 128 128
16038 00002000 128 128
16042 00000000 128 128
16074 00002000 128 128
16078 00000000 128 128
16110 00002000 128 128
16114 00000000 128 128
16146 00002000 128 128
16150 00000000 128 128
16182 00002000 128 128
16186 00000000 128 128
16218 00002000 128 128
16222 00000000 128 128
16254 00002000 128 128
16258 00000000 128 128
16290 00002000 128 128
16294 00000000 128 128
16326 00002000 128 128
16330 00000000 128 128
16362 00002000 128 128
16366 00000000 128 128
16398 00002000 128 128
16402 00000000 128 128
16434 00002000 128 128
16438 00000000 128 128
16470 00002000 128 128
16474 00000000 128 128
16506 00002000 128 128
16510 00000000 128 128
16542 00002000 128 128
16546 00000000 128 128
16578 00002000 128 128
16582 00000000 128 128
16614 00002000 128 128
16618 00000000 128 128
16650 00002000 128 128
16654 00000000 128 128
16686 00002000 128 128
16690 00000000 128 128
16722 00002000 128 128
16726 00000000 128 128
16758 00002000 128 128
16762 00000000 128 128
16794 00002000 128 128
16798 00000000 128 128
16830 00002000 128 128
16834 00000000 128 128
16866 00002000 128 128
16870 00000000 128 128
16902 00002000 128 128
16906 00000000 128 128
16938 00002000 128 128
16942 00000000 128 128
16974 00002000 128 128
16978 00000000 128 128
17010 00002000 128 128
17014 00000000 128 128
17046 00002000 128 128
17050 00000000 128 128
17082 00002000 128 128
17086 00000000 128 128
17118 00002000 128 128
17122 00000000 128 128
17154 00002000 128 128
17158 00000000 128 128
17190 00002000 128 128
17194 00000000 128 128
17226 00002000 128 128
17230 00000000 128 128
17262 00002000 128 128
17266 00000000 128 128
17298 00002000 128 128
17302 00000000 128 128
17334 00002000 128 128
17338 00000000 128 128
17370 00002000 128 128
17374 00000000 128 128
17406 00002000 128 128
17410 00000000 128 128
17442 00002000 128 128
17446 00000000 128 128
17478 00002000 128 128
17482 00000000 128 128
17514 00002000 128 128
17518 00000000 128 128
17670 00004000 128 128
17674 00000000 128 128
17706 00004000 128 128
17710 00000000 128 128
17742 00004000 128 128
17746 00000000 128 128
17778 00004000 128 128
17782 00000000 128 128
17814 00004000 128 128
17818 00000000 128 128
17850 00004000 128 128
17854 00000000 128 128
17886 00004000 128 128
17890 00000000 128 128
17922 00004000 128 128
17926 00000000 128 128
17958 00004000 128 128
17962 00000000 128 128
17994 00004000 128 128
17998 00000000 128 128
18030 00004000 128 128
18034 00000000 128 128
18066 00004000 128 128
18070 00000000 128 128
18102 00004000 128 128
18106 00000000 128 128
18138 00004000 128 128
18142 00000000 128 128
18174 00004000 128 128
18178 00000000 128 128
18210 00004000 128 128
18214 00000000 128 128
18246 00004000 128 128
18250 00000000 128 128
18282 00004000 128 128
18286 00000000 128 128
18318 00004000 128 128
18322 00000000 128 128
18354 00004000 128 128
18358 00000000 128 128
18450 00000010 128 128
19350 00000000 128 128
19352 00000000 128 128
