0 00000000 128 128
150 00000008 128 128
152 00000000 128 128
300 00000008 128 128
302 00000000 128 128
450 00002000 128 128
452 00000000 128 128
700 00000040 128 128
740 00000000 128 128
802 00000040 128 128
818 00000000 128 128
850 00004000 128 128
854 00000000 128 128
886 00004000 128 128
890 00000000 128 128
922 00004000 128 128
926 00000000 128 128
958 00004000 128 128
962 00000000 128 128
994 00004000 128 128
998 00000000 128 128
1030 00004000 128 128
1034 00000000 128 128
1066 00004000 128 128
1070 00000000 128 128
1102 00004000 128 128
1106 00000000 128 128
1138 00004000 128 128
1142 00000000 128 128
1174 00004000 128 128
1178 00000000 128 128
1240 00000080 128 128
1456 00000000 128 128
1488 00004000 128 128
1492 00000000 128 128
1524 00004000 128 128
1528 00000000 128 128
1560 00004000 128 128
1564 00000000 128 128
1596 00004000 128 128
1600 00000000 128 128
1632 00004000 128 128
1636 00000000 128 128
1668 00004000 128 128
1672 00000000 128 128
1704 00004000 128 128
1708 00000000 128 128
1740 00004000 128 128
1744 00000000 128 128
1776 00004000 128 128
1780 00000000 128 128
1812 00004000 128 128
1816 00000000 128 128
1878 00000040 128 128
1974 00000000 128 128
1976 00000080 128 128
2040 00000000 128 128
2042 00000040 128 128
2074 00000000 128 128
2076 00000080 128 128
2172 00000000 128 128
2174 00000010 128 128
2190 00000000 128 128
2192 00000080 128 128
2424 00000000 128 128
2426 00000010 128 128
2474 00000000 128 128
2476 00000080 128 128
2644 00000000 128 128
2646 00000010 128 128
2694 00000000 128 128
2696 00000080 128 128
2792 00000000 128 128
2854 00000000 128 128
