0 00000000 128 128
150 00000008 128 128
152 00000000 128 128
300 00000008 128 128
302 00000000 128 128
450 00002000 128 128
452 00000000 128 128
700 00000010 128 128
708 00000000 128 128
710 00000080 128 128
718 00000000 128 128
720 00000010 128 128
744 00000000 128 128
746 00000010 128 128
754 00000000 128 128
1056 00004000 128 128
1060 00000000 128 128
1092 00004000 128 128
1096 00000000 128 128
1128 00004000 128 128
1132 00000000 128 128
1164 00004000 128 128
1168 00000000 128 128
1200 00004000 128 128
1204 00000000 128 128
1236 00004000 128 128
1240 00000000 128 128
1272 00004000 128 128
1276 00000000 128 128
1308 00004000 128 128
1312 00000000 128 128
1344 00004000 128 128
1348 00000000 128 128
1380 00004000 128 128
1384 00000000 128 128
1416 00004000 128 128
1420 00000000 128 128
1452 00004000 128 128
1456 00000000 128 128
1488 00004000 128 128
1492 00000000 128 128
1524 00004000 128 128
1528 00000000 128 128
1560 00004000 128 128
1564 00000000 128 128
1596 00004000 128 128
1600 00000000 128 128
1632 00004000 128 128
1636 00000000 128 128
1668 00004000 128 128
1672 00000000 128 128
1704 00004000 128 128
1708 00000000 128 128
1740 00004000 128 128
1744 00000000 128 128
1776 00004000 128 128
1780 00000000 128 128
1812 00004000 128 128
1816 00000000 128 128
1848 00004000 128 128
1852 00000000 128 128
1884 00004000 128 128
1888 00000000 128 128
1920 00004000 128 128
1924 00000000 128 128
1956 00004000 128 128
1960 00000000 128 128
1992 00004000 128 128
1996 00000000 128 128
2028 00004000 128 128
2032 00000000 128 128
2064 00004000 128 128
2068 00000000 128 128
2100 00004000 128 128
2104 00000000 128 128
2136 00004000 128 128
2140 00000000 128 128
2172 00004000 128 128
2176 00000000 128 128
2208 00004000 128 128
2212 00000000 128 128
2244 00004000 128 128
2248 00000000 128 128
2280 00004000 128 128
2284 00000000 128 128
2316 00004000 128 128
2320 00000000 128 128
2352 00004000 128 128
2356 00000000 128 128
2388 00004000 128 128
2392 00000000 128 128
2424 00004000 128 128
2428 00000000 128 128
2460 00004000 128 128
2464 00000000 128 128
2496 00004000 128 128
2500 00000000 128 128
2532 00004000 128 128
2536 00000000 128 128
2568 00004000 128 128
2572 00000000 128 128
2604 00004000 128 128
2608 00000000 128 128
2640 00004000 128 128
2644 00000000 128 128
2676 00004000 128 128
2680 00000000 128 128
2712 00004000 128 128
2716 00000000 128 128
2748 00004000 128 128
2752 00000000 128 128
2784 00004000 128 128
2788 00000000 128 128
2820 00004000 128 128
2824 00000000 128 128
2856 00004000 128 128
2860 00000000 128 128
2892 00004000 128 128
2896 00000000 128 128
2928 00004000 128 128
2932 00000000 128 128
2964 00004000 128 128
2968 00000000 128 128
3000 00004000 128 128
3004 00000000 128 128
3036 00004000 128 128
3040 00000000 128 128
3072 00004000 128 128
3076 00000000 128 128
3108 00004000 128 128
3112 00000000 128 128
3144 00004000 128 128
3148 00000000 128 128
3180 00004000 128 128
3184 00000000 128 128
3216 00004000 128 128
3220 00000000 128 128
3252 00004000 128 128
3256 00000000 128 128
3288 00004000 128 128
3292 00000000 128 128
3324 00004000 128 128
3328 00000000 128 128
3360 00004000 128 128
3364 00000000 128 128
3396 00004000 128 128
3400 00000000 128 128
3432 00004000 128 128
3436 00000000 128 128
3468 00004000 128 128
3472 00000000 128 128
3504 00004000 128 128
3508 00000000 128 128
3540 00004000 128 128
3544 00000000 128 128
3576 00004000 128 128
3580 00000000 128 128
3612 00004000 128 128
3616 00000000 128 128
3648 00004000 128 128
3652 00000000 128 128
3684 00004000 128 128
3688 00000000 128 128
3720 00004000 128 128
3724 00000000 128 128
3756 00004000 128 128
3760 00000000 128 128
3792 00004000 128 128
3796 00000000 128 128
3828 00004000 128 128
3832 00000000 128 128
3864 00004000 128 128
3868 00000000 128 128
3900 00004000 128 128
3904 00000000 128 128
3936 00004000 128 128
3940 00000000 128 128
3972 00004000 128 128
3976 00000000 128 128
4008 00004000 128 128
4012 00000000 128 128
4044 00004000 128 128
4048 00000000 128 128
4080 00004000 128 128
4084 00000000 128 128
4116 00004000 128 128
4120 00000000 128 128
4152 00004000 128 128
4156 00000000 128 128
4188 00004000 128 128
4192 00000000 128 128
4224 00004000 128 128
4228 00000000 128 128
4260 00004000 128 128
4264 00000000 128 128
4296 00004000 128 128
4300 00000000 128 128
4332 00004000 128 128
4336 00000000 128 128
4368 00004000 128 128
4372 00000000 128 128
4404 00004000 128 128
4408 00000000 128 128
4440 00004000 128 128
4444 00000000 128 128
4476 00004000 128 128
4480 00000000 128 128
4512 00004000 128 128
4516 00000000 128 128
4548 00004000 128 128
4552 00000000 128 128
4584 00004000 128 128
4588 00000000 128 128
4620 00004000 128 128
4624 00000000 128 128
4776 00000010 128 128
4808 00000000 128 128
4810 00000080 128 128
4818 00000000 128 128
4820 00000010 128 128
4844 00000000 128 128
4906 00002000 128 128
4910 00000000 128 128
5012 00004000 128 128
5016 00000000 128 128
5048 00004000 128 128
5052 00000000 128 128
5084 00004000 128 128
5088 00000000 128 128
5120 00004000 128 128
5124 00000000 128 128
5156 00004000 128 128
5160 00000000 128 128
5192 00004000 128 128
5196 00000000 128 128
5228 00004000 128 128
5232 00000000 128 128
5264 00004000 128 128
5268 00000000 128 128
5300 00004000 128 128
5304 00000000 128 128
5336 00004000 128 128
5340 00000000 128 128
5372 00004000 128 128
5376 00000000 128 128
5408 00004000 128 128
5412 00000000 128 128
5444 00004000 128 128
5448 00000000 128 128
5480 00004000 128 128
5484 00000000 128 128
5516 00004000 128 128
5520 00000000 128 128
5552 00004000 128 128
5556 00000000 128 128
5588 00004000 128 128
5592 00000000 128 128
5624 00004000 128 128
5628 00000000 128 128
5660 00004000 128 128
5664 00000000 128 128
5696 00004000 128 128
5700 00000000 128 128
5732 00004000 128 128
5736 00000000 128 128
5768 00004000 128 128
5772 00000000 128 128
5804 00004000 128 128
5808 00000000 128 128
5840 00004000 128 128
5844 00000000 128 128
5876 00004000 128 128
5880 00000000 128 128
5912 00004000 128 128
5916 00000000 128 128
5948 00004000 128 128
5952 00000000 128 128
5984 00004000 128 128
5988 00000000 128 128
6020 00004000 128 128
6024 00000000 128 128
6056 00004000 128 128
6060 00000000 128 128
6092 00004000 128 128
6096 00000000 128 128
6128 00004000 128 128
6132 00000000 128 128
6164 00004000 128 128
6168 00000000 128 128
6200 00004000 128 128
6204 00000000 128 128
6236 00004000 128 128
6240 00000000 128 128
6272 00004000 128 128
6276 00000000 128 128
6308 00004000 128 128
6312 00000000 128 128
6344 00004000 128 128
6348 00000000 128 128
6380 00004000 128 128
6384 00000000 128 128
6416 00004000 128 128
6420 00000000 128 128
6452 00004000 128 128
6456 00000000 128 128
6488 00004000 128 128
6492 00000000 128 128
6524 00004000 128 128
6528 00000000 128 128
6560 00004000 128 128
6564 00000000 128 128
6596 00004000 128 128
6600 00000000 128 128
6632 00004000 128 128
6636 00000000 128 128
6668 00004000 128 128
6672 00000000 128 128
6704 00004000 128 128
6708 00000000 128 128
6740 00004000 128 128
6744 00000000 128 128
6776 00004000 128 128
6780 00000000 128 128
6812 00004000 128 128
6816 00000000 128 128
6848 00004000 128 128
6852 00000000 128 128
6884 00004000 128 128
6888 00000000 128 128
6920 00004000 128 128
6924 00000000 128 128
6956 00004000 128 128
6960 00000000 128 128
6992 00004000 128 128
6996 00000000 128 128
7028 00004000 128 128
7032 00000000 128 128
7064 00004000 128 128
7068 00000000 128 128
7100 00004000 128 128
7104 00000000 128 128
7136 00004000 128 128
7140 00000000 128 128
7172 00004000 128 128
7176 00000000 128 128
7208 00004000 128 128
7212 00000000 128 128
7244 00004000 128 128
7248 00000000 128 128
7280 00004000 128 128
7284 00000000 128 128
7316 00004000 128 128
7320 00000000 128 128
7352 00004000 128 128
7356 00000000 128 128
7388 00004000 128 128
7392 00000000 128 128
7424 00004000 128 128
7428 00000000 128 128
7460 00004000 128 128
7464 00000000 128 128
7496 00004000 128 128
7500 00000000 128 128
7532 00004000 128 128
7536 00000000 128 128
7568 00004000 128 128
7572 00000000 128 128
7604 00004000 128 128
7608 00000000 128 128
7640 00004000 128 128
7644 00000000 128 128
7676 00004000 128 128
7680 00000000 128 128
7712 00004000 128 128
7716 00000000 128 128
7748 00004000 128 128
7752 00000000 128 128
7784 00004000 128 128
7788 00000000 128 128
7820 00004000 128 128
7824 00000000 128 128
7856 00004000 128 128
7860 00000000 128 128
7892 00004000 128 128
7896 00000000 128 128
7928 00004000 128 128
7932 00000000 128 128
7964 00004000 128 128
7968 00000000 128 128
8000 00004000 128 128
8004 00000000 128 128
8036 00004000 128 128
8040 00000000 128 128
8072 00004000 128 128
8076 00000000 128 128
8108 00004000 128 128
8112 00000000 128 128
8144 00004000 128 128
8148 00000000 128 128
8180 00004000 128 128
8184 00000000 128 128
8216 00004000 128 128
8220 00000000 128 128
8252 00004000 128 128
8256 00000000 128 128
8288 00004000 128 128
8292 00000000 128 128
8324 00004000 128 128
8328 00000000 128 128
8360 00004000 128 128
8364 00000000 128 128
8396 00004000 128 128
8400 00000000 128 128
8432 00004000 128 128
8436 00000000 128 128
8468 00004000 128 128
8472 00000000 128 128
8504 00004000 128 128
8508 00000000 128 128
8540 00004000 128 128
8544 00000000 128 128
8576 00004000 128 128
8580 00000000 128 128
8912 00004000 128 128
8916 00000000 128 128
8948 00004000 128 128
8952 00000000 128 128
8984 00004000 128 128
8988 00000000 128 128
9020 00004000 128 128
9024 00000000 128 128
9096 00004000 128 128
9100 00000000 128 128
9132 00004000 128 128
9136 00000000 128 128
9168 00004000 128 128
9172 00000000 128 128
9204 00004000 128 128
9208 00000000 128 128
9280 00002000 128 128
9284 00000000 128 128
9416 00000040 128 128
9422 00000000 128 128
9484 00002000 128 128
9488 00000000 128 128
9560 00002000 128 128
9564 00000000 128 128
9596 00002000 128 128
9600 00000000 128 128
9632 00002000 128 128
9636 00000000 128 128
9668 00002000 128 128
9672 00000000 128 128
9704 00002000 128 128
9708 00000000 128 128
9740 00002000 128 128
9744 00000000 128 128
9776 00002000 128 128
9780 00000000 128 128
9812 00002000 128 128
9816 00000000 128 128
9848 00002000 128 128
9852 00000000 128 128
9884 00002000 128 128
9888 00000000 128 128
9920 00002000 128 128
9924 00000000 128 128
9956 00002000 128 128
9960 00000000 128 128
9992 00002000 128 128
9996 00000000 128 128
10028 00002000 128 128
10032 00000000 128 128
10124 00004000 128 128
10128 00000000 128 128
10160 00004000 128 128
10164 00000000 128 128
10196 00004000 128 128
10200 00000000 128 128
10232 00004000 128 128
10236 00000000 128 128
10308 00004000 128 128
10312 00000000 128 128
10344 00004000 128 128
10348 00000000 128 128
10380 00004000 128 128
10384 00000000 128 128
10416 00004000 128 128
10420 00000000 128 128
10492 00002000 128 128
10496 00000000 128 128
10628 00000040 128 128
10634 00000000 128 128
10696 00002000 128 128
10700 00000000 128 128
10772 00002000 128 128
10776 00000000 128 128
10808 00002000 128 128
10812 00000000 128 128
10844 00002000 128 128
10848 00000000 128 128
10880 00002000 128 128
10884 00000000 128 128
10916 00002000 128 128
10920 00000000 128 128
10952 00002000 128 128
10956 00000000 128 128
10988 00002000 128 128
10992 00000000 128 128
11024 00002000 128 128
11028 00000000 128 128
11060 00002000 128 128
11064 00000000 128 128
11096 00002000 128 128
11100 00000000 128 128
11132 00002000 128 128
11136 00000000 128 128
11168 00002000 128 128
11172 00000000 128 128
11204 00002000 128 128
11208 00000000 128 128
11240 00002000 128 128
11244 00000000 128 128
11336 00004000 128 128
11340 00000000 128 128
11372 00004000 128 128
11376 00000000 128 128
11408 00004000 128 128
11412 00000000 128 128
11444 00004000 128 128
11448 00000000 128 128
11520 00004000 128 128
11524 00000000 128 128
11556 00004000 128 128
11560 00000000 128 128
11592 00004000 128 128
11596 00000000 128 128
11628 00004000 128 128
11632 00000000 128 128
11704 00002000 128 128
11708 00000000 128 128
11840 00000040 128 128
11846 00000000 128 128
11908 00002000 128 128
11912 00000000 128 128
11984 00002000 128 128
11988 00000000 128 128
12020 00002000 128 128
12024 00000000 128 128
12056 00002000 128 128
12060 00000000 128 128
12092 00002000 128 128
12096 00000000 128 128
12128 00002000 128 128
12132 00000000 128 128
12164 00002000 128 128
12168 00000000 128 128
12200 00002000 128 128
12204 00000000 128 128
12236 00002000 128 128
12240 00000000 128 128
12272 00002000 128 128
12276 00000000 128 128
12308 00002000 128 128
12312 00000000 128 128
12344 00002000 128 128
12348 00000000 128 128
12380 00002000 128 128
12384 00000000 128 128
12416 00002000 128 128
12420 00000000 128 128
12452 00002000 128 128
12456 00000000 128 128
12548 00004000 128 128
12552 00000000 128 128
12584 00004000 128 128
12588 00000000 128 128
12620 00004000 128 128
12624 00000000 128 128
12656 00004000 128 128
12660 00000000 128 128
12732 00004000 128 128
12736 00000000 128 128
12768 00004000 128 128
12772 00000000 128 128
12804 00004000 128 128
12808 00000000 128 128
12840 00004000 128 128
12844 00000000 128 128
12916 00002000 128 128
12920 00000000 128 128
13052 00000040 128 128
13058 00000000 128 128
13120 00002000 128 128
13124 00000000 128 128
13196 00002000 128 128
13200 00000000 128 128
13232 00002000 128 128
13236 00000000 128 128
13268 00002000 128 128
13272 00000000 128 128
13304 00002000 128 128
13308 00000000 128 128
13340 00002000 128 128
13344 00000000 128 128
13376 00002000 128 128
13380 00000000 128 128
13412 00002000 128 128
13416 00000000 128 128
13448 00002000 128 128
13452 00000000 128 128
13484 00002000 128 128
13488 00000000 128 128
13520 00002000 128 128
13524 00000000 128 128
13556 00002000 128 128
13560 00000000 128 128
13592 00002000 128 128
13596 00000000 128 128
13628 00002000 128 128
13632 00000000 128 128
13664 00002000 128 128
13668 00000000 128 128
13760 00004000 128 128
13764 00000000 128 128
13796 00004000 128 128
13800 00000000 128 128
13832 00004000 128 128
13836 00000000 128 128
13868 00004000 128 128
13872 00000000 128 128
13944 00004000 128 128
13948 00000000 128 128
13980 00004000 128 128
13984 00000000 128 128
14016 00004000 128 128
14020 00000000 128 128
14052 00004000 128 128
14056 00000000 128 128
14128 00002000 128 128
14132 00000000 128 128
14264 00000040 128 128
14270 00000000 128 128
14332 00002000 128 128
14336 00000000 128 128
14408 00002000 128 128
14412 00000000 128 128
14444 00002000 128 128
14448 00000000 128 128
14480 00002000 128 128
14484 00000000 128 128
14516 00002000 128 128
14520 00000000 128 128
14552 00002000 128 128
14556 00000000 128 128
14588 00002000 128 128
14592 00000000 128 128
14624 00002000 128 128
14628 00000000 128 128
14660 00002000 128 128
14664 00000000 128 128
14696 00002000 128 128
14700 00000000 128 128
14732 00002000 128 128
14736 00000000 128 128
14768 00002000 128 128
14772 00000000 128 128
14804 00002000 128 128
14808 00000000 128 128
14840 00002000 128 128
14844 00000000 128 128
14876 00002000 128 128
14880 00000000 128 128
14972 00004000 128 128
14976 00000000 128 128
15008 00004000 128 128
15012 00000000 128 128
15044 00004000 128 128
15048 00000000 128 128
15080 00004000 128 128
15084 00000000 128 128
15156 00004000 128 128
15160 00000000 128 128
15192 00004000 128 128
15196 00000000 128 128
15228 00004000 128 128
15232 00000000 128 128
15264 00004000 128 128
15268 00000000 128 128
15340 00002000 128 128
15344 00000000 128 128
15476 00000040 128 128
15482 00000000 128 128
15544 00002000 128 128
15548 00000000 128 128
15620 00002000 128 128
15624 00000000 128 128
15656 00002000 128 128
15660 00000000 128 128
15692 00002000 128 128
15696 00000000 128 128
15728 00002000 128 128
15732 00000000 128 128
15764 00002000 128 128
15768 00000000 128 128
15800 00002000 128 128
15804 00000000 128 128
15836 00002000 128 128
15840 00000000 128 128
15872 00002000 128 128
15876 00000000 128 128
15908 00002000 128 128
15912 00000000 128 128
15944 00002000 128 128
15948 00000000 128 128
15980 00002000 128 128
15984 00000000 128 128
16016 00002000 128 128
16020 00000000 128 128
16052 00002000 128 128
16056 00000000 128 128
16088 00002000 128 128
16092 00000000 128 128
16184 00004000 128 128
16188 00000000 128 128
16220 00004000 128 128
16224 00000000 128 128
16256 00004000 128 128
16260 00000000 128 128
16292 00004000 128 128
16296 00000000 128 128
16368 00004000 128 128
16372 00000000 128 128
16404 00004000 128 128
16408 00000000 128 128
16440 00004000 128 128
16444 00000000 128 128
16476 00004000 128 128
16480 00000000 128 128
16552 00002000 128 128
16556 00000000 128 128
16688 00000040 128 128
16694 00000000 128 128
16756 00002000 128 128
16760 00000000 128 128
16832 00002000 128 128
16836 00000000 128 128
16868 00002000 128 128
16872 00000000 128 128
16904 00002000 128 128
16908 00000000 128 128
16940 00002000 128 128
16944 00000000 128 128
16976 00002000 128 128
16980 00000000 128 128
17012 00002000 128 128
17016 00000000 128 128
17048 00002000 128 128
17052 00000000 128 128
17084 00002000 128 128
17088 00000000 128 128
17120 00002000 128 128
17124 00000000 128 128
17156 00002000 128 128
17160 00000000 128 128
17192 00002000 128 128
17196 00000000 128 128
17228 00002000 128 128
17232 00000000 128 128
17264 00002000 128 128
17268 00000000 128 128
17300 00002000 128 128
17304 00000000 128 128
17396 00004000 128 128
17400 00000000 128 128
17432 00004000 128 128
17436 00000000 128 128
17468 00004000 128 128
17472 00000000 128 128
17504 00004000 128 128
17508 00000000 128 128
17580 00004000 128 128
17584 00000000 128 128
17616 00004000 128 128
17620 00000000 128 128
17652 00004000 128 128
17656 00000000 128 128
17688 00004000 128 128
17692 00000000 128 128
17764 00002000 128 128
17768 00000000 128 128
17900 00000040 128 128
17906 00000000 128 128
17968 00002000 128 128
17972 00000000 128 128
18044 00002000 128 128
18048 00000000 128 128
18080 00002000 128 128
18084 00000000 128 128
18116 00002000 128 128
18120 00000000 128 128
18152 00002000 128 128
18156 00000000 128 128
18188 00002000 128 128
18192 00000000 128 128
18224 00002000 128 128
18228 00000000 128 128
18260 00002000 128 128
18264 00000000 128 128
18296 00002000 128 128
18300 00000000 128 128
18332 00002000 128 128
18336 00000000 128 128
18368 00002000 128 128
18372 00000000 128 128
18404 00002000 128 128
18408 00000000 128 128
18440 00002000 128 128
18444 00000000 128 128
18476 00002000 128 128
18480 00000000 128 128
18512 00002000 128 128
18516 00000000 128 128
18608 00004000 128 128
18612 00000000 128 128
18644 00004000 128 128
18648 00000000 128 128
18680 00004000 128 128
18684 00000000 128 128
18716 00004000 128 128
18720 00000000 128 128
18792 00004000 128 128
18796 00000000 128 128
18828 00004000 128 128
18832 00000000 128 128
18864 00004000 128 128
18868 00000000 128 128
18900 00004000 128 128
18904 00000000 128 128
18976 00002000 128 128
18980 00000000 128 128
19112 00000040 128 128
19118 00000000 128 128
19180 00002000 128 128
19184 00000000 128 128
19256 00002000 128 128
19260 00000000 128 128
19292 00002000 128 128
19296 00000000 128 128
19328 00002000 128 128
19332 00000000 128 128
19364 00002000 128 128
19368 00000000 128 128
19400 00002000 128 128
19404 00000000 128 128
19436 00002000 128 128
19440 00000000 128 128
19472 00002000 128 128
19476 00000000 128 128
19508 00002000 128 128
19512 00000000 128 128
19544 00002000 128 128
19548 00000000 128 128
19580 00002000 128 128
19584 00000000 128 128
19616 00002000 128 128
19620 00000000 128 128
19652 00002000 128 128
19656 00000000 128 128
19688 00002000 128 128
19692 00000000 128 128
19724 00002000 128 128
19728 00000000 128 128
19820 00004000 128 128
19824 00000000 128 128
19856 00004000 128 128
19860 00000000 128 128
19892 00004000 128 128
19896 00000000 128 128
19928 00004000 128 128
19932 00000000 128 128
20004 00004000 128 128
20008 00000000 128 128
20040 00004000 128 128
20044 00000000 128 128
20076 00004000 128 128
20080 00000000 128 128
20112 00004000 128 128
20116 00000000 128 128
20188 00002000 128 128
20192 00000000 128 128
20324 00000040 128 128
20330 00000000 128 128
20392 00002000 128 128
20396 00000000 128 128
20468 00002000 128 128
20472 00000000 128 128
20504 00002000 128 128
20508 00000000 128 128
20540 00002000 128 128
20544 00000000 128 128
20576 00002000 128 128
20580 00000000 128 128
20612 00002000 128 128
20616 00000000 128 128
20648 00002000 128 128
20652 00000000 128 128
20684 00002000 128 128
20688 00000000 128 128
20720 00002000 128 128
20724 00000000 128 128
20756 00002000 128 128
20760 00000000 128 128
20792 00002000 128 128
20796 00000000 128 128
20828 00002000 128 128
20832 00000000 128 128
20864 00002000 128 128
20868 00000000 128 128
20900 00002000 128 128
20904 00000000 128 128
20936 00002000 128 128
20940 00000000 128 128
21032 00004000 128 128
21036 00000000 128 128
21068 00004000 128 128
21072 00000000 128 128
21104 00004000 128 128
21108 00000000 128 128
21140 00004000 128 128
21144 00000000 128 128
21216 00004000 128 128
21220 00000000 128 128
21252 00004000 128 128
21256 00000000 128 128
21288 00004000 128 128
21292 00000000 128 128
21324 00004000 128 128
21328 00000000 128 128
21400 00002000 128 128
21404 00000000 128 128
21536 00000040 128 128
21542 00000000 128 128
21604 00002000 128 128
21608 00000000 128 128
21680 00002000 128 128
21684 00000000 128 128
21716 00002000 128 128
21720 00000000 128 128
21752 00002000 128 128
21756 00000000 128 128
21788 00002000 128 128
21792 00000000 128 128
21824 00002000 128 128
21828 00000000 128 128
21860 00002000 128 128
21864 00000000 128 128
21896 00002000 128 128
21900 00000000 128 128
21932 00002000 128 128
21936 00000000 128 128
21968 00002000 128 128
21972 00000000 128 128
22004 00002000 128 128
22008 00000000 128 128
22040 00002000 128 128
22044 00000000 128 128
22076 00002000 128 128
22080 00000000 128 128
22112 00002000 128 128
22116 00000000 128 128
22148 00002000 128 128
22152 00000000 128 128
22244 00004000 128 128
22248 00000000 128 128
22280 00004000 128 128
22284 00000000 128 128
22316 00004000 128 128
22320 00000000 128 128
22352 00004000 128 128
22356 00000000 128 128
22428 00004000 128 128
22432 00000000 128 128
22464 00004000 128 128
22468 00000000 128 128
22500 00004000 128 128
22504 00000000 128 128
22536 00004000 128 128
22540 00000000 128 128
22612 00002000 128 128
22616 00000000 128 128
22748 00000040 128 128
22754 00000000 128 128
22816 00002000 128 128
22820 00000000 128 128
22892 00002000 128 128
22896 00000000 128 128
22928 00002000 128 128
22932 00000000 128 128
22964 00002000 128 128
22968 00000000 128 128
23000 00002000 128 128
23004 00000000 128 128
23036 00002000 128 128
23040 00000000 128 128
23072 00002000 128 128
23076 00000000 128 128
23108 00002000 128 128
23112 00000000 128 128
23144 00002000 128 128
23148 00000000 128 128
23180 00002000 128 128
23184 00000000 128 128
23216 00002000 128 128
23220 00000000 128 128
23252 00002000 128 128
23256 00000000 128 128
23288 00002000 128 128
23292 00000000 128 128
23324 00002000 128 128
23328 00000000 128 128
23360 00002000 128 128
23364 00000000 128 128
23456 00004000 128 128
23460 00000000 128 128
23492 00004000 128 128
23496 00000000 128 128
23528 00004000 128 128
23532 00000000 128 128
23564 00004000 128 128
23568 00000000 128 128
23640 00004000 128 128
23644 00000000 128 128
23676 00004000 128 128
23680 00000000 128 128
23712 00004000 128 128
23716 00000000 128 128
23748 00004000 128 128
23752 00000000 128 128
23824 00002000 128 128
23828 00000000 128 128
23960 00000040 128 128
23966 00000000 128 128
24028 00002000 128 128
24032 00000000 128 128
24104 00002000 128 128
24108 00000000 128 128
24140 00002000 128 128
24144 00000000 128 128
24176 00002000 128 128
24180 00000000 128 128
24212 00002000 128 128
24216 00000000 128 128
24248 00002000 128 128
24252 00000000 128 128
24284 00002000 128 128
24288 00000000 128 128
24320 00002000 128 128
24324 00000000 128 128
24356 00002000 128 128
24360 00000000 128 128
24392 00002000 128 128
24396 00000000 128 128
24428 00002000 128 128
24432 00000000 128 128
24464 00002000 128 128
24468 00000000 128 128
24500 00002000 128 128
24504 00000000 128 128
24536 00002000 128 128
24540 00000000 128 128
24572 00002000 128 128
24576 00000000 128 128
24668 00004000 128 128
24672 00000000 128 128
24704 00004000 128 128
24708 00000000 128 128
24740 00004000 128 128
24744 00000000 128 128
24776 00004000 128 128
24780 00000000 128 128
24852 00004000 128 128
24856 00000000 128 128
24888 00004000 128 128
24892 00000000 128 128
24924 00004000 128 128
24928 00000000 128 128
24960 00004000 128 128
24964 00000000 128 128
25036 00002000 128 128
25040 00000000 128 128
25172 00000040 128 128
25178 00000000 128 128
25240 00002000 128 128
25244 00000000 128 128
25316 00002000 128 128
25320 00000000 128 128
25352 00002000 128 128
25356 00000000 128 128
25388 00002000 128 128
25392 00000000 128 128
25424 00002000 128 128
25428 00000000 128 128
25460 00002000 128 128
25464 00000000 128 128
25496 00002000 128 128
25500 00000000 128 128
25532 00002000 128 128
25536 00000000 128 128
25568 00002000 128 128
25572 00000000 128 128
25604 00002000 128 128
25608 00000000 128 128
25640 00002000 128 128
25644 00000000 128 128
25676 00002000 128 128
25680 00000000 128 128
25712 00002000 128 128
25716 00000000 128 128
25748 00002000 128 128
25752 00000000 128 128
25784 00002000 128 128
25788 00000000 128 128
25880 00004000 128 128
25884 00000000 128 128
25916 00004000 128 128
25920 00000000 128 128
25952 00004000 128 128
25956 00000000 128 128
25988 00004000 128 128
25992 00000000 128 128
26064 00004000 128 128
26068 00000000 128 128
26100 00004000 128 128
26104 00000000 128 128
26136 00004000 128 128
26140 00000000 128 128
26172 00004000 128 128
26176 00000000 128 128
26248 00002000 128 128
26252 00000000 128 128
26384 00000040 128 128
26390 00000000 128 128
26452 00002000 128 128
26456 00000000 128 128
26528 00002000 128 128
26532 00000000 128 128
26564 00002000 128 128
26568 00000000 128 128
26600 00002000 128 128
26604 00000000 128 128
26636 00002000 128 128
26640 00000000 128 128
26672 00002000 128 128
26676 00000000 128 128
26708 00002000 128 128
26712 00000000 128 128
26744 00002000 128 128
26748 00000000 128 128
26780 00002000 128 128
26784 00000000 128 128
26816 00002000 128 128
26820 00000000 128 128
26852 00002000 128 128
26856 00000000 128 128
26888 00002000 128 128
26892 00000000 128 128
26924 00002000 128 128
26928 00000000 128 128
26960 00002000 128 128
26964 00000000 128 128
26996 00002000 128 128
27000 00000000 128 128
27092 00004000 128 128
27096 00000000 128 128
27128 00004000 128 128
27132 00000000 128 128
27164 00004000 128 128
27168 00000000 128 128
27200 00004000 128 128
27204 00000000 128 128
27276 00004000 128 128
27280 00000000 128 128
27312 00004000 128 128
27316 00000000 128 128
27348 00004000 128 128
27352 00000000 128 128
27384 00004000 128 128
27388 00000000 128 128
27460 00002000 128 128
27464 00000000 128 128
27596 00000040 128 128
27602 00000000 128 128
27664 00002000 128 128
27668 00000000 128 128
27740 00002000 128 128
27744 00000000 128 128
27776 00002000 128 128
27780 00000000 128 128
27812 00002000 128 128
27816 00000000 128 128
27848 00002000 128 128
27852 00000000 128 128
27884 00002000 128 128
27888 00000000 128 128
27920 00002000 128 128
27924 00000000 128 128
27956 00002000 128 128
27960 00000000 128 128
27992 00002000 128 128
27996 00000000 128 128
28028 00002000 128 128
28032 00000000 128 128
28064 00002000 128 128
28068 00000000 128 128
28100 00002000 128 128
28104 00000000 128 128
28136 00002000 128 128
28140 00000000 128 128
28172 00002000 128 128
28176 00000000 128 128
28208 00002000 128 128
28212 00000000 128 128
28304 00004000 128 128
28308 00000000 128 128
28340 00004000 128 128
28344 00000000 128 128
28376 00004000 128 128
28380 00000000 128 128
28412 00004000 128 128
28416 00000000 128 128
28488 00004000 128 128
28492 00000000 128 128
28524 00004000 128 128
28528 00000000 128 128
28560 00004000 128 128
28564 00000000 128 128
28596 00004000 128 128
28600 00000000 128 128
28672 00002000 128 128
28676 00000000 128 128
28808 00000040 128 128
28814 00000000 128 128
28876 00002000 128 128
28880 00000000 128 128
28952 00002000 128 128
28956 00000000 128 128
28988 00002000 128 128
28992 00000000 128 128
29024 00002000 128 128
29028 00000000 128 128
29060 00002000 128 128
29064 00000000 128 128
29096 00002000 128 128
29100 00000000 128 128
29132 00002000 128 128
29136 00000000 128 128
29168 00002000 128 128
29172 00000000 128 128
29204 00002000 128 128
29208 00000000 128 128
29240 00002000 128 128
29244 00000000 128 128
29276 00002000 128 128
29280 00000000 128 128
29312 00002000 128 128
29316 00000000 128 128
29348 00002000 128 128
29352 00000000 128 128
29384 00002000 128 128
29388 00000000 128 128
29420 00002000 128 128
29424 00000000 128 128
29516 00004000 128 128
29520 00000000 128 128
29552 00004000 128 128
29556 00000000 128 128
29588 00004000 128 128
29592 00000000 128 128
29624 00004000 128 128
29628 00000000 128 128
29700 00004000 128 128
29704 00000000 128 128
29736 00004000 128 128
29740 00000000 128 128
29772 00004000 128 128
29776 00000000 128 128
29808 00004000 128 128
29812 00000000 128 128
29884 00002000 128 128
29888 00000000 128 128
30020 00000040 128 128
30026 00000000 128 128
30088 00002000 128 128
30092 00000000 128 128
30164 00002000 128 128
30168 00000000 128 128
30200 00002000 128 128
30204 00000000 128 128
30236 00002000 128 128
30240 00000000 128 128
30272 00002000 128 128
30276 00000000 128 128
30308 00002000 128 128
30312 00000000 128 128
30344 00002000 128 128
30348 00000000 128 128
30380 00002000 128 128
30384 00000000 128 128
30416 00002000 128 128
30420 00000000 128 128
30452 00002000 128 128
30456 00000000 128 128
30488 00002000 128 128
30492 00000000 128 128
30524 00002000 128 128
30528 00000000 128 128
30560 00002000 128 128
30564 00000000 128 128
30596 00002000 128 128
30600 00000000 128 128
30632 00002000 128 128
30636 00000000 128 128
30728 00004000 128 128
30732 00000000 128 128
30764 00004000 128 128
30768 00000000 128 128
30800 00004000 128 128
30804 00000000 128 128
30836 00004000 128 128
30840 00000000 128 128
30912 00004000 128 128
30916 00000000 128 128
30948 00004000 128 128
30952 00000000 128 128
30984 00004000 128 128
30988 00000000 128 128
31020 00004000 128 128
31024 00000000 128 128
31096 00002000 128 128
31100 00000000 128 128
31232 00000040 128 128
31238 00000000 128 128
31300 00002000 128 128
31304 00000000 128 128
31376 00002000 128 128
31380 00000000 128 128
31412 00002000 128 128
31416 00000000 128 128
31448 00002000 128 128
31452 00000000 128 128
31484 00002000 128 128
31488 00000000 128 128
31520 00002000 128 128
31524 00000000 128 128
31556 00002000 128 128
31560 00000000 128 128
31592 00002000 128 128
31596 00000000 128 128
31628 00002000 128 128
31632 00000000 128 128
31664 00002000 128 128
31668 00000000 128 128
31700 00002000 128 128
31704 00000000 128 128
31736 00002000 128 128
31740 00000000 128 128
31772 00002000 128 128
31776 00000000 128 128
31808 00002000 128 128
31812 00000000 128 128
31844 00002000 128 128
31848 00000000 128 128
31940 00004000 128 128
31944 00000000 128 128
31976 00004000 128 128
31980 00000000 128 128
32012 00004000 128 128
32016 00000000 128 128
32048 00004000 128 128
32052 00000000 128 128
32124 00004000 128 128
32128 00000000 128 128
32160 00004000 128 128
32164 00000000 128 128
32196 00004000 128 128
32200 00000000 128 128
32232 00004000 128 128
32236 00000000 128 128
32308 00002000 128 128
32312 00000000 128 128
32444 00000040 128 128
32450 00000000 128 128
32512 00002000 128 128
32516 00000000 128 128
32588 00002000 128 128
32592 00000000 128 128
32624 00002000 128 128
32628 00000000 128 128
32660 00002000 128 128
32664 00000000 128 128
32696 00002000 128 128
32700 00000000 128 128
32732 00002000 128 128
32736 00000000 128 128
32768 00002000 128 128
32772 00000000 128 128
32804 00002000 128 128
32808 00000000 128 128
32840 00002000 128 128
32844 00000000 128 128
32876 00002000 128 128
32880 00000000 128 128
32912 00002000 128 128
32916 00000000 128 128
32948 00002000 128 128
32952 00000000 128 128
32984 00002000 128 128
32988 00000000 128 128
33020 00002000 128 128
33024 00000000 128 128
33056 00002000 128 128
33060 00000000 128 128
33272 00004000 128 128
33276 00000000 128 128
33308 00004000 128 128
33312 00000000 128 128
33344 00004000 128 128
33348 00000000 128 128
33380 00004000 128 128
33384 00000000 128 128
33416 00004000 128 128
33420 00000000 128 128
33452 00004000 128 128
33456 00000000 128 128
33488 00004000 128 128
33492 00000000 128 128
33524 00004000 128 128
33528 00000000 128 128
33560 00004000 128 128
33564 00000000 128 128
33596 00004000 128 128
33600 00000000 128 128
33632 00004000 128 128
33636 00000000 128 128
33668 00004000 128 128
33672 00000000 128 128
33704 00004000 128 128
33708 00000000 128 128
33740 00004000 128 128
33744 00000000 128 128
33776 00004000 128 128
33780 00000000 128 128
33812 00004000 128 128
33816 00000000 128 128
33848 00004000 128 128
33852 00000000 128 128
33884 00004000 128 128
33888 00000000 128 128
33920 00004000 128 128
33924 00000000 128 128
33956 00004000 128 128
33960 00000000 128 128
33992 00004000 128 128
33996 00000000 128 128
34028 00004000 128 128
34032 00000000 128 128
34064 00004000 128 128
34068 00000000 128 128
34100 00004000 128 128
34104 00000000 128 128
34136 00004000 128 128
34140 00000000 128 128
34172 00004000 128 128
34176 00000000 128 128
34208 00004000 128 128
34212 00000000 128 128
34244 00004000 128 128
34248 00000000 128 128
34280 00004000 128 128
34284 00000000 128 128
34316 00004000 128 128
34320 00000000 128 128
34352 00004000 128 128
34356 00000000 128 128
34388 00004000 128 128
34392 00000000 128 128
34424 00004000 128 128
34428 00000000 128 128
34460 00004000 128 128
34464 00000000 128 128
34496 00004000 128 128
34500 00000000 128 128
34532 00004000 128 128
34536 00000000 128 128
34568 00004000 128 128
34572 00000000 128 128
34604 00004000 128 128
34608 00000000 128 128
34640 00004000 128 128
34644 00000000 128 128
34676 00004000 128 128
34680 00000000 128 128
34712 00004000 128 128
34716 00000000 128 128
34748 00004000 128 128
34752 00000000 128 128
34784 00004000 128 128
34788 00000000 128 128
34820 00004000 128 128
34824 00000000 128 128
34856 00004000 128 128
34860 00000000 128 128
34892 00004000 128 128
34896 00000000 128 128
34928 00004000 128 128
34932 00000000 128 128
34964 00004000 128 128
34968 00000000 128 128
35000 00004000 128 128
35004 00000000 128 128
35036 00004000 128 128
35040 00000000 128 128
35072 00004000 128 128
35076 00000000 128 128
35108 00004000 128 128
35112 00000000 128 128
35144 00004000 128 128
35148 00000000 128 128
35180 00004000 128 128
35184 00000000 128 128
35216 00004000 128 128
35220 00000000 128 128
35252 00004000 128 128
35256 00000000 128 128
35288 00004000 128 128
35292 00000000 128 128
35324 00004000 128 128
35328 00000000 128 128
35360 00004000 128 128
35364 00000000 128 128
35396 00004000 128 128
35400 00000000 128 128
35492 00001000 128 128
35496 00000000 128 128
35598 00000010 128 128
35604 00000000 128 128
35626 00000010 128 128
35632 00000000 128 128
35654 00000010 128 128
35660 00000000 128 128
35682 00000020 128 128
35688 00000000 128 128
35720 00002000 128 128
35724 00000000 128 128
36136 00002000 128 128
36140 00000000 128 128
36352 00002000 128 128
36356 00000000 128 128
36568 00002000 128 128
36572 00000000 128 128
36784 00002000 128 128
36788 00000000 128 128
37000 00002000 128 128
37004 00000000 128 128
37276 00000000 128 128
