0 00000000 128 128
150 00000008 128 128
152 00000000 128 128
300 00000008 128 128
302 00000000 128 128
450 00002000 128 128
452 00000000 128 128
1000 00000020 128 128
1026 00000000 128 128
1086 00000010 128 128
1126 00000000 128 128
1546 00000010 128 128
1562 00000000 128 128
1652 00001000 128 128
1656 00000000 128 128
1746 00000200 128 128
1750 00000000 128 128
1760 00000080 128 128
1766 00000000 128 128
1772 00000010 128 128
1782 00000000 128 128
1792 00004000 128 128
1796 00000000 128 128
1946 00002000 128 128
1950 00000000 128 128
2130 00002000 128 128
2134 00000000 128 128
2314 00002000 128 128
2318 00000000 128 128
2818 00002000 128 128
2822 00000000 128 128
2942 00000200 128 128
2946 00000000 128 128
2976 00004000 128 128
2980 00000000 128 128
3070 00000000 128 128
