0 00000000 128 128
150 00000008 128 128
152 00000000 128 128
300 00000008 128 128
302 00000000 128 128
450 00002000 128 128
452 00000000 128 128
1200 00000010 128 128
1208 00000000 128 128
1224 00000020 128 128
1384 00000000 128 128
1400 00000010 128 128
1470 00000000 128 128
1486 00000040 128 128
1556 00000000 128 128
1572 00000080 128 128
1588 00000000 128 128
1604 00000010 128 128
1674 00000000 128 128
1690 00000040 128 128
1760 00000000 128 128
1776 00000080 128 128
1792 00000000 128 128
1808 00000010 128 128
1878 00000000 128 128
1894 00000040 128 128
1964 00000000 128 128
1980 00000080 128 128
1996 00000000 128 128
2012 00000010 128 128
2082 00000000 128 128
2098 00000040 128 128
2168 00000000 128 128
2184 00000080 128 128
2200 00000000 128 128
2216 00000010 128 128
2286 00000000 128 128
2302 00000040 128 128
2372 00000000 128 128
2388 00000080 128 128
2404 00000000 128 128
2420 00000010 128 128
2490 00000000 128 128
2506 00000040 128 128
2576 00000000 128 128
2592 00000080 128 128
2608 00000000 128 128
2624 00000010 128 128
2694 00000000 128 128
2710 00000040 128 128
2780 00000000 128 128
2796 00000080 128 128
2812 00000000 128 128
2828 00000010 128 128
2898 00000000 128 128
2914 00000040 128 128
2984 00000000 128 128
3000 00000080 128 128
3016 00000000 128 128
3032 00000010 128 128
3102 00000000 128 128
3118 00000040 128 128
3188 00000000 128 128
3204 00000080 128 128
3220 00000000 128 128
3436 00000000 128 128
