0 00000000 128 128
150 00000008 128 128
152 00000000 128 128
300 00000008 128 128
302 00000000 128 128
450 00002000 128 128
452 00000000 128 128
700 00000020 128 128
724 00000000 128 128
726 00000040 128 128
758 00000000 128 128
760 00000020 128 128
768 00000000 128 128
770 00000040 128 128
778 00000000 128 128
780 00000020 128 128
788 00000000 128 128
790 00000040 128 128
838 00000000 128 128
840 00000040 128 128
856 00000000 128 128
1068 00000040 128 128
1076 00000000 128 128
1078 00000080 128 128
1086 00000000 128 128
1088 00000040 128 128
1104 00000000 128 128
1106 00000080 128 128
1122 00000000 128 128
1124 00000040 128 128
1324 00000000 128 128
1326 00000080 128 128
1358 00000000 128 128
1360 00000010 128 128
1376 00000000 128 128
1588 00004000 128 128
1592 00000000 128 128
1624 00004000 128 128
1628 00000000 128 128
1660 00004000 128 128
1664 00000000 128 128
1696 00004000 128 128
1700 00000000 128 128
1732 00004000 128 128
1736 00000000 128 128
1768 00004000 128 128
1772 00000000 128 128
1804 00004000 128 128
1808 00000000 128 128
1840 00004000 128 128
1844 00000000 128 128
1876 00004000 128 128
1880 00000000 128 128
1912 00004000 128 128
1916 00000000 128 128
1948 00004000 128 128
1952 00000000 128 128
1984 00004000 128 128
1988 00000000 128 128
2020 00004000 128 128
2024 00000000 128 128
2056 00004000 128 128
2060 00000000 128 128
2092 00004000 128 128
2096 00000000 128 128
2128 00004000 128 128
2132 00000000 128 128
2164 00004000 128 128
2168 00000000 128 128
2200 00004000 128 128
2204 00000000 128 128
2236 00004000 128 128
2240 00000000 128 128
2272 00004000 128 128
2276 00000000 128 128
2368 00001000 128 128
2372 00000000 128 128
2474 00000010 128 128
2480 00000000 128 128
2502 00000010 128 128
2508 00000000 128 128
2530 00000010 128 128
2536 00000000 128 128
2558 00000020 128 128
2564 00000000 128 128
2596 00002000 128 128
2600 00000000 128 128
3012 00002000 128 128
3016 00000000 128 128
3228 00002000 128 128
3232 00000000 128 128
3444 00002000 128 128
3448 00000000 128 128
3660 00002000 128 128
3664 00000000 128 128
3876 00002000 128 128
3880 00000000 128 128
4152 00000000 128 128
