0 00000000 128 128
150 00000008 128 128
152 00000000 128 128
300 00000008 128 128
302 00000000 128 128
450 00002000 128 128
452 00000000 128 128
2200 00004000 128 128
2204 00000000 128 128
2236 00004000 128 128
2240 00000000 128 128
2272 00004000 128 128
2276 00000000 128 128
2308 00004000 128 128
2312 00000000 128 128
2344 00004000 128 128
2348 00000000 128 128
2380 00004000 128 128
2384 00000000 128 128
2616 00000080 128 128
2624 00000000 128 128
2686 00002000 128 128
2690 00000000 128 128
3102 00002000 128 128
3106 00000000 128 128
3418 00002000 128 128
3422 00000000 128 128
4334 00002000 128 128
4338 00000000 128 128
4750 00002000 128 128
4754 00000000 128 128
5166 00000000 128 128
