0 00000000 128 128
150 00000008 128 128
152 00000000 128 128
300 00000008 128 128
302 00000000 128 128
450 00002000 128 128
452 00000000 128 128
2200 00004000 128 128
2204 00000000 128 128
2236 00004000 128 128
2240 00000000 128 128
2272 00004000 128 128
2276 00000000 128 128
2308 00004000 128 128
2312 00000000 128 128
2344 00004000 128 128
2348 00000000 128 128
2380 00004000 128 128
2384 00000000 128 128
2616 00000010 128 128
2624 00000000 128 128
3226 00002000 128 128
3230 00000000 128 128
4142 00002000 128 128
4146 00000000 128 128
4178 00002000 128 128
4182 00000000 128 128
4214 00002000 128 128
4218 00000000 128 128
4250 00002000 128 128
4254 00000000 128 128
4286 00002000 128 128
4290 00000000 128 128
4322 00002000 128 128
4326 00000000 128 128
4358 00002000 128 128
4362 00000000 128 128
4394 00002000 128 128
4398 00000000 128 128
4430 00002000 128 128
4434 00000000 128 128
4466 00002000 128 128
4470 00000000 128 128
4502 00002000 128 128
4506 00000000 128 128
4538 00002000 128 128
4542 00000000 128 128
4574 00002000 128 128
4578 00000000 128 128
4610 00002000 128 128
4614 00000000 128 128
4646 00002000 128 128
4650 00000000 128 128
4682 00002000 128 128
4686 00000000 128 128
4718 00002000 128 128
4722 00000000 128 128
4754 00002000 128 128
4758 00000000 128 128
4790 00002000 128 128
4794 00000000 128 128
4826 00002000 128 128
4830 00000000 128 128
6362 00000000 128 128
