0 00000000 128 128
150 00000008 128 128
152 00000000 128 128
300 00000008 128 128
302 00000000 128 128
450 00002000 128 128
452 00000000 128 128
2200 00004000 128 128
2204 00000000 128 128
2236 00004000 128 128
2240 00000000 128 128
2272 00004000 128 128
2276 00000000 128 128
2308 00004000 128 128
2312 00000000 128 128
2344 00004000 128 128
2348 00000000 128 128
2380 00004000 128 128
2384 00000000 128 128
3516 00001000 128 128
3520 00000000 128 128
3622 00000010 128 128
3628 00000000 128 128
3650 00000010 128 128
3656 00000000 128 128
3678 00000010 128 128
3684 00000000 128 128
3706 00000020 128 128
3712 00000000 128 128
3744 00002000 128 128
3748 00000000 128 128
4160 00002000 128 128
4164 00000000 128 128
4376 00002000 128 128
4380 00000000 128 128
4592 00002000 128 128
4596 00000000 128 128
4808 00002000 128 128
4812 00000000 128 128
5024 00002000 128 128
5028 00000000 128 128
5240 00002000 128 128
5244 00000000 128 128
6416 00000000 128 128
