0 00000000 128 128
150 00000008 128 128
152 00000000 128 128
300 00000008 128 128
302 00000000 128 128
450 00002000 128 128
452 00000000 128 128
1200 00000010 128 128
1232 00000000 128 128
1272 00000080 128 128
1512 00000000 128 128
1552 00000040 128 128
1616 00000000 128 128
1656 00000080 128 128
1896 00000000 128 128
1936 00000040 128 128
1968 00000000 128 128
2008 00000080 128 128
2248 00000000 128 128
2288 00000010 128 128
2384 00000000 128 128
2424 00000080 128 128
2664 00000000 128 128
2704 00000000 128 128
