0 00000000 128 128
150 00000008 128 128
152 00000000 128 128
300 00000008 128 128
302 00000000 128 128
450 00002000 128 128
452 00000000 128 128
1200 00000080 128 128
1216 00000000 128 128
1246 00000010 128 128
1254 00000000 128 128
1284 00000080 128 128
1364 00000000 128 128
1394 00000010 128 128
1402 00000000 128 128
1432 00000080 128 128
1512 00000000 128 128
1542 00000010 128 128
1550 00000000 128 128
1580 00000080 128 128
1660 00000000 128 128
1690 00000010 128 128
1698 00000000 128 128
1728 00000080 128 128
1808 00000000 128 128
1958 00000000 128 128
