0 00000000 128 128
150 00000008 128 128
152 00000000 128 128
300 00000008 128 128
302 00000000 128 128
450 00002000 128 128
452 00000000 128 128
700 00000010 128 128
716 00000000 128 128
868 00000040 128 128
900 00000000 128 128
902 00000080 128 128
950 00000000 128 128
952 00000010 128 128
960 00000000 128 128
962 00000080 128 128
1018 00000000 128 128
1020 00000040 128 128
1028 00000000 128 128
1240 00001000 128 128
1244 00000000 128 128
1346 00000010 128 128
1352 00000000 128 128
1374 00000010 128 128
1380 00000000 128 128
1402 00000010 128 128
1408 00000000 128 128
1430 00000020 128 128
1436 00000000 128 128
1468 00002000 128 128
1472 00000000 128 128
1884 00002000 128 128
1888 00000000 128 128
2100 00002000 128 128
2104 00000000 128 128
2316 00002000 128 128
2320 00000000 128 128
2532 00002000 128 128
2536 00000000 128 128
2748 00002000 128 128
2752 00000000 128 128
3024 00000000 128 128
