0 00000000 128 128
150 00000008 128 128
152 00000000 128 128
300 00000008 128 128
302 00000000 128 128
450 00002000 128 128
452 00000000 128 128
1000 00000020 128 128
1039 00000000 128 128
1099 00000010 128 128
1151 00000000 128 128
1571 00000010 128 128
1701 00000000 128 128
1741 00000080 128 128
1767 00000000 128 128
1807 00000010 128 128
1846 00000000 128 128
1886 00002000 128 128
1890 00000000 128 128
1960 00002000 128 128
1964 00000000 128 128
2034 00002000 128 128
2038 00000000 128 128
2108 00002000 128 128
2112 00000000 128 128
2182 00002000 128 128
2186 00000000 128 128
2256 00002000 128 128
2260 00000000 128 128
2330 00002000 128 128
2334 00000000 128 128
2404 00002000 128 128
2408 00000000 128 128
2478 00002000 128 128
2482 00000000 128 128
2552 00002000 128 128
2556 00000000 128 128
2626 00002000 128 128
2630 00000000 128 128
2700 00002000 128 128
2704 00000000 128 128
2774 00002000 128 128
2778 00000000 128 128
2848 00002000 128 128
2852 00000000 128 128
2922 00000000 128 128
