0 00000000 128 128
150 00000008 128 128
152 00000000 128 128
300 00000008 128 128
302 00000000 128 128
450 00002000 128 128
452 00000000 128 128
2200 00004000 128 128
2204 00000000 128 128
2236 00004000 128 128
2240 00000000 128 128
2272 00004000 128 128
2276 00000000 128 128
2308 00004000 128 128
2312 00000000 128 128
2344 00004000 128 128
2348 00000000 128 128
2380 00004000 128 128
2384 00000000 128 128
2616 00000040 128 128
2624 00000000 128 128
2686 00000010 128 128
2694 00000000 128 128
2756 00000040 128 128
2764 00000000 128 128
2826 00000010 128 128
2834 00000000 128 128
2896 00000040 128 128
2904 00000000 128 128
2966 00000010 128 128
2974 00000000 128 128
3576 00002000 128 128
3580 00000000 128 128
3992 00000040 128 128
3998 00000000 128 128
4060 00002000 128 128
4064 00000000 128 128
4676 00000040 128 128
4684 00000000 128 128
4746 00000010 128 128
4754 00000000 128 128
5356 00000000 128 128
