0 00000000 128 128
150 00000008 128 128
152 00000000 128 128
300 00000008 128 128
302 00000000 128 128
450 00002000 128 128
452 00000000 128 128
2200 00004000 128 128
2204 00000000 128 128
2236 00004000 128 128
2240 00000000 128 128
2272 00004000 128 128
2276 00000000 128 128
2308 00004000 128 128
2312 00000000 128 128
2344 00004000 128 128
2348 00000000 128 128
2380 00004000 128 128
2384 00000000 128 128
2616 00000040 128 128
2624 00000000 128 128
2686 00000010 128 128
2694 00000000 128 128
3296 00001000 128 128
3300 00000000 128 128
3462 00000040 128 128
3468 00000000 128 128
3530 00000040 128 128
3536 00000000 128 128
3598 00002000 128 128
3602 00000000 128 128
4514 00000200 128 128
4518 00000000 128 128
4590 00000080 128 128
4617 00000000 128 128
4619 00000010 128 128
4646 00000000 128 128
4678 00004000 128 128
4682 00000000 128 128
5294 00000200 128 128
5298 00000000 128 128
5970 00000020 128 128
5976 00000000 128 128
6278 00002000 128 128
6282 00000000 128 128
7194 00002000 128 128
7198 00000000 128 128
8410 00000020 128 128
8416 00000000 128 128
8618 00002000 128 128
8622 00000000 128 128
10134 00002000 128 128
10138 00000000 128 128
11650 00002000 128 128
11654 00000000 128 128
15666 00002000 128 128
15670 00000000 128 128
15702 00002000 128 128
15706 00000000 128 128
15738 00002000 128 128
15742 00000000 128 128
15774 00002000 128 128
15778 00000000 128 128
15810 00002000 128 128
15814 00000000 128 128
15846 00002000 128 128
15850 00000000 128 128
15882 00002000 128 128
15886 00000000 128 128
15918 00002000 128 128
15922 00000000 128 128
15954 00002000 128 128
15958 00000000 128 128
15990 00002000 128 128
15994 00000000 128 128
16026 00002000 128 128
16030 00000000 128 128
16062 00002000 128 128
16066 00000000 128 128
16698 00002000 128 128
16702 00000000 128 128
16734 00002000 128 128
16738 00000000 128 128
16770 00002000 128 128
16774 00000000 128 128
16806 00002000 128 128
16810 00000000 128 128
19842 00002000 128 128
19846 00000000 128 128
19878 00002000 128 128
19882 00000000 128 128
19914 00002000 128 128
19918 00000000 128 128
19950 00002000 128 128
19954 00000000 128 128
19986 00002000 128 128
19990 00000000 128 128
20022 00002000 128 128
20026 00000000 128 128
20058 00002000 128 128
20062 00000000 128 128
20094 00002000 128 128
20098 00000000 128 128
20130 00002000 128 128
20134 00000000 128 128
20166 00002000 128 128
20170 00000000 128 128
20202 00002000 128 128
20206 00000000 128 128
20238 00002000 128 128
20242 00000000 128 128
22774 00000000 128 128
