0 00000000 128 128
150 00000008 128 128
152 00000000 128 128
300 00000008 128 128
302 00000000 128 128
450 00002000 128 128
452 00000000 128 128
700 00000080 128 128
708 00000000 128 128
720 00000040 128 128
760 00000000 128 128
822 00004000 128 128
826 00000000 128 128
858 00004000 128 128
862 00000000 128 128
894 00004000 128 128
898 00000000 128 128
930 00004000 128 128
934 00000000 128 128
966 00004000 128 128
970 00000000 128 128
1002 00004000 128 128
1006 00000000 128 128
1038 00004000 128 128
1042 00000000 128 128
1074 00004000 128 128
1078 00000000 128 128
1110 00004000 128 128
1114 00000000 128 128
1146 00004000 128 128
1150 00000000 128 128
1182 00004000 128 128
1186 00000000 128 128
1218 00004000 128 128
1222 00000000 128 128
1254 00004000 128 128
1258 00000000 128 128
1290 00004000 128 128
1294 00000000 128 128
1326 00004000 128 128
1330 00000000 128 128
1362 00004000 128 128
1366 00000000 128 128
1398 00004000 128 128
1402 00000000 128 128
1434 00004000 128 128
1438 00000000 128 128
1470 00004000 128 128
1474 00000000 128 128
1506 00004000 128 128
1510 00000000 128 128
1542 00004000 128 128
1546 00000000 128 128
1578 00004000 128 128
1582 00000000 128 128
1614 00004000 128 128
1618 00000000 128 128
1650 00004000 128 128
1654 00000000 128 128
1686 00004000 128 128
1690 00000000 128 128
1722 00004000 128 128
1726 00000000 128 128
1758 00004000 128 128
1762 00000000 128 128
1794 00004000 128 128
1798 00000000 128 128
1830 00004000 128 128
1834 00000000 128 128
1866 00004000 128 128
1870 00000000 128 128
1902 00004000 128 128
1906 00000000 128 128
1938 00004000 128 128
1942 00000000 128 128
1974 00004000 128 128
1978 00000000 128 128
2010 00004000 128 128
2014 00000000 128 128
2046 00004000 128 128
2050 00000000 128 128
2082 00004000 128 128
2086 00000000 128 128
2118 00004000 128 128
2122 00000000 128 128
2154 00004000 128 128
2158 00000000 128 128
2190 00004000 128 128
2194 00000000 128 128
2226 00004000 128 128
2230 00000000 128 128
2382 00000080 128 128
2414 00000000 128 128
2416 00000040 128 128
3316 00000000 128 128
3318 00000020 128 128
3382 00000000 128 128
3384 00000040 128 128
4284 00000000 128 128
4286 00000080 128 128
4350 00000000 128 128
4352 00000040 128 128
5252 00000000 128 128
5254 00000080 128 128
5302 00000000 128 128
5334 00004000 128 128
5338 00000000 128 128
5370 00004000 128 128
5374 00000000 128 128
5406 00004000 128 128
5410 00000000 128 128
5442 00004000 128 128
5446 00000000 128 128
5478 00004000 128 128
5482 00000000 128 128
5514 00004000 128 128
5518 00000000 128 128
5550 00004000 128 128
5554 00000000 128 128
5586 00004000 128 128
5590 00000000 128 128
5622 00004000 128 128
5626 00000000 128 128
5658 00004000 128 128
5662 00000000 128 128
5754 00000040 128 128
6654 00000000 128 128
6686 00004000 128 128
6690 00000000 128 128
6722 00004000 128 128
6726 00000000 128 128
6758 00004000 128 128
6762 00000000 128 128
6794 00004000 128 128
6798 00000000 128 128
6830 00004000 128 128
6834 00000000 128 128
6866 00004000 128 128
6870 00000000 128 128
6902 00004000 128 128
6906 00000000 128 128
6938 00004000 128 128
6942 00000000 128 128
6974 00004000 128 128
6978 00000000 128 128
7010 00004000 128 128
7014 00000000 128 128
7106 00000080 128 128
7210 00000000 128 128
7242 00004000 128 128
7246 00000000 128 128
7278 00004000 128 128
7282 00000000 128 128
7314 00004000 128 128
7318 00000000 128 128
7350 00004000 128 128
7354 00000000 128 128
7386 00004000 128 128
7390 00000000 128 128
7422 00004000 128 128
7426 00000000 128 128
7458 00004000 128 128
7462 00000000 128 128
7494 00004000 128 128
7498 00000000 128 128
7530 00004000 128 128
7534 00000000 128 128
7566 00004000 128 128
7570 00000000 128 128
7662 00000040 128 128
8562 00000000 128 128
8594 00004000 128 128
8598 00000000 128 128
8630 00004000 128 128
8634 00000000 128 128
8666 00004000 128 128
8670 00000000 128 128
8702 00004000 128 128
8706 00000000 128 128
8738 00004000 128 128
8742 00000000 128 128
8774 00004000 128 128
8778 00000000 128 128
8810 00004000 128 128
8814 00000000 128 128
8846 00004000 128 128
8850 00000000 128 128
8882 00004000 128 128
8886 00000000 128 128
8918 00004000 128 128
8922 00000000 128 128
8954 00004000 128 128
8958 00000000 128 128
8990 00004000 128 128
8994 00000000 128 128
9026 00004000 128 128
9030 00000000 128 128
9062 00004000 128 128
9066 00000000 128 128
9098 00004000 128 128
9102 00000000 128 128
9134 00004000 128 128
9138 00000000 128 128
9170 00004000 128 128
9174 00000000 128 128
9206 00004000 128 128
9210 00000000 128 128
9242 00004000 128 128
9246 00000000 128 128
9278 00004000 128 128
9282 00000000 128 128
9314 00004000 128 128
9318 00000000 128 128
9350 00004000 128 128
9354 00000000 128 128
9386 00004000 128 128
9390 00000000 128 128
9422 00004000 128 128
9426 00000000 128 128
9458 00004000 128 128
9462 00000000 128 128
9494 00004000 128 128
9498 00000000 128 128
9530 00004000 128 128
9534 00000000 128 128
9566 00004000 128 128
9570 00000000 128 128
9602 00004000 128 128
9606 00000000 128 128
9638 00004000 128 128
9642 00000000 128 128
9794 00000040 128 128
9818 00000000 128 128
10020 00004000 128 128
10024 00000000 128 128
10056 00004000 128 128
10060 00000000 128 128
10092 00004000 128 128
10096 00000000 128 128
10128 00004000 128 128
10132 00000000 128 128
10164 00004000 128 128
10168 00000000 128 128
10200 00004000 128 128
10204 00000000 128 128
10236 00004000 128 128
10240 00000000 128 128
10272 00004000 128 128
10276 00000000 128 128
10308 00004000 128 128
10312 00000000 128 128
10344 00004000 128 128
10348 00000000 128 128
10380 00004000 128 128
10384 00000000 128 128
10416 00004000 128 128
10420 00000000 128 128
10452 00004000 128 128
10456 00000000 128 128
10488 00004000 128 128
10492 00000000 128 128
10524 00004000 128 128
10528 00000000 128 128
10560 00004000 128 128
10564 00000000 128 128
10596 00004000 128 128
10600 00000000 128 128
10632 00004000 128 128
10636 00000000 128 128
10668 00004000 128 128
10672 00000000 128 128
10704 00004000 128 128
10708 00000000 128 128
11040 00002000 128 128
11044 00000000 128 128
11076 00002000 128 128
11080 00000000 128 128
11112 00002000 128 128
11116 00000000 128 128
11148 00002000 128 128
11152 00000000 128 128
11184 00002000 128 128
11188 00000000 128 128
11220 00002000 128 128
11224 00000000 128 128
11256 00002000 128 128
11260 00000000 128 128
11292 00002000 128 128
11296 00000000 128 128
11328 00002000 128 128
11332 00000000 128 128
11364 00002000 128 128
11368 00000000 128 128
11400 00002000 128 128
11404 00000000 128 128
11436 00002000 128 128
11440 00000000 128 128
11472 00002000 128 128
11476 00000000 128 128
11508 00002000 128 128
11512 00000000 128 128
11544 00002000 128 128
11548 00000000 128 128
11580 00002000 128 128
11584 00000000 128 128
11616 00002000 128 128
11620 00000000 128 128
11652 00002000 128 128
11656 00000000 128 128
11688 00002000 128 128
11692 00000000 128 128
11724 00002000 128 128
11728 00000000 128 128
11760 00002000 128 128
11764 00000000 128 128
11796 00002000 128 128
11800 00000000 128 128
11832 00002000 128 128
11836 00000000 128 128
11868 00002000 128 128
11872 00000000 128 128
11904 00002000 128 128
11908 00000000 128 128
11940 00002000 128 128
11944 00000000 128 128
11976 00002000 128 128
11980 00000000 128 128
12012 00002000 128 128
12016 00000000 128 128
12048 00002000 128 128
12052 00000000 128 128
12084 00002000 128 128
12088 00000000 128 128
12120 00002000 128 128
12124 00000000 128 128
12156 00002000 128 128
12160 00000000 128 128
12192 00002000 128 128
12196 00000000 128 128
12228 00002000 128 128
12232 00000000 128 128
12264 00002000 128 128
12268 00000000 128 128
12300 00002000 128 128
12304 00000000 128 128
12336 00002000 128 128
12340 00000000 128 128
12372 00002000 128 128
12376 00000000 128 128
12408 00002000 128 128
12412 00000000 128 128
12444 00002000 128 128
12448 00000000 128 128
12480 00002000 128 128
12484 00000000 128 128
12516 00002000 128 128
12520 00000000 128 128
12552 00002000 128 128
12556 00000000 128 128
12588 00002000 128 128
12592 00000000 128 128
12624 00002000 128 128
12628 00000000 128 128
12660 00002000 128 128
12664 00000000 128 128
12696 00002000 128 128
12700 00000000 128 128
12732 00002000 128 128
12736 00000000 128 128
12768 00002000 128 128
12772 00000000 128 128
12804 00002000 128 128
12808 00000000 128 128
12840 00002000 128 128
12844 00000000 128 128
12876 00002000 128 128
12880 00000000 128 128
12912 00002000 128 128
12916 00000000 128 128
12948 00002000 128 128
12952 00000000 128 128
12984 00002000 128 128
12988 00000000 128 128
13020 00002000 128 128
13024 00000000 128 128
13056 00002000 128 128
13060 00000000 128 128
13092 00002000 128 128
13096 00000000 128 128
13128 00002000 128 128
13132 00000000 128 128
13164 00002000 128 128
13168 00000000 128 128
13200 00002000 128 128
13204 00000000 128 128
13236 00002000 128 128
13240 00000000 128 128
13272 00002000 128 128
13276 00000000 128 128
13308 00002000 128 128
13312 00000000 128 128
13344 00002000 128 128
13348 00000000 128 128
13380 00002000 128 128
13384 00000000 128 128
13416 00002000 128 128
13420 00000000 128 128
13452 00002000 128 128
13456 00000000 128 128
13488 00002000 128 128
13492 00000000 128 128
13524 00002000 128 128
13528 00000000 128 128
13560 00002000 128 128
13564 00000000 128 128
13596 00002000 128 128
13600 00000000 128 128
13632 00002000 128 128
13636 00000000 128 128
13668 00002000 128 128
13672 00000000 128 128
13704 00002000 128 128
13708 00000000 128 128
13740 00002000 128 128
13744 00000000 128 128
13776 00002000 128 128
13780 00000000 128 128
13812 00002000 128 128
13816 00000000 128 128
13848 00002000 128 128
13852 00000000 128 128
13884 00002000 128 128
13888 00000000 128 128
13920 00002000 128 128
13924 00000000 128 128
13956 00002000 128 128
13960 00000000 128 128
13992 00002000 128 128
13996 00000000 128 128
14028 00002000 128 128
14032 00000000 128 128
14064 00002000 128 128
14068 00000000 128 128
14100 00002000 128 128
14104 00000000 128 128
14136 00002000 128 128
14140 00000000 128 128
14172 00002000 128 128
14176 00000000 128 128
14208 00002000 128 128
14212 00000000 128 128
14244 00002000 128 128
14248 00000000 128 128
14280 00002000 128 128
14284 00000000 128 128
14316 00002000 128 128
14320 00000000 128 128
14352 00002000 128 128
14356 00000000 128 128
14388 00002000 128 128
14392 00000000 128 128
14424 00002000 128 128
14428 00000000 128 128
14460 00002000 128 128
14464 00000000 128 128
14496 00002000 128 128
14500 00000000 128 128
14532 00002000 128 128
14536 00000000 128 128
14568 00002000 128 128
14572 00000000 128 128
14604 00002000 128 128
14608 00000000 128 128
14640 00002000 128 128
14644 00000000 128 128
14676 00002000 128 128
14680 00000000 128 128
14712 00002000 128 128
14716 00000000 128 128
14748 00002000 128 128
14752 00000000 128 128
14784 00002000 128 128
14788 00000000 128 128
14820 00002000 128 128
14824 00000000 128 128
14856 00002000 128 128
14860 00000000 128 128
14892 00002000 128 128
14896 00000000 128 128
14928 00002000 128 128
14932 00000000 128 128
14964 00002000 128 128
14968 00000000 128 128
15000 00002000 128 128
15004 00000000 128 128
15036 00002000 128 128
15040 00000000 128 128
15072 00002000 128 128
15076 00000000 128 128
15108 00002000 128 128
15112 00000000 128 128
15144 00002000 128 128
15148 00000000 128 128
15180 00002000 128 128
15184 00000000 128 128
15216 00002000 128 128
15220 00000000 128 128
15252 00002000 128 128
15256 00000000 128 128
15288 00002000 128 128
15292 00000000 128 128
15324 00002000 128 128
15328 00000000 128 128
15360 00002000 128 128
15364 00000000 128 128
15396 00002000 128 128
15400 00000000 128 128
15432 00002000 128 128
15436 00000000 128 128
15468 00002000 128 128
15472 00000000 128 128
15504 00002000 128 128
15508 00000000 128 128
15540 00002000 128 128
15544 00000000 128 128
15576 00002000 128 128
15580 00000000 128 128
15612 00002000 128 128
15616 00000000 128 128
15648 00002000 128 128
15652 00000000 128 128
15684 00002000 128 128
15688 00000000 128 128
15720 00002000 128 128
15724 00000000 128 128
15756 00002000 128 128
15760 00000000 128 128
15792 00002000 128 128
15796 00000000 128 128
15828 00002000 128 128
15832 00000000 128 128
15864 00002000 128 128
15868 00000000 128 128
15900 00002000 128 128
15904 00000000 128 128
15936 00002000 128 128
15940 00000000 128 128
15972 00002000 128 128
15976 00000000 128 128
16008 00002000 128 128
16012 00000000 128 128
16044 00002000 128 128
16048 00000000 128 128
16080 00002000 128 128
16084 00000000 128 128
16116 00002000 128 128
16120 00000000 128 128
16152 00002000 128 128
16156 00000000 128 128
16188 00002000 128 128
16192 00000000 128 128
16224 00002000 128 128
16228 00000000 128 128
16260 00002000 128 128
16264 00000000 128 128
16296 00002000 128 128
16300 00000000 128 128
16332 00002000 128 128
16336 00000000 128 128
16368 00002000 128 128
16372 00000000 128 128
16404 00002000 128 128
16408 00000000 128 128
16440 00002000 128 128
16444 00000000 128 128
16476 00002000 128 128
16480 00000000 128 128
16512 00002000 128 128
16516 00000000 128 128
16548 00002000 128 128
16552 00000000 128 128
16584 00002000 128 128
16588 00000000 128 128
16620 00002000 128 128
16624 00000000 128 128
16656 00002000 128 128
16660 00000000 128 128
16692 00002000 128 128
16696 00000000 128 128
16728 00002000 128 128
16732 00000000 128 128
16764 00002000 128 128
16768 00000000 128 128
16800 00002000 128 128
16804 00000000 128 128
16836 00002000 128 128
16840 00000000 128 128
16872 00002000 128 128
16876 00000000 128 128
16908 00002000 128 128
16912 00000000 128 128
16944 00002000 128 128
16948 00000000 128 128
16980 00002000 128 128
16984 00000000 128 128
17016 00002000 128 128
17020 00000000 128 128
17052 00002000 128 128
17056 00000000 128 128
17088 00002000 128 128
17092 00000000 128 128
17124 00002000 128 128
17128 00000000 128 128
17160 00002000 128 128
17164 00000000 128 128
17196 00002000 128 128
17200 00000000 128 128
17232 00002000 128 128
17236 00000000 128 128
17268 00002000 128 128
17272 00000000 128 128
17304 00002000 128 128
17308 00000000 128 128
17340 00002000 128 128
17344 00000000 128 128
17376 00002000 128 128
17380 00000000 128 128
17412 00002000 128 128
17416 00000000 128 128
17448 00002000 128 128
17452 00000000 128 128
17484 00002000 128 128
17488 00000000 128 128
17520 00002000 128 128
17524 00000000 128 128
17556 00002000 128 128
17560 00000000 128 128
17592 00002000 128 128
17596 00000000 128 128
17628 00002000 128 128
17632 00000000 128 128
17664 00002000 128 128
17668 00000000 128 128
17700 00002000 128 128
17704 00000000 128 128
17736 00002000 128 128
17740 00000000 128 128
17772 00002000 128 128
17776 00000000 128 128
17808 00002000 128 128
17812 00000000 128 128
17844 00002000 128 128
17848 00000000 128 128
17880 00002000 128 128
17884 00000000 128 128
17916 00002000 128 128
17920 00000000 128 128
17952 00002000 128 128
17956 00000000 128 128
17988 00002000 128 128
17992 00000000 128 128
18024 00002000 128 128
18028 00000000 128 128
18060 00002000 128 128
18064 00000000 128 128
18096 00002000 128 128
18100 00000000 128 128
18132 00002000 128 128
18136 00000000 128 128
18168 00002000 128 128
18172 00000000 128 128
18204 00002000 128 128
18208 00000000 128 128
18360 00000000 128 128
