0 00000000 128 128
150 00000008 128 128
152 00000000 128 128
300 00000008 128 128
302 00000000 128 128
450 00002000 128 128
452 00000000 128 128
700 00001000 128 128
704 00000000 128 128
794 00000200 128 128
798 00000000 128 128
808 00000080 128 128
814 00000000 128 128
820 00000010 128 128
830 00000000 128 128
840 00004000 128 128
844 00000000 128 128
994 00002000 128 128
998 00000000 128 128
1178 00002000 128 128
1182 00000000 128 128
1362 00002000 128 128
1366 00000000 128 128
1866 00002000 128 128
1870 00000000 128 128
1990 00000200 128 128
1994 00000000 128 128
2024 00004000 128 128
2028 00000000 128 128
2118 00000000 128 128
