0 00000000 128 128
150 00000008 128 128
152 00000000 128 128
300 00000008 128 128
302 00000000 128 128
450 00002000 128 128
452 00000000 128 128
700 00000040 128 128
748 00000000 128 128
810 00000080 128 128
874 00000000 128 128
876 00000040 128 128
892 00000000 128 128
894 00000080 128 128
958 00000000 128 128
960 00000010 128 128
1860 00000000 128 128
1862 00000020 128 128
2162 00000000 128 128
2164 00000010 128 128
3064 00000000 128 128
3096 00004000 128 128
3100 00000000 128 128
3132 00004000 128 128
3136 00000000 128 128
3168 00004000 128 128
3172 00000000 128 128
3204 00004000 128 128
3208 00000000 128 128
3240 00004000 128 128
3244 00000000 128 128
3276 00004000 128 128
3280 00000000 128 128
3312 00004000 128 128
3316 00000000 128 128
3348 00004000 128 128
3352 00000000 128 128
3384 00004000 128 128
3388 00000000 128 128
3420 00004000 128 128
3424 00000000 128 128
3486 00000040 128 128
3502 00000000 128 128
3504 00000080 128 128
4404 00000000 128 128
4406 00000010 128 128
5306 00000000 128 128
5338 00004000 128 128
5342 00000000 128 128
5374 00004000 128 128
5378 00000000 128 128
5410 00004000 128 128
5414 00000000 128 128
5446 00004000 128 128
5450 00000000 128 128
5482 00004000 128 128
5486 00000000 128 128
5518 00004000 128 128
5522 00000000 128 128
5554 00004000 128 128
5558 00000000 128 128
5590 00004000 128 128
5594 00000000 128 128
5626 00004000 128 128
5630 00000000 128 128
5662 00004000 128 128
5666 00000000 128 128
5728 00000080 128 128
5744 00000000 128 128
5746 00000010 128 128
6646 00000000 128 128
6948 00002000 128 128
6952 00000000 128 128
6984 00002000 128 128
6988 00000000 128 128
7020 00002000 128 128
7024 00000000 128 128
7056 00002000 128 128
7060 00000000 128 128
7092 00002000 128 128
7096 00000000 128 128
7128 00002000 128 128
7132 00000000 128 128
7164 00002000 128 128
7168 00000000 128 128
7200 00002000 128 128
7204 00000000 128 128
7236 00002000 128 128
7240 00000000 128 128
7272 00002000 128 128
7276 00000000 128 128
7308 00002000 128 128
7312 00000000 128 128
7344 00002000 128 128
7348 00000000 128 128
7380 00002000 128 128
7384 00000000 128 128
7416 00002000 128 128
7420 00000000 128 128
7452 00002000 128 128
7456 00000000 128 128
7488 00002000 128 128
7492 00000000 128 128
7524 00002000 128 128
7528 00000000 128 128
7560 00002000 128 128
7564 00000000 128 128
7596 00002000 128 128
7600 00000000 128 128
7632 00002000 128 128
7636 00000000 128 128
7668 00002000 128 128
7672 00000000 128 128
7704 00002000 128 128
7708 00000000 128 128
7740 00002000 128 128
7744 00000000 128 128
7776 00002000 128 128
7780 00000000 128 128
7812 00002000 128 128
7816 00000000 128 128
7848 00002000 128 128
7852 00000000 128 128
7884 00002000 128 128
7888 00000000 128 128
7920 00002000 128 128
7924 00000000 128 128
7956 00002000 128 128
7960 00000000 128 128
7992 00002000 128 128
7996 00000000 128 128
8028 00002000 128 128
8032 00000000 128 128
8064 00002000 128 128
8068 00000000 128 128
8100 00002000 128 128
8104 00000000 128 128
8136 00002000 128 128
8140 00000000 128 128
8172 00002000 128 128
8176 00000000 128 128
8208 00002000 128 128
8212 00000000 128 128
8244 00002000 128 128
8248 00000000 128 128
8280 00002000 128 128
8284 00000000 128 128
8316 00002000 128 128
8320 00000000 128 128
8352 00002000 128 128
8356 00000000 128 128
8388 00002000 128 128
8392 00000000 128 128
8424 00002000 128 128
8428 00000000 128 128
8460 00002000 128 128
8464 00000000 128 128
8496 00002000 128 128
8500 00000000 128 128
8532 00002000 128 128
8536 00000000 128 128
8568 00002000 128 128
8572 00000000 128 128
8604 00002000 128 128
8608 00000000 128 128
8640 00002000 128 128
8644 00000000 128 128
8676 00002000 128 128
8680 00000000 128 128
8712 00002000 128 128
8716 00000000 128 128
8748 00002000 128 128
8752 00000000 128 128
8784 00002000 128 128
8788 00000000 128 128
8820 00002000 128 128
8824 00000000 128 128
8856 00002000 128 128
8860 00000000 128 128
8892 00002000 128 128
8896 00000000 128 128
8928 00002000 128 128
8932 00000000 128 128
8964 00002000 128 128
8968 00000000 128 128
9000 00002000 128 128
9004 00000000 128 128
9036 00002000 128 128
9040 00000000 128 128
9072 00002000 128 128
9076 00000000 128 128
9108 00002000 128 128
9112 00000000 128 128
9144 00002000 128 128
9148 00000000 128 128
9180 00002000 128 128
9184 00000000 128 128
9216 00002000 128 128
9220 00000000 128 128
9252 00002000 128 128
9256 00000000 128 128
9288 00002000 128 128
9292 00000000 128 128
9324 00002000 128 128
9328 00000000 128 128
9360 00002000 128 128
9364 00000000 128 128
9396 00002000 128 128
9400 00000000 128 128
9432 00002000 128 128
9436 00000000 128 128
9468 00002000 128 128
9472 00000000 128 128
9504 00002000 128 128
9508 00000000 128 128
9540 00002000 128 128
9544 00000000 128 128
9576 00002000 128 128
9580 00000000 128 128
9612 00002000 128 128
9616 00000000 128 128
9648 00002000 128 128
9652 00000000 128 128
9684 00002000 128 128
9688 00000000 128 128
9720 00002000 128 128
9724 00000000 128 128
9756 00002000 128 128
9760 00000000 128 128
9792 00002000 128 128
9796 00000000 128 128
9828 00002000 128 128
9832 00000000 128 128
9864 00002000 128 128
9868 00000000 128 128
9900 00002000 128 128
9904 00000000 128 128
9936 00002000 128 128
9940 00000000 128 128
9972 00002000 128 128
9976 00000000 128 128
10008 00002000 128 128
10012 00000000 128 128
10044 00002000 128 128
10048 00000000 128 128
10080 00002000 128 128
10084 00000000 128 128
10116 00002000 128 128
10120 00000000 128 128
10152 00002000 128 128
10156 00000000 128 128
10188 00002000 128 128
10192 00000000 128 128
10224 00002000 128 128
10228 00000000 128 128
10260 00002000 128 128
10264 00000000 128 128
10296 00002000 128 128
10300 00000000 128 128
10332 00002000 128 128
10336 00000000 128 128
10368 00002000 128 128
10372 00000000 128 128
10404 00002000 128 128
10408 00000000 128 128
10440 00002000 128 128
10444 00000000 128 128
10476 00002000 128 128
10480 00000000 128 128
10512 00002000 128 128
10516 00000000 128 128
10548 00002000 128 128
10552 00000000 128 128
10584 00002000 128 128
10588 00000000 128 128
10620 00002000 128 128
10624 00000000 128 128
10656 00002000 128 128
10660 00000000 128 128
10692 00002000 128 128
10696 00000000 128 128
10728 00002000 128 128
10732 00000000 128 128
10764 00002000 128 128
10768 00000000 128 128
10800 00002000 128 128
10804 00000000 128 128
10836 00002000 128 128
10840 00000000 128 128
10872 00002000 128 128
10876 00000000 128 128
10908 00002000 128 128
10912 00000000 128 128
10944 00002000 128 128
10948 00000000 128 128
10980 00002000 128 128
10984 00000000 128 128
11016 00002000 128 128
11020 00000000 128 128
11052 00002000 128 128
11056 00000000 128 128
11088 00002000 128 128
11092 00000000 128 128
11124 00002000 128 128
11128 00000000 128 128
11160 00002000 128 128
11164 00000000 128 128
11196 00002000 128 128
11200 00000000 128 128
11232 00002000 128 128
11236 00000000 128 128
11268 00002000 128 128
11272 00000000 128 128
11304 00002000 128 128
11308 00000000 128 128
11340 00002000 128 128
11344 00000000 128 128
11376 00002000 128 128
11380 00000000 128 128
11412 00002000 128 128
11416 00000000 128 128
11448 00002000 128 128
11452 00000000 128 128
11484 00002000 128 128
11488 00000000 128 128
11520 00002000 128 128
11524 00000000 128 128
11556 00002000 128 128
11560 00000000 128 128
11592 00002000 128 128
11596 00000000 128 128
11628 00002000 128 128
11632 00000000 128 128
11664 00002000 128 128
11668 00000000 128 128
11700 00002000 128 128
11704 00000000 128 128
11736 00002000 128 128
11740 00000000 128 128
11772 00002000 128 128
11776 00000000 128 128
11808 00002000 128 128
11812 00000000 128 128
11844 00002000 128 128
11848 00000000 128 128
11880 00002000 128 128
11884 00000000 128 128
11916 00002000 128 128
11920 00000000 128 128
11952 00002000 128 128
11956 00000000 128 128
11988 00002000 128 128
11992 00000000 128 128
12024 00002000 128 128
12028 00000000 128 128
12060 00002000 128 128
12064 00000000 128 128
12096 00002000 128 128
12100 00000000 128 128
12132 00002000 128 128
12136 00000000 128 128
12168 00002000 128 128
12172 00000000 128 128
12204 00002000 128 128
12208 00000000 128 128
12240 00002000 128 128
12244 00000000 128 128
12276 00002000 128 128
12280 00000000 128 128
12312 00002000 128 128
12316 00000000 128 128
12348 00002000 128 128
12352 00000000 128 128
12384 00002000 128 128
12388 00000000 128 128
12420 00002000 128 128
12424 00000000 128 128
12456 00002000 128 128
12460 00000000 128 128
12492 00002000 128 128
12496 00000000 128 128
12528 00002000 128 128
12532 00000000 128 128
12564 00002000 128 128
12568 00000000 128 128
12600 00002000 128 128
12604 00000000 128 128
12636 00002000 128 128
12640 00000000 128 128
12672 00002000 128 128
12676 00000000 128 128
12708 00002000 128 128
12712 00000000 128 128
12744 00002000 128 128
12748 00000000 128 128
12780 00002000 128 128
12784 00000000 128 128
12816 00002000 128 128
12820 00000000 128 128
12852 00002000 128 128
12856 00000000 128 128
12888 00002000 128 128
12892 00000000 128 128
12924 00002000 128 128
12928 00000000 128 128
12960 00002000 128 128
12964 00000000 128 128
12996 00002000 128 128
13000 00000000 128 128
13032 00002000 128 128
13036 00000000 128 128
13068 00002000 128 128
13072 00000000 128 128
13104 00002000 128 128
13108 00000000 128 128
13140 00002000 128 128
13144 00000000 128 128
13176 00002000 128 128
13180 00000000 128 128
13212 00002000 128 128
13216 00000000 128 128
13248 00002000 128 128
13252 00000000 128 128
13284 00002000 128 128
13288 00000000 128 128
13320 00002000 128 128
13324 00000000 128 128
13356 00002000 128 128
13360 00000000 128 128
13392 00002000 128 128
13396 00000000 128 128
13428 00002000 128 128
13432 00000000 128 128
13464 00002000 128 128
13468 00000000 128 128
13500 00002000 128 128
13504 00000000 128 128
13536 00002000 128 128
13540 00000000 128 128
13572 00002000 128 128
13576 00000000 128 128
13608 00002000 128 128
13612 00000000 128 128
13644 00002000 128 128
13648 00000000 128 128
13680 00002000 128 128
13684 00000000 128 128
13716 00002000 128 128
13720 00000000 128 128
13752 00002000 128 128
13756 00000000 128 128
13788 00002000 128 128
13792 00000000 128 128
13824 00002000 128 128
13828 00000000 128 128
13860 00002000 128 128
13864 00000000 128 128
13896 00002000 128 128
13900 00000000 128 128
13932 00002000 128 128
13936 00000000 128 128
13968 00002000 128 128
13972 00000000 128 128
14004 00002000 128 128
14008 00000000 128 128
14040 00002000 128 128
14044 00000000 128 128
14076 00002000 128 128
14080 00000000 128 128
14112 00002000 128 128
14116 00000000 128 128
14148 00002000 128 128
14152 00000000 128 128
14184 00002000 128 128
14188 00000000 128 128
14220 00002000 128 128
14224 00000000 128 128
14256 00002000 128 128
14260 00000000 128 128
14292 00002000 128 128
14296 00000000 128 128
14328 00002000 128 128
14332 00000000 128 128
14364 00002000 128 128
14368 00000000 128 128
14400 00002000 128 128
14404 00000000 128 128
14436 00002000 128 128
14440 00000000 128 128
14472 00002000 128 128
14476 00000000 128 128
14508 00002000 128 128
14512 00000000 128 128
14544 00002000 128 128
14548 00000000 128 128
14580 00002000 128 128
14584 00000000 128 128
14616 00002000 128 128
14620 00000000 128 128
14652 00002000 128 128
14656 00000000 128 128
14688 00002000 128 128
14692 00000000 128 128
14724 00002000 128 128
14728 00000000 128 128
14760 00002000 128 128
14764 00000000 128 128
14796 00002000 128 128
14800 00000000 128 128
14832 00002000 128 128
14836 00000000 128 128
14868 00002000 128 128
14872 00000000 128 128
14904 00002000 128 128
14908 00000000 128 128
14940 00002000 128 128
14944 00000000 128 128
14976 00002000 128 128
14980 00000000 128 128
15012 00002000 128 128
15016 00000000 128 128
15048 00002000 128 128
15052 00000000 128 128
15084 00002000 128 128
15088 00000000 128 128
15120 00002000 128 128
15124 00000000 128 128
15156 00002000 128 128
15160 00000000 128 128
15192 00002000 128 128
15196 00000000 128 128
15228 00002000 128 128
15232 00000000 128 128
15264 00002000 128 128
15268 00000000 128 128
15300 00002000 128 128
15304 00000000 128 128
15336 00002000 128 128
15340 00000000 128 128
15372 00002000 128 128
15376 00000000 128 128
15408 00002000 128 128
15412 00000000 128 128
15444 00002000 128 128
15448 00000000 128 128
15480 00002000 128 128
15484 00000000 128 128
15516 00002000 128 128
15520 00000000 128 128
15552 00002000 128 128
15556 00000000 128 128
15588 00002000 128 128
15592 00000000 128 128
15624 00002000 128 128
15628 00000000 128 128
15660 00002000 128 128
15664 00000000 128 128
15696 00002000 128 128
15700 00000000 128 128
15732 00002000 128 128
15736 00000000 128 128
15768 00002000 128 128
15772 00000000 128 128
15804 00002000 128 128
15808 00000000 128 128
15840 00002000 128 128
15844 00000000 128 128
15876 00002000 128 128
15880 00000000 128 128
15912 00002000 128 128
15916 00000000 128 128
15948 00002000 128 128
15952 00000000 128 128
15984 00002000 128 128
15988 00000000 128 128
16020 00002000 128 128
16024 00000000 128 128
16056 00002000 128 128
16060 00000000 128 128
16092 00002000 128 128
16096 00000000 128 128
16128 00002000 128 128
16132 00000000 128 128
16164 00002000 128 128
16168 00000000 128 128
16200 00002000 128 128
16204 00000000 128 128
16236 00002000 128 128
16240 00000000 128 128
16272 00002000 128 128
16276 00000000 128 128
16308 00002000 128 128
16312 00000000 128 128
16344 00002000 128 128
16348 00000000 128 128
16380 00002000 128 128
16384 00000000 128 128
16416 00002000 128 128
16420 00000000 128 128
16452 00002000 128 128
16456 00000000 128 128
16488 00002000 128 128
16492 00000000 128 128
16524 00002000 128 128
16528 00000000 128 128
16560 00002000 128 128
16564 00000000 128 128
16596 00002000 128 128
16600 00000000 128 128
16632 00002000 128 128
16636 00000000 128 128
16668 00002000 128 128
16672 00000000 128 128
16704 00002000 128 128
16708 00000000 128 128
16740 00002000 128 128
16744 00000000 128 128
16776 00002000 128 128
16780 00000000 128 128
16812 00002000 128 128
16816 00000000 128 128
16848 00002000 128 128
16852 00000000 128 128
16884 00002000 128 128
16888 00000000 128 128
16920 00002000 128 128
16924 00000000 128 128
16956 00002000 128 128
16960 00000000 128 128
16992 00002000 128 128
16996 00000000 128 128
17028 00002000 128 128
17032 00000000 128 128
17064 00002000 128 128
17068 00000000 128 128
17100 00002000 128 128
17104 00000000 128 128
17136 00002000 128 128
17140 00000000 128 128
17172 00002000 128 128
17176 00000000 128 128
17208 00002000 128 128
17212 00000000 128 128
17244 00002000 128 128
17248 00000000 128 128
17280 00002000 128 128
17284 00000000 128 128
17316 00002000 128 128
17320 00000000 128 128
17352 00002000 128 128
17356 00000000 128 128
17388 00002000 128 128
17392 00000000 128 128
17424 00002000 128 128
17428 00000000 128 128
17460 00002000 128 128
17464 00000000 128 128
17496 00002000 128 128
17500 00000000 128 128
17532 00002000 128 128
17536 00000000 128 128
17568 00002000 128 128
17572 00000000 128 128
17604 00002000 128 128
17608 00000000 128 128
17640 00002000 128 128
17644 00000000 128 128
17676 00002000 128 128
17680 00000000 128 128
17712 00002000 128 128
17716 00000000 128 128
17868 00004000 128 128
17872 00000000 128 128
17904 00004000 128 128
17908 00000000 128 128
17940 00004000 128 128
17944 00000000 128 128
17976 00004000 128 128
17980 00000000 128 128
18012 00004000 128 128
18016 00000000 128 128
18048 00004000 128 128
18052 00000000 128 128
18084 00004000 128 128
18088 00000000 128 128
18120 00004000 128 128
18124 00000000 128 128
18156 00004000 128 128
18160 00000000 128 128
18192 00004000 128 128
18196 00000000 128 128
18228 00004000 128 128
18232 00000000 128 128
18264 00004000 128 128
18268 00000000 128 128
18300 00004000 128 128
18304 00000000 128 128
18336 00004000 128 128
18340 00000000 128 128
18372 00004000 128 128
18376 00000000 128 128
18408 00004000 128 128
18412 00000000 128 128
18444 00004000 128 128
18448 00000000 128 128
18480 00004000 128 128
18484 00000000 128 128
18516 00004000 128 128
18520 00000000 128 128
18552 00004000 128 128
18556 00000000 128 128
18648 00000010 128 128
19548 00000000 128 128
19610 00000010 128 128
20510 00000000 128 128
20572 00000000 128 128
