0 00000000 128 128
150 00000008 128 128
152 00000000 128 128
300 00000008 128 128
302 00000000 128 128
450 00002000 128 128
452 00000000 128 128
700 00000010 128 128
708 00000000 128 128
740 00000040 128 128
772 00000000 128 128
804 00000040 128 128
812 00000000 128 128
2314 00000040 128 128
2378 00000000 128 128
2680 00004000 128 128
2684 00000000 128 128
2716 00004000 128 128
2720 00000000 128 128
2752 00004000 128 128
2756 00000000 128 128
2788 00004000 128 128
2792 00000000 128 128
2824 00004000 128 128
2828 00000000 128 128
2860 00004000 128 128
2864 00000000 128 128
2896 00004000 128 128
2900 00000000 128 128
2932 00004000 128 128
2936 00000000 128 128
2968 00004000 128 128
2972 00000000 128 128
3004 00004000 128 128
3008 00000000 128 128
3100 00000040 128 128
3148 00000000 128 128
3180 00004000 128 128
3184 00000000 128 128
3216 00004000 128 128
3220 00000000 128 128
3252 00004000 128 128
3256 00000000 128 128
3288 00004000 128 128
3292 00000000 128 128
3324 00004000 128 128
3328 00000000 128 128
3360 00004000 128 128
3364 00000000 128 128
3396 00004000 128 128
3400 00000000 128 128
3432 00004000 128 128
3436 00000000 128 128
3468 00004000 128 128
3472 00000000 128 128
3504 00004000 128 128
3508 00000000 128 128
3570 00000020 128 128
3642 00000000 128 128
3674 00004000 128 128
3678 00000000 128 128
3710 00004000 128 128
3714 00000000 128 128
3746 00004000 128 128
3750 00000000 128 128
3782 00004000 128 128
3786 00000000 128 128
3818 00004000 128 128
3822 00000000 128 128
3854 00004000 128 128
3858 00000000 128 128
3890 00004000 128 128
3894 00000000 128 128
3926 00004000 128 128
3930 00000000 128 128
3962 00004000 128 128
3966 00000000 128 128
3998 00004000 128 128
4002 00000000 128 128
4064 00000040 128 128
4136 00000000 128 128
4168 00004000 128 128
4172 00000000 128 128
4204 00004000 128 128
4208 00000000 128 128
4240 00004000 128 128
4244 00000000 128 128
4276 00004000 128 128
4280 00000000 128 128
4312 00004000 128 128
4316 00000000 128 128
4348 00004000 128 128
4352 00000000 128 128
4384 00004000 128 128
4388 00000000 128 128
4420 00004000 128 128
4424 00000000 128 128
4456 00004000 128 128
4460 00000000 128 128
4492 00004000 128 128
4496 00000000 128 128
4558 00000020 128 128
4630 00000000 128 128
4662 00004000 128 128
4666 00000000 128 128
4698 00004000 128 128
4702 00000000 128 128
4734 00004000 128 128
4738 00000000 128 128
4770 00004000 128 128
4774 00000000 128 128
4806 00004000 128 128
4810 00000000 128 128
4842 00004000 128 128
4846 00000000 128 128
4878 00004000 128 128
4882 00000000 128 128
4914 00004000 128 128
4918 00000000 128 128
4950 00004000 128 128
4954 00000000 128 128
4986 00004000 128 128
4990 00000000 128 128
5052 00000010 128 128
5060 00000000 128 128
5092 00000010 128 128
5108 00000000 128 128
5310 00000010 128 128
5358 00000000 128 128
5420 00002000 128 128
5424 00000000 128 128
5556 00004000 128 128
5560 00000000 128 128
5592 00004000 128 128
5596 00000000 128 128
5628 00004000 128 128
5632 00000000 128 128
5664 00004000 128 128
5668 00000000 128 128
5700 00004000 128 128
5704 00000000 128 128
5736 00004000 128 128
5740 00000000 128 128
5772 00004000 128 128
5776 00000000 128 128
5808 00004000 128 128
5812 00000000 128 128
5844 00004000 128 128
5848 00000000 128 128
5880 00004000 128 128
5884 00000000 128 128
5916 00004000 128 128
5920 00000000 128 128
5952 00004000 128 128
5956 00000000 128 128
5988 00004000 128 128
5992 00000000 128 128
6024 00004000 128 128
6028 00000000 128 128
6060 00004000 128 128
6064 00000000 128 128
6096 00004000 128 128
6100 00000000 128 128
6132 00004000 128 128
6136 00000000 128 128
6168 00004000 128 128
6172 00000000 128 128
6204 00004000 128 128
6208 00000000 128 128
6240 00004000 128 128
6244 00000000 128 128
6336 00002000 128 128
6340 00000000 128 128
6472 00002000 128 128
6476 00000000 128 128
6888 00004000 128 128
6892 00000000 128 128
6924 00004000 128 128
6928 00000000 128 128
6960 00004000 128 128
6964 00000000 128 128
6996 00004000 128 128
7000 00000000 128 128
7032 00004000 128 128
7036 00000000 128 128
7068 00004000 128 128
7072 00000000 128 128
7104 00004000 128 128
7108 00000000 128 128
7140 00004000 128 128
7144 00000000 128 128
7176 00004000 128 128
7180 00000000 128 128
7212 00004000 128 128
7216 00000000 128 128
7248 00004000 128 128
7252 00000000 128 128
7284 00004000 128 128
7288 00000000 128 128
7320 00004000 128 128
7324 00000000 128 128
7356 00004000 128 128
7360 00000000 128 128
7392 00004000 128 128
7396 00000000 128 128
7428 00004000 128 128
7432 00000000 128 128
7464 00004000 128 128
7468 00000000 128 128
7500 00004000 128 128
7504 00000000 128 128
7536 00004000 128 128
7540 00000000 128 128
7572 00004000 128 128
7576 00000000 128 128
7608 00004000 128 128
7612 00000000 128 128
7644 00004000 128 128
7648 00000000 128 128
7680 00004000 128 128
7684 00000000 128 128
7716 00004000 128 128
7720 00000000 128 128
7752 00004000 128 128
7756 00000000 128 128
7788 00004000 128 128
7792 00000000 128 128
7824 00004000 128 128
7828 00000000 128 128
7860 00004000 128 128
7864 00000000 128 128
7896 00004000 128 128
7900 00000000 128 128
7932 00004000 128 128
7936 00000000 128 128
7968 00004000 128 128
7972 00000000 128 128
8004 00004000 128 128
8008 00000000 128 128
8040 00004000 128 128
8044 00000000 128 128
8076 00004000 128 128
8080 00000000 128 128
8112 00004000 128 128
8116 00000000 128 128
8148 00004000 128 128
8152 00000000 128 128
8184 00004000 128 128
8188 00000000 128 128
8220 00004000 128 128
8224 00000000 128 128
8256 00004000 128 128
8260 00000000 128 128
8292 00004000 128 128
8296 00000000 128 128
8328 00004000 128 128
8332 00000000 128 128
8364 00004000 128 128
8368 00000000 128 128
8400 00004000 128 128
8404 00000000 128 128
8436 00004000 128 128
8440 00000000 128 128
8472 00004000 128 128
8476 00000000 128 128
8508 00004000 128 128
8512 00000000 128 128
8544 00004000 128 128
8548 00000000 128 128
8580 00004000 128 128
8584 00000000 128 128
8616 00004000 128 128
8620 00000000 128 128
8652 00004000 128 128
8656 00000000 128 128
8688 00004000 128 128
8692 00000000 128 128
8724 00004000 128 128
8728 00000000 128 128
8760 00004000 128 128
8764 00000000 128 128
8796 00004000 128 128
8800 00000000 128 128
8832 00004000 128 128
8836 00000000 128 128
8868 00004000 128 128
8872 00000000 128 128
8904 00004000 128 128
8908 00000000 128 128
8940 00004000 128 128
8944 00000000 128 128
8976 00004000 128 128
8980 00000000 128 128
9012 00004000 128 128
9016 00000000 128 128
9168 00001000 128 128
9172 00000000 128 128
9274 00000010 128 128
9280 00000000 128 128
9302 00000010 128 128
9308 00000000 128 128
9330 00000010 128 128
9336 00000000 128 128
9358 00000020 128 128
9364 00000000 128 128
9396 00002000 128 128
9400 00000000 128 128
9812 00002000 128 128
9816 00000000 128 128
10028 00002000 128 128
10032 00000000 128 128
10244 00002000 128 128
10248 00000000 128 128
10460 00002000 128 128
10464 00000000 128 128
10676 00002000 128 128
10680 00000000 128 128
10952 00000000 128 128
