0 00000000 128 128
150 00000008 128 128
152 00000000 128 128
300 00000008 128 128
302 00000000 128 128
450 00002000 128 128
452 00000000 128 128
1900 00004000 128 128
1904 00000000 128 128
1936 00004000 128 128
1940 00000000 128 128
1972 00004000 128 128
1976 00000000 128 128
2008 00004000 128 128
2012 00000000 128 128
2044 00004000 128 128
2048 00000000 128 128
2080 00004000 128 128
2084 00000000 128 128
2116 00004000 128 128
2120 00000000 128 128
2152 00004000 128 128
2156 00000000 128 128
2188 00004000 128 128
2192 00000000 128 128
2224 00004000 128 128
2228 00000000 128 128
2560 00000080 128 128
2568 00000000 128 128
2630 00000020 128 128
2638 00000000 128 128
2700 00000010 128 128
2708 00000000 128 128
2750 00000080 128 128
2766 00000000 128 128
2808 00000010 128 128
2816 00000000 128 128
2878 00002000 128 128
2882 00000000 128 128
3294 00002000 128 128
3298 00000000 128 128
3510 00002000 128 128
3514 00000000 128 128
4426 00000000 128 128
