0 00000000 128 128
150 00000008 128 128
152 00000000 128 128
300 00000008 128 128
302 00000000 128 128
450 00002000 128 128
452 00000000 128 128
2200 00004000 128 128
2204 00000000 128 128
2236 00004000 128 128
2240 00000000 128 128
2272 00004000 128 128
2276 00000000 128 128
2308 00004000 128 128
2312 00000000 128 128
2344 00004000 128 128
2348 00000000 128 128
2380 00004000 128 128
2384 00000000 128 128
2616 00000040 128 128
2624 00000000 128 128
2686 00000010 128 128
2694 00000000 128 128
3096 00000080 128 128
3104 00000000 128 128
3506 00001000 128 128
3510 00000000 128 128
3672 00000040 128 128
3678 00000000 128 128
3740 00000040 128 128
3746 00000000 128 128
3808 00002000 128 128
3812 00000000 128 128
4724 00000200 128 128
4728 00000000 128 128
4800 00000020 128 128
4836 00000000 128 128
4838 00000010 128 128
4865 00000000 128 128
4897 00004000 128 128
4901 00000000 128 128
5313 00000200 128 128
5317 00000000 128 128
5989 00000040 128 128
5995 00000000 128 128
6297 00002000 128 128
6301 00000000 128 128
6913 00002000 128 128
6917 00000000 128 128
11929 00002000 128 128
11933 00000000 128 128
14445 00000000 128 128
