0 00000000 128 128
150 00000008 128 128
152 00000000 128 128
300 00000008 128 128
302 00000000 128 128
450 00002000 128 128
452 00000000 128 128
900 00004000 128 128
904 00000000 128 128
936 00004000 128 128
940 00000000 128 128
972 00004000 128 128
976 00000000 128 128
1008 00004000 128 128
1012 00000000 128 128
1144 00000080 128 128
1176 00000000 128 128
1218 00000010 128 128
1250 00000000 128 128
1292 00000010 128 128
1300 00000000 128 128
1362 00002000 128 128
1366 00000000 128 128
1678 00002000 128 128
1682 00000000 128 128
1894 00002000 128 128
1898 00000000 128 128
2310 00002000 128 128
2314 00000000 128 128
2526 00002000 128 128
2530 00000000 128 128
3442 00000000 128 128
