0 00000000 128 128
150 00000008 128 128
152 00000000 128 128
300 00000008 128 128
302 00000000 128 128
450 00002000 128 128
452 00000000 128 128
760 00000020 128 128
808 00000000 128 128
830 00000080 128 128
870 00000000 128 128
892 00000020 128 128
940 00000000 128 128
962 00000080 128 128
1002 00000000 128 128
1024 00000020 128 128
1072 00000000 128 128
1094 00000080 128 128
1134 00000000 128 128
1156 00000020 128 128
1204 00000000 128 128
1226 00000080 128 128
1266 00000000 128 128
1288 00000020 128 128
1336 00000000 128 128
1358 00000080 128 128
1398 00000000 128 128
1420 00000020 128 128
1468 00000000 128 128
1490 00000080 128 128
1530 00000000 128 128
1552 00000020 128 128
1600 00000000 128 128
1622 00000080 128 128
1662 00000000 128 128
1684 00000020 128 128
1732 00000000 128 128
1754 00000080 128 128
1794 00000000 128 128
1816 00000020 128 128
1864 00000000 128 128
1886 00000080 128 128
1926 00000000 128 128
1948 00000020 128 128
1996 00000000 128 128
2018 00000080 128 128
2058 00000000 128 128
2080 00000020 128 128
2128 00000000 128 128
2150 00000080 128 128
2190 00000000 128 128
2212 00000020 128 128
2260 00000000 128 128
2282 00000080 128 128
2322 00000000 128 128
2344 00000020 128 128
2392 00000000 128 128
2414 00000080 128 128
2454 00000000 128 128
2476 00000020 128 128
2524 00000000 128 128
2546 00000080 128 128
2586 00000000 128 128
2608 00000020 128 128
2656 00000000 128 128
2678 00000080 128 128
2718 00000000 128 128
2740 00000020 128 128
2788 00000000 128 128
2810 00000080 128 128
2850 00000000 128 128
2872 00000020 128 128
2920 00000000 128 128
2942 00000080 128 128
2982 00000000 128 128
3004 00000020 128 128
3052 00000000 128 128
3074 00000080 128 128
3114 00000000 128 128
3136 00000020 128 128
3184 00000000 128 128
3206 00000080 128 128
3246 00000000 128 128
3268 00000020 128 128
3316 00000000 128 128
3338 00000080 128 128
3378 00000000 128 128
3400 00000020 128 128
3448 00000000 128 128
3470 00000080 128 128
3510 00000000 128 128
3532 00000020 128 128
3580 00000000 128 128
3602 00000080 128 128
3642 00000000 128 128
3664 00000020 128 128
3712 00000000 128 128
3734 00000080 128 128
3774 00000000 128 128
3796 00000020 128 128
3844 00000000 128 128
3866 00000080 128 128
3906 00000000 128 128
3928 00000020 128 128
3976 00000000 128 128
3998 00000080 128 128
4038 00000000 128 128
4960 00004000 128 128
4964 00000000 128 128
4996 00004000 128 128
5000 00000000 128 128
5032 00004000 128 128
5036 00000000 128 128
5068 00004000 128 128
5072 00000000 128 128
5104 00004000 128 128
5108 00000000 128 128
5140 00004000 128 128
5144 00000000 128 128
5176 00004000 128 128
5180 00000000 128 128
5212 00004000 128 128
5216 00000000 128 128
5248 00004000 128 128
5252 00000000 128 128
5284 00004000 128 128
5288 00000000 128 128
5320 00004000 128 128
5324 00000000 128 128
5356 00004000 128 128
5360 00000000 128 128
5692 00000040 128 128
5698 00000000 128 128
5730 00000080 128 128
5736 00000000 128 128
5768 00000020 128 128
5774 00000000 128 128
5806 00002000 128 128
5810 00000000 128 128
6722 00004000 128 128
6726 00000000 128 128
6758 00004000 128 128
6762 00000000 128 128
6794 00004000 128 128
6798 00000000 128 128
6830 00004000 128 128
6834 00000000 128 128
6866 00004000 128 128
6870 00000000 128 128
6902 00004000 128 128
6906 00000000 128 128
7338 00000020 128 128
7386 00000000 128 128
7408 00000080 128 128
7448 00000000 128 128
7470 00000020 128 128
7518 00000000 128 128
7540 00000080 128 128
7580 00000000 128 128
7602 00000020 128 128
7650 00000000 128 128
7672 00000080 128 128
7712 00000000 128 128
7734 00000020 128 128
7782 00000000 128 128
7804 00000080 128 128
7844 00000000 128 128
7866 00000020 128 128
7914 00000000 128 128
7936 00000080 128 128
7976 00000000 128 128
7998 00000020 128 128
8046 00000000 128 128
8068 00000080 128 128
8108 00000000 128 128
8130 00000020 128 128
8178 00000000 128 128
8200 00000080 128 128
8240 00000000 128 128
8262 00000020 128 128
8310 00000000 128 128
8332 00000080 128 128
8372 00000000 128 128
8394 00000020 128 128
8442 00000000 128 128
8464 00000080 128 128
8504 00000000 128 128
8526 00000020 128 128
8574 00000000 128 128
8596 00000080 128 128
8636 00000000 128 128
8658 00000020 128 128
8706 00000000 128 128
8728 00000080 128 128
8768 00000000 128 128
8790 00000020 128 128
8838 00000000 128 128
8860 00000080 128 128
8900 00000000 128 128
8922 00000020 128 128
8970 00000000 128 128
8992 00000080 128 128
9032 00000000 128 128
9054 00000020 128 128
9102 00000000 128 128
9124 00000080 128 128
9164 00000000 128 128
9186 00000020 128 128
9234 00000000 128 128
9256 00000080 128 128
9296 00000000 128 128
9318 00000020 128 128
9366 00000000 128 128
9388 00000080 128 128
9428 00000000 128 128
9450 00000020 128 128
9498 00000000 128 128
9520 00000080 128 128
9560 00000000 128 128
9582 00000020 128 128
9630 00000000 128 128
9652 00000080 128 128
9692 00000000 128 128
9714 00000020 128 128
9762 00000000 128 128
9784 00000080 128 128
9824 00000000 128 128
9846 00000020 128 128
9894 00000000 128 128
9916 00000080 128 128
9956 00000000 128 128
9978 00000020 128 128
10026 00000000 128 128
10048 00000080 128 128
10088 00000000 128 128
10110 00000020 128 128
10158 00000000 128 128
10180 00000080 128 128
10220 00000000 128 128
10242 00000020 128 128
10290 00000000 128 128
10312 00000080 128 128
10352 00000000 128 128
10374 00000020 128 128
10422 00000000 128 128
10444 00000080 128 128
10484 00000000 128 128
10506 00000020 128 128
10554 00000000 128 128
10576 00000080 128 128
10616 00000000 128 128
11538 00004000 128 128
11542 00000000 128 128
11574 00004000 128 128
11578 00000000 128 128
11610 00004000 128 128
11614 00000000 128 128
11646 00004000 128 128
11650 00000000 128 128
11682 00004000 128 128
11686 00000000 128 128
11718 00004000 128 128
11722 00000000 128 128
11754 00004000 128 128
11758 00000000 128 128
11790 00004000 128 128
11794 00000000 128 128
11826 00004000 128 128
11830 00000000 128 128
11862 00004000 128 128
11866 00000000 128 128
11898 00004000 128 128
11902 00000000 128 128
11934 00004000 128 128
11938 00000000 128 128
12270 00000000 128 128
