0 00000000 128 128
150 00000008 128 128
152 00000000 128 128
300 00000008 128 128
302 00000000 128 128
450 00002000 128 128
452 00000000 128 128
700 00000080 128 128
740 00000000 128 128
742 00000010 128 128
782 00000000 128 128
784 00000080 128 128
864 00000000 128 128
866 00000040 128 128
882 00000000 128 128
884 00000080 128 128
948 00000000 128 128
950 00000010 128 128
1850 00000000 128 128
1852 00000020 128 128
2152 00000000 128 128
2154 00000010 128 128
3054 00000000 128 128
3086 00004000 128 128
3090 00000000 128 128
3122 00004000 128 128
3126 00000000 128 128
3158 00004000 128 128
3162 00000000 128 128
3194 00004000 128 128
3198 00000000 128 128
3230 00004000 128 128
3234 00000000 128 128
3266 00004000 128 128
3270 00000000 128 128
3302 00004000 128 128
3306 00000000 128 128
3338 00004000 128 128
3342 00000000 128 128
3374 00004000 128 128
3378 00000000 128 128
3410 00004000 128 128
3414 00000000 128 128
3476 00000040 128 128
3492 00000000 128 128
3494 00000080 128 128
4394 00000000 128 128
4396 00000010 128 128
5296 00000000 128 128
5328 00004000 128 128
5332 00000000 128 128
5364 00004000 128 128
5368 00000000 128 128
5400 00004000 128 128
5404 00000000 128 128
5436 00004000 128 128
5440 00000000 128 128
5472 00004000 128 128
5476 00000000 128 128
5508 00004000 128 128
5512 00000000 128 128
5544 00004000 128 128
5548 00000000 128 128
5580 00004000 128 128
5584 00000000 128 128
5616 00004000 128 128
5620 00000000 128 128
5652 00004000 128 128
5656 00000000 128 128
5718 00000010 128 128
6618 00000000 128 128
7020 00000000 128 128
